[  16.01467669   16.12728805   16.24024674   16.35353156   16.4671669
   16.58111821   16.62948295   16.65848654   16.68752783   16.71657847
   16.74566277   16.77478075   16.80392837   16.83309345   16.86228412
   16.89151665   16.92077072   16.9500504    16.97934857   17.00869479
   17.03805543   17.06744988   17.09685873   17.12631573   17.15440523
   17.18036035   17.20631924   17.23231057   17.25829642   17.28431061
   17.31033364   17.336385     17.36243078   17.38850078   17.41458778
   17.43998964   17.4652983    17.49062225   17.51596972   17.54132834
   17.56669398   17.5920666    17.61755489   17.65923973   17.70099573
   17.74280949   17.78471321   17.82667066   17.86870685   17.91079893
   17.95298035   17.99521151   18.01467058   18.02885535   18.06655327
   18.50163293   18.93813163   19.21269097   19.10342875   18.99369623
   19.23092595   19.76432281   20.2994526    19.77654405   18.95806244
   18.15861361   18.18650085   18.21440644   18.28862585   18.48963384
   18.69123205   19.09681497   19.6989528    20.30306255   20.31265181
   20.12623139   19.93909094   19.29794977   18.64987184   18.3262656
   19.04822154   19.77201581   20.21566446   20.35490714   20.49448537
   19.73624467   18.63098186   17.52280316   17.35976364   17.23054205
   17.31327769   18.20779575   19.10459258   19.23345872   18.42117563
   17.6067371    17.13902389   16.82500326   16.51015083   17.09024987
   17.73399169   18.39567623   19.13469537   19.8755909    19.9021683
   18.93820851   17.97171454   18.13063666   18.86534661   19.60185157
   20.13940033   20.65713489   21.0915524    21.03687871   20.98200441
   20.80934671   20.45185407   20.09341778   20.34675705   20.95758176
   21.56989713   22.1092554    22.63924173   23.08026539   22.84066428
   22.60041362   22.20335047   21.5263641    20.84742382   20.44582911
   20.22799086   20.00957741   20.22532678   20.52160341   20.7806386
   20.64211061   20.50320194   20.45485645   20.59159726   20.72862487
   21.2753127    22.13008752   22.98688225   22.77486587   22.31788081
   21.87805274   21.74167174   21.60491726   21.70284744   22.35218648
   23.00305951   23.39238371   23.55973993   23.72742999   23.41645948
   22.9726227    22.53903963   22.52185638   22.50458671   22.15918863
   20.9201519    19.67809572   18.87592055   18.49550963   18.11414283
   18.78127078   19.79314221   20.80739953   21.73434935   22.66315297
   23.27411257   22.86594073   22.4567322    22.25698004   22.28373652
   22.31053763   21.93265086   21.39921751   20.86446096   20.57424943
   20.29191283   20.20675406   20.8726702    21.54014198   21.993018
   22.1836464    22.3746646    22.72599805   23.14886657   23.57271012
   22.99202532   22.34103492   21.67603291   20.95216695   20.22653357
   20.20584951   21.1587589    22.11389825   22.39838843   22.34152528
   22.2844614    22.43044696   22.59791996   22.75828826   22.87606809
   22.99386795   22.83667442   22.25155908   21.66510753   21.44125203
   21.42780992   21.41430194   21.3235159    21.22153448   21.27588938
   22.50050242   23.72778937   24.55937497   24.68552266   24.81193148
   24.62290305   24.22537749   23.82693348   23.75318057   23.73947339
   23.68274765   23.17968629   22.67541755   22.43910305   22.74849344
   23.05855833   23.70067978   24.5917471    25.48484246   25.03659468
   24.28232374   23.52747265   22.79056434   22.05193868   21.6619559
   22.08947712   22.51794321   23.20051365   24.09839176   24.99827384
   25.12913847   25.04870689   24.98452958   25.50076423   26.01813187
   26.48213387   26.79964313   27.11783957   27.20182346   27.06219829
   26.92220534   27.11023867   27.40539713   27.70116671   27.60505361
   27.50762111   27.42883286   27.40988902   27.39082543   27.17907703
   26.75974718   26.33942647   26.34194919   26.50566895   26.66971491
   26.66591571   26.65635208   26.67636265   26.80842839   26.94072326
   26.39322799   25.01878938   23.64119345   23.10320573   22.935361
   22.76709654   22.77369278   22.79208332   22.8757145    23.25861631
   23.64234649   23.86346593   23.86083148   23.85814995   23.25783669
   22.35390218   21.44788441   21.13253715   20.87743981   20.63728607
   20.48533503   20.33302142   20.72888308   21.97862544   23.23114577
   24.21237782   25.03700947   25.86334514   26.60571179   27.33752294
   28.03994386   28.51451039   28.99007775   28.98166922   28.1154817
   27.24760877   26.56549443   26.00510709   25.44364414   25.15449999
   24.91435309   24.70577239   24.82720033   24.94872255   25.26154928
   25.96154495   26.66321774   26.82055645   26.57211824   26.3233431
   25.96707437   25.58592908   25.30848293   26.70904613   28.11223956
   29.50201288   30.85675945   32.21460058   32.51211932   31.9167968
   31.32049716   29.67342898   27.73691698   25.8773565    26.78673143
   27.69771295   28.63173573   29.62505321   30.62010564   31.27879169
   31.61763508   31.95735442   31.21762308   30.12688      29.03393488
   28.64819917   28.26276252   28.06693655   28.47241356   28.87848046
   29.74544927   31.10729699   32.47195272   33.29332108   33.90951203
   34.52714233   34.96039524   35.38798442   35.62189746   35.12563424
   34.6281503    34.27871986   34.10901225   33.93874173   33.59997423
   33.1870216    32.77307854   33.00968241   33.28992361   33.6096413
   34.10574445   34.60276029   34.44001472   33.37406082   32.30555915
   31.63029768   31.15316937   30.67475256   31.14432562   31.71151926
   32.0676626    31.21930571   30.36918521   30.11184059   30.77545139
   31.44008751   32.49033844   33.76421784   35.0403144    34.77163945
   34.28585642   33.92913144   34.52680244   35.12564877   35.63726361
   35.9931892    36.34978255   34.96162598   32.42953891   29.89205575
   29.20733374   28.85639082   28.6084113    29.4121505    30.21756564
   31.2868056    32.88548415   34.48732815   35.6884981    36.59262359
   37.49835991   35.61447472   33.10139531   30.64523573   29.16800497
   27.68794635   27.45419756   30.11143506   32.77394651   34.11883051
   34.35749242   34.59653594   33.90881708   32.96848213   31.96276971
   28.85550751   25.74223917   23.85929676   25.29195358   26.72777855
   29.07191875   32.27679876   35.48813903   35.73081677   35.01498006
   34.29764293   32.362964     30.42366534   28.51050301   26.68895222
   24.86371245   25.29148654   28.12722615   30.96867406   33.80342058
   36.63879136   39.47983722   37.8842254    36.1430273    34.83023081
   35.12885874   35.42818829   35.72211538   36.00918505   36.29690103
   35.496612     34.21876671   32.93602607   31.87508541   30.82710122
   30.31664481   32.24799722   34.18254777   35.9474157    37.47934851
   39.01387288   40.63150222   42.29213628   43.95549245   45.01294206
   46.01034283   46.71941101   45.79263377   44.86436754   43.53147795
   41.57468915   39.6146156    38.73873387   38.48494069   38.23035369
   36.76605802   35.1314655    33.41793226   31.14833962   28.87442708
   28.01499246   29.64202113   31.27163214   34.03346625   37.53552261
   41.04398543   41.94102433   42.37050213   42.86748412   44.03417308
   45.20326258   45.8464142    45.43340976   45.01941812   43.81215128
   42.0175648    40.21949666   40.37618645   40.96907305   41.47574517
   40.61711734   39.7565812    38.9422473    38.23533402   37.52720094
   36.45141123   35.06746809   33.68137991   32.94077489   32.37382982
   31.7536165    29.46522229   27.17288972   25.44167519   25.21601466
   24.9897137    25.69615699   27.28233205   28.87132037   31.58976439
   34.67344069   37.76240774   39.65733733   41.55528948   43.23853343
   44.24194575   45.24742777   45.99087572   46.45570963   46.92125076
   47.19108195   47.3879389    47.58346886   46.71152454   45.80440868
   45.06052033   44.92639212   44.79196028   45.47239321   47.13213547
   48.79444478   49.09392452   48.7993409    48.50466372   48.22255824
   47.94111405   47.45618939   46.05920086   44.66007174   44.32863811
   45.44853941   46.56985466   46.1363593    44.92417417   43.7099967
   43.50077689   43.3911749    43.09187218   41.73163807   40.36880035
   38.34741614   35.31314683   32.2741561    31.73689405   32.6297672
   33.52416216   36.43131261   39.6200039    42.57515518   43.81310142
   45.05278232   46.20896682   47.21741182   48.22725157   49.02757324
   49.6914368    50.35677802   49.71523162   48.83925622   48.22087054
   50.17474531   52.13189075   53.90392839   55.30294812   56.70456384
   57.05678833   56.63733543   56.21677384   55.47446926   54.66127763
   53.83735879   52.8721078    51.90471811   51.35584088   51.7681815
   52.18148365   51.40467517   49.6361886    47.86490424   43.81738467
   39.15335696   34.47480485   29.5738481    24.6649089    21.22223286
   21.69346354   22.16540724   25.27572244   30.86764781   36.46865563
   40.46402206   43.95073389   47.44117429   48.09443139   48.74877616
   49.56502543   50.88256812   52.20221726   53.16065124   53.73490145
   54.3105031    54.71173045   55.0487656    55.38607207   54.95868441
   54.50768061   54.04351531   53.53452063   53.02416447   51.03073239
   47.26138465   43.48585116   39.57382616   35.59654681   31.61359372
   27.06611238   22.47642718   19.19093264   21.75639532   24.32580955
   27.99255634   33.14287263   38.30079198   42.654319     46.61051242
   50.5720874    53.48310645   56.29382179   58.69718166   58.81861073
   58.94002178   59.49343214   60.70807167   61.92496971   63.06682311
   64.16608231   65.26745588   66.31926344   67.36592845   68.22176071
   67.70356057   67.18492655   66.82263443   66.73472665   66.64615427
   67.77665014   69.69627388   71.61859098   70.60286174   69.06582862
   67.67600307   67.74900772   67.82358326   68.51540431   70.43433245
   72.35662844   73.37509715   73.7308065    74.08732589   74.33879827
   74.56810579   74.82502669   75.50416041   76.18397343   76.5890851
   76.36498796   76.14002292   75.98568533   75.88880807   75.79236052
   76.35383749   77.09205227   77.70373297   74.43597831   71.1631333
   68.9836704    69.70766649   70.43323415   72.45847564   75.70178202
   78.94966385   79.58905285   79.40112704   79.20936215   77.39414595
   75.57539556   73.68116269   71.55682476   69.42943534   70.23920546
   74.1524696    78.07215307   78.67226372   78.03718665   77.40155328
   75.84184714   74.25338137   73.01960676   73.09818354   73.17676062
   73.48405479   74.06480125   74.64576298   73.4645913    71.52084061
   69.5744516    70.61514243   71.84364472   72.87357816   73.01263991
   73.15243681   73.00349603   72.46449853   71.92521784   70.52431548
   68.69506464   66.86276581   67.43364759   68.23973516   69.25715414
   71.43632297   73.61821716   74.56294529   73.61649941   72.66860282
   73.41938869   75.13328062   76.85027342   76.30281239   75.44907667
   74.48601061   72.75445304   71.02072887   68.8063289    65.76042812
   62.70996743   58.97912122   54.80796679   50.62993787   50.48326892
   51.0443397    52.02102206   57.03299762   62.05234337   65.81152137
   67.06455093   68.31999227   69.57357152   70.82688267   72.08220101
   73.78754339   75.5917639    77.23672462   76.4758847    75.71440171
   75.14611511   75.02060226   74.89439994   75.3298605    76.22905864
   77.12926897   77.02337218   76.6495232    76.26734108   75.63813181
   75.00843048   74.42384817   73.96003894   73.49586644   74.68577657
   77.41889761   80.15617965   81.84044288   83.19448296   84.5387753
   81.88359647   79.22447202   77.24216534   77.35429012   77.46594966
   78.0570592    79.15176292   80.24850913   80.1492903    79.60695686
   79.06401255   78.28582843   77.50042801   77.03968047   77.76885493
   78.49958508   79.6643392    81.34618265   83.02996657   84.1830677
   85.10936726   86.03640324   85.19299716   84.23944155   83.382648
   82.95403024   82.52496886   81.09372624   78.31701727   75.53690705
   75.10591025   75.83610495   76.56725793   77.37483715   78.191428
   79.00222155   79.77893633   80.55673072   81.3708226    82.24057922
   83.11081087   83.13667825   82.67539976   82.21399543   82.8203305
   83.5704937    84.33567639   85.20098538   86.06733141   85.73940977
   83.3468143    80.95277981   79.48757415   78.61906999   77.74937761
   78.17780076   78.83307587   79.57899437   81.19477037   82.81199693
   84.32038264   85.61401736   86.90868602   87.65129732   87.99163981
   88.33246534   87.2257693    85.80322285   84.52542251   85.37474033
   86.22439272   87.47325287   89.62416337   91.77728507   91.09263
   88.07401197   85.05296163   80.34821203   75.19647316   70.40223505
   75.9464412    81.49575144   85.87223486   87.16584544   88.46125407
   88.22759607   86.57382655   84.91815369   84.69923992   84.93166936
   85.16956806   87.00015106   88.83222529   90.52094187   91.7682238
   93.01608674   92.69112418   90.71772717   88.74293256   87.48957932
   86.50077385   85.51147436   86.37162523   87.28246123   88.09212812
   88.53045127   88.96959246   88.39107521   86.60999734   84.82742583
   85.56488686   87.38025978   89.19710782   91.81967202   94.4933399
   96.25235373   93.99224823   91.72941322   88.72244742   84.72080072
   80.71532011   80.09187021   81.1314511    82.17160984   85.47516216
   88.99695055   91.91386616   91.53098699   91.14738569   90.67932028
   90.08297814   89.48649761   88.58212696   87.5039502    86.42528089
   83.91317943   81.20887795   79.05821118   80.77885436   82.50101997
   83.70214472   84.00710012   84.31222806   82.37829722   79.01289927
   75.64440084   73.58244505   71.74533335   70.21567837   71.62691399
   73.03876864   73.51048544   72.13421937   70.75487335   71.14742947
   72.82434155   74.50239555   77.19211037   80.10176093   83.12055477
   87.6739097    92.23125239   95.61698101   96.35544243   97.09496961
   95.80658027   92.85522002   89.90196994   85.7384852    81.25528812
   77.08396043   81.72517935   86.3700158    89.91428201   90.58421869
   91.25445139   91.31155654   90.8021873    90.29206522   85.48664696
   79.33742338   73.18767467   68.02053529   62.84904581   60.35040195
   66.00975451   71.67340906   76.88646919   81.6282112    86.37361682
   88.66217432   90.05060557   91.4400475    89.03971791   86.53816075
   85.37324506   89.04587432   92.72185291   94.97481888   95.55009165
   96.12313098   97.24875686   98.6110579    99.97353513  101.72507469
  103.50057328  104.55866921  102.48375759  100.4069658    98.9101864
   98.18727449   97.46339402   96.11314907   94.45479746   92.79572853
   92.70701575   92.7657553    93.18715768   95.56068001   97.93580104
   97.24231096   91.92022053   86.59439043   83.80853766   82.44315783
   81.07658547   84.46315523   88.47771015   92.02835308   92.35233035
   92.67692532   92.98222517   93.25507469   93.52847213   94.82033179
   96.76112441   98.7030477    97.61628754   96.00822879   94.47561833
   93.6648307    92.85303648   91.9967107    91.05406507   90.111011
   91.07268282   93.41045699   95.75037995   98.01670951  100.26848032
  102.15561289   98.8521329    95.54634252   93.98820986   96.35321534
   98.72063614  100.1997938   100.95523083  101.71083189  101.29912403
  100.58314504   99.91483557  100.55972957  101.2054273   101.52654462
  101.00619699  100.48469324   99.70030668   98.67268514   97.64423139
   97.7130111    98.1224089    98.54673018  101.63328622  104.72151197
  106.17295807  102.65013563   99.12483133   98.49044412  100.8648174
  103.24131337  104.81211954  106.08968959  107.3685339   106.78086515
  106.14546732  105.01671278  102.11352725   99.20783511   97.3229447
   96.63688599   95.94989656   95.69049264   95.61233448   95.53360982
   97.08368252   98.72957023  100.20813023  100.96090711  101.7135247
  101.85039174  101.16924977  100.48768441  102.06311129  104.74027436
  107.41964436  109.35247645  111.2164908   112.66787248  111.89678821
  111.12559542  109.07417596  105.10004314  101.1233111   102.37165517
  106.53526437  110.70219683  111.21325779  111.24780433  111.01398631
  108.93528243  106.85441099  105.83551926  106.63154751  107.42759511
  107.62989945  107.45539034  107.28017868  108.67606392  110.34032147
  111.88940885  112.35360719  112.81821317  113.88817874  116.13506011
  118.38384565  118.83353675  117.98860203  117.14344135  117.10283036
  117.23324806  117.24219368  115.53888391  113.83470281  112.50634141
  112.02123455  111.53601182  111.65728053  112.27286285  112.88896551
  112.51151021  111.87693611  111.17693463  108.78082094  106.3823649
  104.17705215  102.47370114  100.76855322  100.50889156  101.57730661
  102.64604438  103.08880885  103.33715739  103.60748772  107.13925189
  110.67383143  113.16627172  112.50652718  111.84667658  111.57794732
  111.71390888  111.85043175  110.99134856  109.77079904  108.54855223
  107.59217435  106.64180902  106.01431334  106.545145    107.07642907
  107.58515506  108.06884096  108.5527716   110.6700487   113.47619653
  116.28461254  116.23658699  116.02462776  115.50668264  113.66896001
  111.82939804  111.6246007   113.58097343  115.53833073  115.6703183
  114.9145705   114.15852423  114.7432063   115.45224874  116.06497051
  116.16158973  116.25875832  115.36403319  112.98525304  110.60561931
  109.28003414  108.53969582  107.79824914  108.43313448  109.24620302
  110.20552336  112.16067909  114.11713637  115.00782607  114.08728497
  113.1657887   112.45650158  111.87987745  111.30321388  111.58042854
  112.00173259  112.40478181  112.63266181  112.86028554  113.0318871
  113.09329719  113.14687275  113.91771753  115.20640003  116.49498096
  118.12165263  119.82183493  121.33175382  120.20533232  119.07928235
  118.38683317  118.65960962  118.93334519  119.09502896  119.16636113
  119.23813552  119.77557876  120.43325391  121.05499755  120.73588539
  120.41631678  120.04632099  119.54437954  119.04311501  119.06394949
  119.56137561  120.05997181  119.61688135  118.88305758  118.14886668
  117.28918609  116.4281925   115.7268117   115.50298829  115.27913176
  115.46618157  116.07663319  116.68728003  115.12888229  112.78541152
  110.44050988  110.64689007  110.91304458  111.65685714  114.09945523
  116.54104593  117.43905443  116.53678616  115.6332012   116.46409453
  118.02327773  119.58223938  120.73632705  121.86758764  122.27617295
  119.59150029  116.90522625  113.91031659  110.51025964  107.108409
  107.13760222  108.82525657  110.51342026  112.77750866  115.09547557
  117.16514509  117.92490526  118.684985    118.59058008  117.22484151
  115.85849502  115.03235761  114.50603876  113.97952396  115.05065394
  116.32752287  117.37656446  116.88505026  116.3938181   115.98091652
  115.70108254  115.42170829  115.68984927  116.30239335  116.91587478
  117.02570681  117.05034296  116.87840449  114.90266795  112.92698194
  111.50472662  111.15187947  110.7996583   111.09403922  111.84888445
  112.60465614  112.3624637   111.91017591  111.58659013  113.00392595
  114.42158607  115.36011658  115.23531022  115.10998599  116.29722635
  118.5431273   120.78931092  121.77876153  122.4450494   123.08793268
  123.11435991  123.13986487  122.56155085  120.43434723  118.30542681
  116.2359789   114.22019574  112.20287405  113.01649318  114.69683208
  116.36746811  116.80666849  117.24581436  117.77420233  118.57131671
  119.36861928  119.83068903  119.94928148  120.06786539  120.4277216
  120.87572071  121.32299092  122.02336584  122.72970493  123.33754805
  123.60012738  123.86295236  123.37184869  122.00721856  120.64190487
  120.14589957  120.01368754  119.88117105  120.96568287  122.11830808
  122.61407192  120.31283958  118.01143821  116.30898072  115.39159288
  114.47467521  115.79384698  118.1909683   120.58914213  121.44969595
  122.17316358  123.01798898  124.49718343  125.97747292  127.08479676
  127.63681024  128.1893432   127.94821146  127.27114278  126.59450104
  125.46316135  124.27291154  123.13253231  122.32424299  121.51470064
  121.02565961  121.07465155  121.1245131   122.59572842  124.95705839
  127.32014808  128.91605531  130.38403477  131.47149603  129.11522158
  126.75718524  125.47804387  126.27422897  127.07026647  127.26623971
  127.03494162  126.80282209  125.87022443  124.79048627  123.83431955
  124.55196367  125.26992785  125.97363929  126.64869688  127.32319966
  128.14358316  129.08097555  130.01801892  130.75918196  131.4507304
  132.01758544  129.5397969   127.06121129  125.20572429  124.94328897
  124.68101629  124.726898    125.05425533  125.3817013   124.70872573
  123.73229053  122.77121099  123.50774423  124.25488787  124.72634944
  124.37991597  124.03338475  123.23141549  121.96394319  120.69587382
  120.71257271  121.18978935  121.66762766  122.02350338  122.37706587
  122.34873403  120.97448921  119.60015901  118.64620092  118.1779615
  117.71029137  114.87563296  111.05362037  107.23003326  103.69640967
  100.17551972   96.15345726   90.01272289   83.86842272   83.26925266
   89.92123936   96.57765348  101.79608002  106.32574781  110.85835979
  110.36812236  109.43056608  108.82483936  109.95087861  111.0768309
  112.75508344  115.24865127  117.74286919  119.900902    121.87464438
  123.84865271  123.27705305  122.38426899  121.40331205  119.83680598
  118.2686668   117.20550653  116.98992213  116.76801927  116.57345234
  116.39627315  116.21857347  120.89563925  126.37827519  131.3740428
  132.00182192  132.62991117  132.4805266   130.84403995  129.20668723
  128.3243377   127.97861634  127.63269986  128.65218763  129.95739599
  130.95658071  127.90941236  124.86101145  123.05158503  123.96933506
  124.88798442  126.34876875  128.24416178  130.14102005  126.17751362
  120.72807024  115.46260443  114.64083896  113.81954968  113.3712277
  115.91789725  118.16831185  120.94091855  124.33832088  127.25072641
  128.85345431  130.03636921  131.23704847  128.7903864   126.23305937
  123.38663726  122.21735717  120.42153489  119.64194371  119.64409014
  119.2780131   122.81649817  127.70385626  131.43531231  131.55110366
  131.30092316  131.66373084  132.26566233  132.78748497  133.83764418
  133.34903674  132.43189717  130.7483597   129.13941638  127.67908558
  123.83221179  120.3058549   118.20629159  122.82886946  128.40237322
  130.98363808  131.00830591  131.03193238  129.49609809  127.21527846
  124.93259842  125.18625149  125.66203986  125.53993364  126.69293918
  128.4530852   129.51607452  129.75393024  130.08747586  128.70942234
  126.51697173  125.07522081  122.33364382  119.72724424  116.64202985
  115.93039327  114.35545773  115.28128363  119.81723996  124.11920618
  126.61894466  126.32494907  126.03083291  126.19553585  125.55073013
  125.70211627  126.09486636  127.38121548  127.82368918  125.43780644
  123.05173895  121.09098024  119.60991264  118.5481149   117.39733082
  116.44478279  115.33533698  117.74060188  120.14634168  121.47952057
  120.46311064  119.44724502  117.92403591  115.99482432  114.06576118
  114.12655423  114.68831723  115.26643249  116.20205065  117.1372443
  118.19572635  119.54896791  120.90218262  121.86335483  122.47206771
  123.0798402   123.82201666  124.60468192  125.40292995  127.62302816
  129.8441202   130.90444919  128.54586622  126.18730046  123.6438754
  120.91240252  118.18184992  115.96172029  113.9226641   111.88362503
  118.45311444  125.19045403  130.2982034   129.73469704  129.17092553
  127.50563037  124.57671149  121.64782609  122.2685142   124.35168268
  126.4343637   128.4302492   130.42157864  132.24699373  133.37929129
  134.5118851   134.89206669  134.29770885  133.70334782  131.07799224
  127.48775307  123.89825548  124.31789463  125.08510849  125.75112113
  125.8441477   125.9371731   125.94491577  125.82493924  125.70492991
  125.13159771  124.31149638  123.49125923  120.84966272  117.98153521
  115.81725036  118.25379666  120.69068562  122.91656197  124.79160068
  126.66620888  127.86843205  128.65442924  129.4405251   130.58042561
  131.77872716  132.70053837  131.20179395  129.7028182   127.51775119
  124.02962254  120.541418    120.8214331   123.7489002   126.6767699
  127.27124817  127.38700005  127.36429514  125.55962108  123.75390344
  122.65084905  123.07888307  123.50696268  124.89954608  127.06009311
  129.21996551  130.61168596  131.81086597  132.93565267  132.35740452
  131.78013048  130.43993395  127.1823949   123.92439044  121.92929235
  121.06752834  120.20563142  120.28449459  120.6439235   121.0138756
  122.25147181  123.48922233  124.68244713  125.74587114  126.80840893
  126.52013952  124.86343152  123.20648496  122.24912511  121.53885509
  120.82778919  121.03913708  121.26772513  121.38315309  121.10736045
  120.83216395  120.87042908  121.2671872   121.66397641  121.39932288
  120.86344159  120.32792878  121.85121435  123.47929828  125.16833868
  127.10994099  129.05174596  129.7294845   128.77366887  127.81693463
  124.79326831  120.79198869  116.79025254  110.47557605  103.96291812
   98.77510805  100.35670481  101.93846311  103.16006293  103.85455893
  104.5499779   109.28590322  116.2109807   123.13679357  123.74186331
  123.57241327  122.43230139  114.98804047  107.54291924  104.06483834
  107.16392426  110.26332731  114.17415904  118.58500761  122.99607317
  121.49038958  119.03032223  116.82713345  116.85676298  116.88628603
  117.56217855  119.46076665  121.35953813  123.11897849  124.78125047
  126.44400304  124.7119966   122.28881966  119.82672083  116.8735218
  113.91976176  112.45257336  114.20574293  115.95906368  118.79081425
  122.47739553  126.16430569  125.46263509  123.66635826  122.02430196
  123.84019842  125.65624757  127.22275103  128.16538638  129.1070363
  127.19092915  122.7157482   118.24014797  116.01034338  114.45089843
  112.97163397  117.62657242  122.28191368  125.28286701  123.45394859
  121.62485371  121.97103053  124.50926849  127.04766493  128.58668167
  129.77468254  130.96277237  130.80861184  130.63031055  130.33598022
  129.64277724  128.94949959  127.50217158  125.19685791  122.89120882
  122.46545474  121.86308408  119.70083592  118.90534618  118.7806461
  119.28979164  123.70505695  127.38054965  128.66154514  128.17119632
  125.89139391  121.06526514  115.12774303  107.99531548  106.26781013
  105.62106767  103.58171561  104.00912904  103.35063193  104.85460273
  110.38902311  114.05790344  116.72458245  118.14062817  118.34948327
  121.90547883  125.57045719  127.97374265  126.29280994  124.43300035
  123.20099325  124.19005095  125.20492831  127.65817185  130.62943795
  134.02568626  134.91183667  135.34063798  135.79208732  134.81266606
  133.7134767   131.70825791  128.15227441  124.37888157  122.92951199
  123.14517278  123.28342974  125.36127593  127.93069054  130.95535553
  132.96056557  134.86523015  136.14217413  136.06184682  135.98253646
  136.13443172  136.46963078  136.80483512  135.63458879  134.09182948
  132.58111421  131.74604659  130.91091318  130.52129239  131.24108464
  131.96090531  131.21645879  129.16460303  127.11255466  123.85512508
  120.2403304   116.67561288  116.75660351  116.83858147  118.09365478
  122.75624856  127.41914277  130.38982144  131.65739663  132.92600522
  131.79639801  129.82910561  127.86166826  126.9239028   126.00356714
  125.71407855  127.58269719  129.4510466   129.88763242  128.69747221
  127.5072207   127.89499437  128.92459951  129.95365335  132.32714132
  134.76621764  136.95360791  138.10659818  139.26024654  139.57501983
  138.8163795   138.05767633  136.33870117  134.16901037  132.00018967
  130.80552796  129.69180706  128.53331937  127.14934754  125.76527809
  124.41690972  123.11772329  121.81844568  124.27501091  128.75139759
  133.22803173  133.82854552  133.96356912  133.95361381  133.0165075
  132.07933202  131.42775008  131.24725182  131.06616085  131.48261031
  132.26543751  133.04956511  131.50495421  129.59027239  127.79503943
  127.02093235  126.24674743  125.43761437  124.56295658  123.68858825
  123.47501478  123.71914227  123.96327453  125.20338535  126.6440035
  127.6943212   123.94174068  120.18791022  117.92550979  118.87197131
  119.81849238  120.94221782  122.20623492  123.12702846  125.64107253
  127.36805639  129.80641583  130.64395203  131.79725197  131.77950523
  130.70121287  130.49293431  129.53733056  129.09069151  128.7655106
  128.54053473  129.14778542  130.06342769  128.67555898  128.11829478
  127.43814924  126.20394748  125.45869013  124.37960281  123.64211398
  122.63015307  124.84021249  128.21971986  131.32567739  134.30323904
  136.54488034  137.97002124  136.62387314  135.27715218  132.67309279
  128.64587458  124.61873744  125.71256248  128.87703059  131.7504249
  130.30190668  128.95272802  127.7190414   125.02679828  123.00068948
  124.46257522  128.45847695  132.30465989  132.41924488  130.59353583
  128.76896653  128.66396873  128.70073302  128.92185502  130.06770131
  130.49008112  131.30953572  131.14678083  130.61758637  129.55491462
  128.20668622  126.85926665  124.68363332  122.4094536   120.74779871
  122.40439744  125.18655975  126.58106621  126.58522952  126.16995785
  127.8579814   129.13500881  130.94934637  130.82161229  129.56707794
  128.52758769  129.30196314  129.47823246  129.67676377  129.53157821
  129.75086894  129.93860642  129.98823596  130.03784459  129.90092595
  129.58317749  128.54508812  128.23429658  127.44137637  126.61758208
  126.21979311  125.82095034  126.12797355  126.98748758  127.84692364
  126.85386596  125.40678026  124.07394121  125.14151849  126.2090019
  127.57639779  129.68475664  131.79176673  132.85997583  133.00927669
  133.15854844  132.49723592  131.59579873  130.66473775  127.89841472
  125.13237528  123.62674413  125.74700592  127.86643533  128.93708148
  128.96079125  128.98448083  128.91086008  128.80237904  128.69504948
  130.10584572  131.53885769  132.55095213  132.13460003  131.71839884
  131.29555729  130.86463311  130.43373987  131.40180516  132.9331977
  134.46552135  134.42387951  134.30840157  134.00909324  132.96113612
  131.91413053  131.36190893  131.43892169  131.51590742  131.38771555
  131.16379833  130.94066094  130.23361604  129.48735606  128.80565865
  128.44308106  128.08169433  127.93463526  128.09622245  128.25777267
  128.2680005   128.19839393  128.12918501  128.89917547  129.76787576
  130.58240578  131.05768799  131.53390218  131.72712109  131.45775201
  131.18839762  130.35710677  129.18564122  128.01428025  125.10246495
  121.9176918   119.21886278  120.57473308  121.93110851  123.18283885
  124.23966248  125.29640895  126.47001378  127.72607881  128.98205388
  127.47647709  125.42120767  123.52053057  123.4785088   123.43647204
  124.56240088  128.17555626  131.78727156  133.63171079  134.09616104
  134.56056423  134.82103531  135.03096321  135.05851147  131.33787878
  127.6174573   125.06098548  125.36384537  125.66608948  126.54852094
  127.94175312  129.33487865  128.57095356  127.17650861  125.8112793
  126.13726649  126.46321454  127.29587393  129.57775325  131.85956202
  132.84589905  132.54218796  132.23847814  130.90181024  129.2084471
  127.51632775  127.15547867  126.81354819  126.48041032  126.17591956
  125.8680896   126.10889567  126.96655223  127.82406679  128.30888886
  128.64389413  128.9796049   129.07326298  129.15582668  129.16230104
  128.86033787  128.55959887  127.5591406   125.67241702  123.78595372
  122.57420047  121.67588632  120.77808673  121.99425145  123.37911127
  124.71209698  125.78942005  126.86755063  127.26589122  126.68976605
  126.11370937  126.96148519  128.5672172   130.17274677  131.00993486
  131.7575776   132.36314198  132.08450759  131.80657679  131.17056077
  129.95185917  128.73332595  127.64224176  126.62991033  125.61715078
  125.37235011  125.24692314  125.23557342  126.17244232  127.1094255
  128.16948892  129.45791881  130.74580055  131.067468    130.72758273
  130.38773723  129.33316845  128.13772592  126.96271618  126.04283506
  125.12309615  124.65807511  125.15849259  125.65820905  124.72382221
  122.67485536  120.62623187  120.04602282  119.82055389  119.73360631
  122.39326361  125.05242993  127.27129782  128.41123965  129.55106896
  130.47587661  131.21145029  131.94687249  132.81805901  133.72748378
  134.60378826  133.54744338  132.49126976  131.642893    131.38600011
  131.13000887  130.85892469  130.5727      130.28650811  130.98209253
  132.01493195  133.04840805  132.69868962  132.33090338  132.0209015
  131.90321722  131.78678749  131.84639791  132.10294006  132.35942404
  128.26271453  114.64061456  102.50650931   90.70646239   84.42040292
   89.66855269   92.60725006   96.67560254   98.3815502   102.23235138
  106.43525212  113.07186487  120.46984744  124.71357452  124.87151907
  117.59968036  111.79009865  112.28019919  108.7337055   114.23121849
  111.42130604  114.92422159  119.20664029  113.97670239  118.00606718
  118.45650829  113.98904222  117.96582418  119.65715125  116.18234554
  119.18276526  119.20998798  115.02484713  114.85325625  115.26651089
  113.42798332  113.39986342  116.57120999  117.76463951  119.89716977
  122.87016497  124.52480681  124.51306046  124.50159974  124.52455068
  125.54166333  126.61638597  127.20327409  127.68614386  126.08302472
  127.4835892   128.76443156  130.33579177  130.0658002   129.74581501
  128.15816217  127.70973562  125.79256576  124.43539809  126.08374457
  127.9242186   129.54154732  129.74252559  128.53407878  127.38525069
  125.39461958  126.68972035  129.27369374  130.79109837  130.09853277
  129.96090581  129.76756045  129.34466117  129.25318234  129.82672099
  130.59386413  132.11043061  133.57254179  133.80875933  134.71528794
  134.16106335  133.34752998  132.53457751  132.52097482  132.51692334
  132.63234353  133.1449149   133.65845238  132.99718372  133.51068079
  134.52716756  133.22087056  131.55749342  129.91259401  128.12687488
  127.13971119  127.03064815  126.43895633  125.98610281  125.73535851
  125.28120026  124.62005407  123.06259507  121.90751669  120.48544999
  122.34027555  124.27828361  124.40810568  124.75902525  124.95623402
  126.19598737  125.94061016  125.88735722  126.61898186  127.63117123
  127.51015294  127.37987125  127.11307765  127.18032878  128.39740163
  128.13158251  127.38153097  126.22602375  124.2672731   122.91352335
  123.17045863  123.09545204  123.87772742  125.52930057  124.90006974
  120.59998067  116.30088481  110.90705482  105.37902277  100.15365179
  100.55467422  104.71847361  109.36744048  109.38853263  108.34004169
  107.78113489  112.88420574  116.62845643  120.17922576  121.1989796
  122.56691773  123.61625837  123.83530572  123.74276959  124.03444405
  124.73896751  125.19043811  125.11786596  124.86786101  124.21982845
  122.71947186  121.16791233  121.56927754  122.92437888  124.11245374
  124.72107803  124.56377859  125.39199488  124.67389347  124.64430424
  124.68358756  125.26707738  125.98467307  125.48333046  124.33995987
  123.19706157  123.33104099  123.89830162  124.46515191  124.50297672
  124.5347252   124.71429996  125.38439216  126.05415155  125.9179945
  124.88852282  123.8593942   124.07607376  124.78502429  124.95709393
  124.78759828  124.02133117  123.42826431  123.52163057  123.61489427
  123.60293603  123.45933985  123.31565561  123.10598516  122.8661609
  122.6265281   123.43057443  124.31435924  125.12958304  125.61381023
  126.09768145  126.14141084  125.56148394  124.98182762  124.65817672
  125.81483695  126.43813531  126.82244364  127.17950674  127.3290282
  126.21121027  125.09378525  124.07845296  123.22711226  122.37620274
  122.55337971  122.86291371  123.64444174  122.12646314  120.01029086
  118.9508544   119.81157406  120.85514954  121.84276289  122.42089547
  122.39201647  122.93249765  123.11628377  123.28956328  122.85260899
  122.14361832  120.49968447  117.4425432   115.90092996  113.92557351
  114.7291845   112.31519222  111.79749887  111.57869816  107.83681963
  109.94194255  109.99998299  109.14770701  112.11613752  111.29633358
  107.62625446  101.76672142   99.87220314  101.61748546  106.922747
  108.87885161  108.72835871  103.76174949  102.58633429  107.14417246
  106.56328461  110.87635907  106.52616     106.97696144  108.69978465
  107.35222865  111.32792809  112.00212158  114.80048405  117.05847336
  121.01889671  123.50678989  124.42309269  125.62952524  124.6533422
  123.39603284  122.19529568  121.8605146   123.3162104   124.35392728
  122.49346215  122.66255516  121.44373597  120.59225532  123.58977224
  123.37965651  122.09133126  117.82846678  112.67116673  107.20151741
  108.37409068  111.92259499  115.65041209  114.27610258  114.29675211
  110.13173601  109.42278168  112.37301792  110.47332841  113.32455597
  114.16591535  116.83703375  113.98226348  111.84466506  113.60456599
  115.43758466  118.716043    121.14470708  119.17833359  117.6848452
  117.29593039  114.24019854  110.71875551  111.06083482  112.2413519
  113.29389901  117.60259153  116.57175705  112.79751031  112.58629713
  109.81254988  106.26592737  107.64894945  108.56655521  110.84889425
  116.02682344  118.27889753  119.85452014  119.86286079  117.91520768
  116.53660356  110.39206272  108.61201489  108.5191084   107.78468003
  109.3933304   112.73171247  115.89391908  118.06172136  118.73541929
  117.70406781  114.0709828   113.3667451   113.89698352  115.85503877
  118.28438676  117.34678525  115.90720038  113.91875548  113.87019886
  114.24765014  112.45775494  110.90030262  110.87163971  113.03272339
  115.04627216  117.01363876  117.83368319  118.69619465  118.67015173
  119.21702013  118.84691496  117.09971089  116.61587403  112.51921787
  108.26096286  108.24555605  111.09229378  114.93721209  117.62559102
  118.42305657  119.02855155  118.53637315  118.3224839   118.72093681
  117.24510335  116.0113637   115.6790435   116.21893189  116.86688061
  117.11374696  116.74813089  115.4570541   115.01983525  114.10230424
  112.65767962  109.76742087  106.6308503   105.05457859  105.66537794
  106.49601796  107.34584388  108.93590718  110.80941552  110.00975533
  109.63569647  109.42320021  111.32511702  113.02967727  113.8009569
  113.74831385  113.57270215  113.71478723  113.69029312  114.21231668
  115.08467976  116.14579339  117.13297443  115.71249609  114.68176146
  113.84490797  112.98971395  112.12396558  110.78526309  109.55643169
  108.34964383  110.03451129  112.4715613   114.16433269  114.69960338
  115.23444309  115.37550125  114.69931807  114.02360663  114.4307262
  115.66382568  116.89618733  117.29044662  117.48765162  117.66257727
  117.43366951  117.20494472  116.57536323  114.98687348  113.39929481
  111.86110284  110.36548833  108.87069049  108.9839462   109.5515262
  110.10541117  110.05987408  110.01441914  110.13436535  110.71445691
  111.29417524  111.56391832  111.53170816  111.49947077  109.97407189
  107.95007447  105.92708485  106.98811529  108.07347027  109.21189075
  110.52486035  111.83702632  111.77110615  110.19449758  108.61867301
  107.85466171  107.40798969  106.96155259  106.56855163  106.17801349
  106.12725627  107.40214461  108.6762052   109.23102331  108.89540674
  108.55985889  107.5544342   106.24679897  104.94001694  104.4364819
  103.99228964  103.85919485  105.20596206  106.55195775  107.94274369
  109.3967733   110.84999214  111.14323533  110.83520998  110.52737241
  110.47356941  110.44751443  110.44898512  110.61515544  110.78117302
  110.70070829  110.22861738  109.75676846  108.75107782  107.43336463
  106.12408988  105.90080325  105.83841954  105.96659119  107.58109699
  109.19485839  110.51121586  111.28938433  112.06727241  112.08356083
  111.58921453  111.09508162  110.46881759  109.81784366  109.17326752
  108.59797848  108.02282701  107.50563567  107.10833746  106.71116308
  106.38390195  106.10976184  105.8357907   106.71671345  107.86751061
  109.00559887  109.92354775  110.84108093  111.26352602  110.50507835
  109.74687715  108.99624811  108.25231081  107.50858996  106.72279675
  105.92532873  105.16259977  105.87516712  106.59551163  107.45093393
  108.67545355  109.89970724  110.77183112  111.30273146  111.83337136
  111.94596183  111.91936906  111.89277085  111.8594715   111.82601653
  111.45571538  109.99025176  108.52511877  107.87975985  108.13170177
  108.38363164  109.04565185  109.86707336  110.68814353  109.91692224
  109.08330207  108.55425618  109.23498795  109.9153307   110.65609169
  111.47135188  112.28629466  112.12468077  111.47994039  106.15971693
   90.61535089   71.56392094   55.28107479   44.42451354   37.64727565
   36.46016109   29.39425735   26.10760378   26.97741437   26.23859759
   26.80724739   28.04902429   29.13413177   34.38871314   36.36130251
   46.62405727   48.42448961   59.60930354   77.88430343   86.53501409
   92.50235066   90.55174874   74.66843074   60.93541725   64.09984607
   52.66040099   52.02296776   60.48257267   50.50031079   53.16258764
   61.42604945   52.50480879   54.15897574   62.6176726    59.61167485
   58.60532139   63.68664515   67.10995027   61.15780005   64.85093471
   71.70784552   72.00154458   72.02698783   74.04604996   76.31464052
   78.40744627   82.10561167   83.49091002   83.94925695   84.82923322
   88.23277665   88.68965872   88.92975606   92.31147067   95.15025289
   93.31125413   93.76352427   94.46672613   99.22674629   99.50346505
   96.6315057    97.11178804   98.8979561   102.94940181  102.97737335
  103.80293838  104.25104047  106.88582073  107.71862811  104.28105702
  102.68728108  101.83866122  105.93320623  107.01227965  106.94988808
  106.44351985  106.57603808  108.08436189  107.06181024  105.66459721
  107.06991935  108.58318365  110.87366767  111.85697189  110.51637806
  109.05841214  106.36917656  103.90322635  104.62307311  105.46572715
  106.30807073  106.40832907  106.45538562  106.65938519  107.59966532
  108.53953338  108.71857111  107.83884665  106.95938576  106.530298
  106.33242578  106.13458111  107.11194358  108.21572244  109.0692145
  108.45550707  107.84214087  107.5026632   107.59545752  107.68831423
  107.76021515  107.81990171  107.87944099  107.86426293  107.8381584
  107.67843258  106.49354339  105.30909792  104.84125657  105.65771469
  106.47378626  106.89889966  107.06353898  107.22800019  106.06892021
  104.66361675  103.10324947   99.86684888   96.63207003   94.64175101
   95.20238194   95.76267397   97.18232683   99.25006311  101.31684933
  102.88699041  104.34208908  105.73666019  106.09683266  106.45688559
  106.6609817   106.49720718  106.33334705  106.34955644  106.51930071
  106.68680168  106.16392807  105.44923107  104.74387155  104.39539078
  104.04710919  104.04070263  104.97150234  105.90190003  106.33959524
  106.30409782  106.26851269  105.84584237  105.29578038  104.74589958
  104.86989448  104.99727217  105.03218367  104.76911846  104.50615307
  104.57693739  105.00951818  105.44194557  105.80839636  106.14942245
  106.49018706  105.96691988  105.41211639  104.69001023  103.32502608
  101.96078904  101.33819282  101.62239524  101.9063574   101.77383603
  101.45545178  101.13724617   99.87019682   98.53694536   97.30125471
   96.51868477   95.7366294    93.63369784   89.70029319   85.76888643
   81.62130945   77.36410599   73.10916591   78.72493267   85.38720831
   91.33790677   93.1634407    94.98797621   96.18547615   96.39796014
   96.61026244   97.09876694   97.74834961   98.39749367   99.61402417
  100.91210763  102.01575948  101.64744147  101.27923209  101.15306796
  101.45955995  101.76594196  102.11053538  102.48053706  102.85031928
  102.64646241  102.33625479  101.4105301   100.25492693   98.60020898
   97.48196627   98.92185968  100.05006535  100.9078099   101.58377626
  102.25938026  102.32537585  102.31798399  102.42961043  101.4264382
  100.39190002   99.22104866   97.9892017    97.70664006   98.31620761
   99.83009024  101.08925427  100.71089926  100.90877762  101.4091901
  102.56376649  103.15889482  102.2316012   102.20860443  102.19363092
  102.09323248  102.44200591  101.51811602  101.24499803  100.57832323
  100.49618664   99.91949215  100.01545181   99.60349164   98.31822853
   98.75329563   98.12756475   97.98117829   98.3812485    98.83856191
   99.36546479  101.0486493   100.90237441  100.67250738  100.40189595
   99.97611521   99.5504596    99.53457856  100.01962018  100.50435274
  100.73933039  100.86338151  100.98742225  100.75706966  100.50226304
  100.28906079  100.2678797   100.24666461  100.17770277   99.76958304
   99.1398044    98.11555647   96.51187343   94.97099096   94.62772899
   94.94557497   95.71869167   96.88149914   97.85010941   98.37102912
   98.46410142   99.26637621   99.75122586   99.53911996   99.70185314
   98.44717644   97.02719466   95.83506985   96.36007519   96.59541967
   96.76795591   97.40972654   98.07387917   98.75332507   99.08807535
   99.02894017   99.04368591   99.07213277   99.0998482    99.12188912
   98.67147285   98.23176135   96.73882636   95.86893442   95.85789098
   96.33352053   97.25394621   96.69583704   96.41088458   96.78719153
   96.43674685   96.36774651   96.07874725   96.10779778   96.41591259
   96.51067943   97.08874743   97.12884076   96.65298144   95.49987252
   94.5661999    93.5278044    92.88424818   92.54775295   93.23299524
   94.01253557   94.64913562   95.39533581   95.97604208   95.7303387
   95.29399796   94.9921078    95.72167719   96.33325643   96.84638165
   96.16573618   95.94358537   95.80245279   95.84529151   96.37788374
   96.4861166    96.04303413   95.60031168   95.47350898   95.35787098
   95.24605918   95.14899784   95.05194908   94.95208248   94.84898993
   94.4120501    94.38249195   93.96675337   93.52573009   93.64865413
   93.81021021   94.04059073   94.58861607   95.13632802   95.62424544
   96.03015814   96.43582489   96.60527407   96.65478838   96.70422306
   96.43746736   96.13776415   95.26403823   94.35720846   93.72152314
   93.32226334   93.57152516   94.0731173    94.15902957   94.4946517
   95.10366779   95.38705407   95.44567613   95.78491539   95.88957326
   96.00197817   95.65288043   94.82592616   93.579301     92.91812794
   92.01550221   91.32097944   91.78636312   92.21145726   92.87951731
   92.17217369   92.48805097   92.63745182   92.70453317   92.84750584
   91.8582593    91.41792413   91.50090913   91.03476829   91.77635401
   92.32333058   92.80540572   91.06682963   90.95267265   90.52343099
   87.01923687   86.58829709   86.54034071   87.05194712   90.47199633
   90.06932303   87.80689775   87.20246904   86.60910215   87.97243369
   88.63469047   86.42885615   84.76485937   85.46630255   86.11777567
   86.52143007   85.75765136   86.0590017    84.93232831   85.42197688
   88.56875097   82.96646757   81.66978664   78.20018815   75.81683118
   81.97175731   85.28195101   83.18482669   82.9684328    82.17096086
   81.72274516   86.43470706   88.74651529   82.69064154   78.08680319
   77.01559334   78.02601383   81.27483929   85.95881036   88.16961767
   85.39112846   88.0548689    83.95694369   82.10742676   84.47296622
   81.61989084   83.85137946   84.1906361    83.52678745   82.96281155
   81.91870819   79.65805408   78.94436809   84.28378964   86.20911458
   88.93780938   90.63113362   90.69568677   90.06050743   89.58915321
   87.58834479   87.14616405   87.82501169   88.42086005   89.00977716
   87.4091922    87.67303412   86.31667459   86.97245106   85.71502817
   84.24886292   80.72598238   71.68972601   68.5062747    64.86854212
   64.48692927   73.30163009   75.44176702   80.20883001   84.01810828
   85.05276537   87.73979359   87.76514744   88.67579831   84.80603922
   84.62503443   84.8951225    85.48994213   88.61052898   89.75870873
   89.91608295   89.3008914    88.48420629   88.31107193   84.83600651
   84.54844347   84.71678712   82.90455547   85.61780246   85.60532637
   85.27605271   86.87362798   86.55092401   87.61086434   88.61243917
   88.59259609   86.28349538   85.01685629   82.04066099   80.57976519
   80.5379405    81.8598421    83.0234377    83.62393807   82.28382319
   82.77865057   85.65084241   86.87958651   86.95981882   83.19774989
   82.19907695   82.37706253   86.63802637   84.50853834   84.76254869
   84.68266238   84.83934054   88.328722     87.46085622   87.13521865
   86.5094383    84.22204607   83.87126353   83.86821647   83.79608821
   86.70372794   88.28790332   86.37447661   86.54806455   86.58422788
   85.52012587   85.99882512   84.90984054   85.02573507   81.90518619
   82.70168102   83.79565338   84.65227595   88.73515179   90.13421334
   89.36591804   87.59028502   87.1280836    86.01670394   85.54831182
   85.64865263   84.39676525   82.50153319   80.49569271   81.80141137
   81.99481179   84.43032383   87.38818399   88.78299742   89.45565889
   88.61672288   88.0140521    87.67390883   87.19513539   87.20680445
   87.31225639   86.75969532   86.04582664   86.67122531   86.71010962
   86.15072513   85.64825815   85.03973302   85.0699006    85.24813581
   85.2534525    84.89649839   84.50905047   85.46680126   85.52047295
   85.47424127   85.16299211   85.07316746   85.82119467   85.78405452
   86.0611826    86.12589496   84.72214921   83.32695826   83.42414821
   84.73481483   86.34835438   86.46669101   86.07333596   85.81568021
   85.11842874   84.88197096   84.6029436    84.9884088    85.83737235
   86.207294     86.75883155   87.35890285   86.85307508   86.64108101
   86.52885959   85.69213001   85.12024136   85.16116732   86.33337977
   88.20228872   88.65934688   88.75806779   88.74898037   88.61052416
   88.84745133   89.01445152   89.47888296   89.63273612   89.39518805
   87.99429122   86.59440125   85.66376978   85.05207679   84.52527136
   84.38858525   84.16800342   83.91451996   83.49337884   83.06251102
   82.84783348   83.1262459    83.31147322   83.4577738    82.73306321
   82.0088901    82.35330795   83.30929024   84.2646339    84.72594618
   85.11881055   85.46099454   85.43684855   85.41261529   85.44276385
   85.50320787   85.25453652   84.71161963   83.71335961   82.90333582
   82.54979185   81.96181926   81.41182024   81.23936861   81.06701328
   80.88547345   80.68569512   80.48600571   80.48959838   80.64333388
   80.79683392   80.66558549   80.89867487   81.15873746   81.24084481
   81.68069803   81.68505295   81.63937726   81.59375665   81.52406128
   81.43439984   81.34480431   81.01291791   80.37730515   79.76401789
   79.42599583   79.05073791   78.99868625   79.49048416   79.98877897
   80.53642208   80.5798256    80.47471255   80.29487982   80.09120146
   79.80451018   79.36590711   79.34453489   79.22980987   78.77574866
   78.78476152   78.4290353    77.60739037   77.41118353   77.64128978
   78.14856034   78.65558694   79.11462418   79.57195156   79.87871234
   79.62645802   79.37429394   79.29077941   79.4093823    79.52801341
   79.25924296   78.8220802    78.05234597   77.06346325   76.44705018
   76.0033318    76.97009422   78.1653275    79.02997743   79.38434361
   79.52967003   79.7437803    79.99213235   80.24035099   79.83345679
   79.23603327   78.82677273   78.31061172   77.34865417   76.82547568
   76.97626329   77.12696148   77.53650861   78.09348008   78.65017696
   78.78275764   78.85691505   78.86167537   78.36720354   77.87293591
   77.50685581   77.36463897   77.22246585   76.76215274   76.09568697
   75.42942059   75.31848952   75.30654817   75.21952563   74.38665357
   73.55414525   73.2550647    74.02083795   74.78623592   75.19678638
   75.34655805   75.4961131    75.91939874   76.40294797   76.83550723
   76.48891307   76.14245907   75.91069495   75.94138625   75.97204171
   75.8410487    75.57562513   75.31042499   75.42705373   75.64583281
   75.89602161   77.13568698   78.37474561   79.21053309   78.97698423
   78.74348166   78.85341516   79.28550608   79.71736925   79.61202414
   79.33573203   79.05963873   78.93359601   78.80759062   78.81712441
   79.24803575   79.67880916   79.89107713   79.87192842   79.85276573
   79.67386601   79.43542056   79.19706668   78.80316671   78.40471931
   78.13046698   78.31459653   78.49861419   78.54138491   78.41561405
   78.28988116   78.13810442   77.97509126   77.81212742   78.64693862
   79.22128345   79.4460521    78.33556697   77.49891038   77.12227201
   77.10505524   77.24629672   77.88324841   78.98651627   80.08935878
   79.42493064   78.58685384   77.80992656   77.37095989   76.93218678
   76.99097963   77.81066811   78.62992744   79.22886633   79.70262584
   80.17612613   79.65541111   78.8746975    77.8596142    77.49375351
   77.28348652   77.3690313    77.30732137   77.24547841   77.28346107
   77.38574638   77.48795683   77.28451682   77.02715861   76.81537688
   77.04961699   77.28371543   77.02442548   75.78489753   74.53974627
   74.15759107   74.40655136   74.65531535   76.19561542   78.01920324
   79.71005319   79.4195366    79.12908154   78.76677276   78.24001473
   77.71358986   77.57861997   77.76738168   77.95598563   77.73413535
   77.40288713   77.08284582   77.09814985   77.11349345   77.31417716
   78.00543271   78.69618213   78.85863071   78.52768254   78.19693499
   78.22793788   78.37321705   78.518366     78.59037855   78.66231226
   78.56443533   77.94204235   77.32005428   77.27969839   77.8524802
   78.42481163   78.51014314   78.41497519   78.31984482   78.67989443
   79.05304995   79.46933406   80.04459395   80.61942026   80.94488489
   80.97354154   81.00204185   80.37393364   79.46354798   78.55377443
   78.70356785   78.91942585   79.05126347   78.81094783   78.57077259
   78.28426001   77.93566529   77.58728835   77.02481138   76.35657017
   75.68877487   76.4140945    77.27509338   77.95389641   77.63197419
   77.31010623   77.14592869   77.22144474   77.2968774    77.67479754
   78.22370301   78.7721855    78.75774117   79.07868436   79.44686431
   79.88956915   79.86084854   79.84339553   79.84545091   79.84747401
   79.94620002   80.10712491   80.26790268   79.64360867   78.88226284
   78.1233971    77.19161491   76.17578787   75.56860543   75.40061688
   75.27686889   75.48088161   76.10731686   76.73318602   77.23282978
   77.70466522   78.15724334   78.32758876   78.49777901   78.49192694
   78.08629927   77.6809375    77.83377032   78.44608409   79.05802989
   78.86193      78.45178996   78.03738961   77.49077523   76.94453216
   76.56203547   76.6099111    76.19083857   75.7810232    75.22276652
   74.84818423   75.57053069   76.16009167   76.7463726    76.18831015
   75.46648763   75.25003369   76.15708257   76.61855723   77.30616974
   78.23102596   79.1551617    78.86053281   77.46773909   76.67796053
   76.8653959    77.15802895   78.21781368   78.3646344    78.51131311
   78.24628788   77.49333038   76.74090628   76.41048964   76.26126732
   76.11212586   75.97237773   75.54051023   75.79557284   75.86730378
   76.08457806   76.66664901   77.46027598   78.05938199   78.27520194
   78.35050122   78.42556424   78.07032113   77.70609639   77.52060516
   76.60806459   75.69618631   74.80372797   74.55752939   74.46313764
   74.98334652   76.05933022   77.63972502   77.48320999   77.18500766
   76.8857714    75.86406603   73.98724138   73.48499674   73.61754549
   73.56212773   74.50422906   74.85039118   75.19913253   76.35280977
   74.9925668    74.13596155   73.87925783   73.98553315   74.72164382
   74.0945452    73.93426847   72.99000027   72.71470497   71.64015988
   70.62112204   67.62743774   65.39210431   68.08722834   67.96100171
   71.74472415   73.508685     70.29186916   68.31836112   65.69161501
   62.68712551   65.98733181   68.71873204   70.53003309   69.00845247
   66.82890812   64.6727025    62.4410831    65.953039     68.79312883
   71.22909756   69.73024834   68.63169756   68.90148707   69.90192966
   73.0326813    68.1133259    61.06732719   57.00179878   51.74607904
   50.60966565   56.95827179   60.26889535   66.68101302   74.30377254
   74.76904624   68.65684141   65.1473998    64.24464268   59.29464925
   65.1160263    66.51441248   63.10848222   67.71784007   67.6178341
   65.98239832   67.87084116   69.04456342   67.38796551   64.40670371
   63.17333821   63.16878256   64.35348748   70.94423228   68.10904106
   67.15395022   60.70622682   62.29642787   65.14498972   65.13931189
   68.67900894   68.40139196   69.11660177   69.48025051   72.01748273
   72.89929274   72.91191486   72.2850012    71.33680855   68.50721305
   68.04237004   68.85202734   68.93554914   70.82930814   70.63452909
   70.48173576   70.93537698   67.87760976   67.94914939   68.54857208
   69.19147255   72.40249732   70.54300729   68.87563183   67.14820791
   64.03045366   64.09487014   65.08991249   66.30132026   64.02369064
   62.91183504   60.03135903   56.59620533   58.94557483   59.84206448
   64.23685616   67.21256524   65.83406959   60.04490531   57.44770706
   58.0234714    62.3509129    66.27232913   60.54479737   59.79138746
   58.54708787   58.82769941   64.31451246   62.56995427   61.58096559
   61.92850987   62.99555988   64.37709249   59.94501789   58.55416625
   59.06026096   59.86950007   61.56080904   59.61377269   55.64874682
   55.64569348   59.15820627   63.33571382   67.53708225   68.11746775
   67.6591065    65.92398669   60.949694     56.16035284   56.59615083
   59.04579849   64.0871585    66.46687122   66.33482468   64.97280675
   62.88248442   58.8066849    54.74674391   54.44234738   55.03066618
   56.05114713   53.26050584   51.54012946   53.62635464   56.47318973
   63.18247029   64.46294448   62.79426113   62.72615058   62.7218903
   63.44327351   63.42615062   61.61637898   57.28761769   51.55700076
   50.1668288    45.34097415   47.76162461   52.02820194   52.4088323
   56.04097969   55.6681643    54.18155473   57.18762754   60.13833787
   60.05152981   59.50167295   59.76072415   58.93908246   59.0835322
   54.49809752   51.086606     49.21520127   50.02885897   55.88654188
   58.16614274   60.99991966   60.59773033   57.6927112    57.06985174
   57.26035882   58.61510276   61.9517798    62.46493764   61.11952382
   60.26409064   57.66397431   55.09319017   56.44343748   56.8351204
   59.13233772   60.55601218   59.48980521   59.865687     59.45739473
   58.87558772   58.19362435   58.40753851   59.52490713   60.47072401
   60.30311174   59.26146993   57.54505757   53.88590062   54.77326571
   56.22068535   57.14513845   59.57095221   60.18192577   58.75895204
   58.87713177   59.73358999   59.10525209   59.71354634   58.8913279
   58.05306903   58.04980161   57.08275453   57.2242959    56.86035942
   55.76814688   56.75885747   57.12731061]
