[  6.37555762   6.42038902   6.46535868   6.51045818   6.55569722
   6.60106206   6.6203164    6.63186294   6.64342449   6.65498976
   6.66656842   6.6781605    6.68976438   6.70137521   6.71299622
   6.7246339    6.73628015   6.74793661   6.75960042   6.77128336
   6.78297204   6.79467418   6.80638205   6.8181091    6.82929173
   6.83962465   6.84995907   6.8603064    6.87065156   6.88100799
   6.89136794   6.90173918   6.91210819   6.92248685   6.93287227
   6.94298493   6.95306049   6.96314214   6.97323315   6.9833286
   6.99342683   7.00352786   7.01367493   7.03026996   7.04689333
   7.06353968   7.08022185   7.09692542   7.11366032   7.13041749
   7.14721021   7.16402274   7.17176953   7.17741659   7.1924244
   7.36563274   7.539406     7.64871004   7.60521197   7.56152666
   7.65596952   7.86831863   8.08135764   7.873184     7.5473406
   7.22907429   7.24017639   7.25128581   7.28083309   7.36085581
   7.44111351   7.60257898   7.84229436   8.08279479   8.08661234
   8.01239703   7.93789508   7.68265218   7.42464771   7.29581775
   7.58323358   7.87138127   8.04800098   8.10343449   8.15900158
   7.85714052   7.41712747   6.97595359   6.91104638   6.85960234   6.89254
   7.24865405   7.6056753    7.65697783   7.33360211   7.00936829
   6.82316831   6.69815444   6.57280943   6.80375102   7.06002925
   7.32345061   7.61765943   7.91261526   7.92319591   7.5394366
   7.15466843   7.21793646   7.51042976   7.80363766   8.01763968
   8.22375352   8.39669825   8.37493226   8.35308641   8.28435014
   8.14202976   7.9993337    8.10018988   8.34336358   8.58713072
   8.80185311   9.01284447   9.18841915   9.09303223   8.99738672
   8.83931303   8.5697999    8.29950891   8.13963118   8.05290821
   7.96595625   8.05184762   8.16979747   8.27292123   8.21777225
   8.16247171   8.14322502   8.19766252   8.2522142    8.46985454
   8.81014652   9.15124265   9.06683741   8.88490838   8.70980967
   8.65551542   8.60107248   8.64005919   8.89856572   9.15768293
   9.31267569   9.3793014    9.44606002   9.32226043   9.14556582
   8.9729533    8.96611252   8.95923734   8.82173189   8.32846248
   7.83399101   7.51463932   7.36319501   7.21137015   7.47695857
   7.87979184   8.28357495   8.65260033   9.0223637    9.2655911
   9.10309497   8.94018612   8.86066335   8.87131529   8.88198501
   8.73154558   8.51918193   8.30629152   8.19075623   8.078356
   8.04445369   8.30955968   8.57528498   8.75557817   8.8314687
   8.90751441   9.04738278   9.21572977   9.38446493   9.15329015
   8.8941262    8.62938413   8.3412079    8.05232805   8.04409358
   8.42345364   8.80370146   8.91695904   8.89432141   8.87160387
   8.92972178   8.99639397   9.06023775   9.10712674   9.15402371
   9.09144384   8.85850523   8.62503466   8.53591618   8.53056478
   8.52518716   8.48904458   8.44844505   8.47008412   8.95761136
   9.44620309   9.77726328   9.82748358   9.87780784   9.80255426
   9.64429649   9.48567307   9.45631151   9.45085458   9.42827166
   9.22799932   9.02724632   8.93316782   9.05633836   9.17977741
   9.43541057   9.79015086  10.14569852   9.96724787   9.6669672
   9.36645557   9.07308709   8.77903491   8.62377997   8.79397924
   8.96455466   9.23629085   9.59374256   9.95199207  10.00409022
   9.97206982   9.94652038  10.1520371   10.35800486  10.54272738
  10.6691301   10.79580638  10.82924097  10.77365519  10.71792299
  10.79278041  10.91028511  11.0280331   10.98976979  10.95098121
  10.91961504  10.91207336  10.90448401  10.82018545  10.65324724
  10.48591455  10.48691886  10.55209687  10.61740474  10.61589225
  10.6120849   10.62005126  10.67262758  10.72529511  10.50733332
   9.96015945   9.41172863   9.19755186   9.13073167   9.06374439
   9.06637039   9.0736918    9.10698597   9.25942193   9.41218767
   9.5002169    9.49916811   9.49810057   9.25911156   8.89924875
   8.53855658   8.41301457   8.31145849   8.21585156   8.15535877
   8.09472163   8.25231699   8.74984839   9.24848571   9.63912123
   9.967413    10.29638316  10.59192464  10.88326391  11.16290271
  11.35183105  11.54115783  11.53781033  11.19297487  10.84746843
  10.57591382  10.3528196   10.12929718  10.01418682   9.91858261
   9.83554514   9.88388647   9.93226534  10.05680391  10.3354772
  10.61481817  10.67745584  10.57855081  10.47951164  10.3376785
  10.18594183  10.07548853  10.63306278  11.19168415  11.74496287
  12.2842972   12.82486349  12.94330783  12.70630567  12.4689145
  11.81320485  11.04226554  10.30196118  10.66398986  11.02665813
  11.3984993   11.79394611  12.19008362  12.45231126  12.58720724
  12.72245194  12.42795959  11.99372696  11.55861767  11.40505351
  11.25160842  11.1736487   11.335072    11.49673015  11.84187664
  12.38403799  12.92731722  13.25430985  13.49961989  13.74550294
  13.91798403  14.08821035  14.18133281  13.98376686  13.78571494
  13.64660417  13.57904236  13.51125644  13.37639067  13.21199127
  13.04719757  13.14139126  13.25295729  13.3802392   13.57774142
  13.77560699  13.71081681  13.28645292  12.86107475  12.59224831
  12.40230011  12.21183895  12.39877935  12.62458321  12.76636642
  12.42862946  12.09019039  11.98773966  12.25192788  12.51652428
  12.93463671  13.44177723  13.94980042  13.842839    13.64944529
  13.50743052  13.74536763  13.98377264  14.18745018  14.32914671
  14.47110908  13.918474    12.91043198  11.90024174  11.627649    11.4879361
  11.38921368  11.70918802  12.02982956  12.45550165  13.09194705
  13.72965263  14.207847    14.56778584  14.92836597  14.17837776
  13.17790283  12.20008809  11.61199193  11.02276998  10.92971291
  11.98757821  13.04754311  13.58295108  13.67796409  13.77312903
  13.49934322  13.12498914  12.72460781  11.48758445  10.24817      9.49855712
  10.06890808  10.64052029  11.57373932  12.84962503  14.12808262
  14.22469437  13.93971464  13.65413758  12.88392803  12.11187933
  11.35023569  10.62506325   9.89842221  10.06872214  11.19765042
  12.32885121  13.45738412  14.58616556  15.71720629  15.08198178
  14.38879833  13.86616464  13.98505056  14.1042158   14.22123028
  14.33551478  14.45005657  14.13145577  13.6227364   13.11206815
  12.68970006  12.27249004  12.06927369  12.83815893  13.60831737
  14.31092395  14.92079739  15.53170254  16.17569239  16.83680271
  17.49899673  17.919975    18.3170474   18.59933253  18.23037586
  17.86082642  17.33019352  16.55118186  15.77086253  15.42216773
  15.32113085  15.21977794  14.63683133  13.98608833  13.30391846
  12.40037735  11.49511647  11.15296938  11.80070116  12.44946099
  13.54896695  14.9431607   16.33990491  16.69702253  16.86800072
  17.06585281  17.53032005  17.99574297  18.25178624  18.08736621
  17.92255317  17.44193158  16.72749384  16.01167002  16.07404935
  16.31008175  16.51179155  16.16996566  15.82738005  15.50318789
  15.22176064  14.93984779  14.51156819  13.9606105   13.40879886
  13.11395869  12.88825379  12.64134242  11.73031627  10.81772224
  10.12851332  10.03867625   9.94858421  10.22982435  10.86129202
  11.49387966  12.57611172  13.80374537  15.0334853   15.78787036
  16.54345871  17.2135702   17.61303584  18.01332544  18.3092974
  18.49435112  18.67968638  18.78710811  18.86547828  18.94332015
  18.59619287  18.23506354  17.93891625  17.88551885  17.83200057
  18.1028858   18.76364109  19.42541835  19.54464338  19.42736753
  19.31005443  19.19774622  19.08570127  18.89264928  18.33649813
  17.7794948   17.64754869  18.09338943  18.53979307  18.36721546
  17.88463587  17.40126311  17.31797121  17.27433787  17.15518331
  16.61366436  16.07110889  15.26638134  14.05841697  12.84857297
  12.63468509  12.9901443   13.34620934  14.50356678  15.77300765
  16.94947456  17.44230984  17.93583569  18.39612103  18.79759022
  19.19961467  19.51822846  19.78251731  20.04739442  19.79199019
  19.44325811  19.19707433  19.97492589  20.75407952  21.45954041
  22.0165002   22.57449347  22.71471656  22.54772936  22.38030077
  22.08478399  21.76104657  21.43303858  21.04876524  20.66364047
  20.44512851  20.60928426  20.77382281  20.46456979  19.7605226
  19.05536159  17.44401503  15.58723216  13.72466702  11.77356099
   9.81927709   8.44872308   8.63632339   8.82420756  10.06244635
  12.28863193  14.51843331  16.10901733  17.49710231  18.88667166
  19.146738    19.40723734  19.73219203  20.25671523  20.78207701
  21.16363645  21.39224958  21.62140072  21.7811322   21.91530832
  22.04959244  21.87944635  21.6998985   21.51511097  21.31247653
  21.10930009  20.31570048  18.81509612  17.31202916  15.75462396
  14.17124053  12.58559835  10.77521342   8.94802683   7.6400479
   8.66137698   9.68427921  11.1440374   13.19441525  15.24781993
  16.98099025  18.55597922  20.13311062  21.29200818  22.41097411
  23.36776891  23.41611069  23.4644453   23.68476194  24.16831864
  24.65277448  25.1073545   25.54497747  25.98344219  26.40217432
  26.81885917  27.15957213  26.95327294  26.74680101  26.60256992
  26.56757321  26.5323119   26.98237042  27.74658639  28.51187462
  28.10750552  27.49560161  26.9423021   26.97136577  27.00105483
  27.27647375  28.0404128   28.80569262  29.21115231  29.35276276
  29.49469569  29.59480864  29.68609761  29.78837966  30.05874766
  30.32938611  30.49066396  30.40144929  30.31188909  30.25044619
  30.21187866  30.1734822   30.3970102   30.6908988   30.93441328
  29.63349671  28.33055365  27.46289384  27.75112187  28.03997556
  28.84623872  30.13742225  31.43042729  31.68497264  31.61015802
  31.53381505  30.81116446  30.08710689  29.3329992   28.48728504
  27.64035606  27.96273135  29.52062986  31.08108396  31.31999231
  31.06716358  30.81411337  30.19318317  29.56080356  29.06962904
  29.10091102  29.13219312  29.25452913  29.48572846  29.71701349
  29.24678058  28.47295949  27.69808807  28.11239455  28.60147012
  29.01149401  29.06685549  29.12250964  29.06321525  28.84863648
  28.63394497  28.07623569  27.34799782  26.61854651  26.84581864
  27.16672789  27.57176967  28.43931241  29.30794013  29.68404318
  29.30725629  28.92989186  29.22878509  29.91109776  30.59464491
  30.37669675  30.03681843  29.65341493  28.96406944  28.27386142
  27.39229292  26.17969797  24.9652877   23.48001107  21.81944458
  20.15614131  20.09775135  20.32111765  20.7099419   22.70524531
  24.70348284  26.20003856  26.69887862  27.19867881  27.6977377
  28.19668986  28.69644109  29.37535012  30.09362324  30.7484939
  30.44559807  30.14244623  29.91620726  29.8662397   29.81599765
  29.98935762  30.34733485  30.70571503  30.66355677  30.5147248
  30.36257536  30.11208264  29.86139403  29.62866761  29.44402184
  29.25923143  29.73294319  30.82101827  31.91074988  32.58126715
  33.12032022  33.65549264  32.59844691  31.5398304   30.75065989
  30.79529757  30.83975003  31.07507498  31.51088438  31.94750691
  31.90800718  31.69210035  31.47595033  31.16614965  30.85347611
  30.67004921  30.96033879  31.25124771  31.71494467  32.38449861
  33.05482506  33.51388289  33.88264939  34.25170906  33.91594305
  33.53632573  33.19523007  33.02459427  32.85378185  32.2839939
  31.17856615  30.07178434  29.90020142  30.19089717  30.48197441
  30.80347749  31.12856816  31.45135089  31.76056661  32.07021213
  32.39430795  32.7405643   33.08700976  33.09730775  32.91366947
  32.7299811   32.97136744  33.27001279  33.5746375   33.91912322
  34.26402178  34.13347383  33.18096442  32.22788212  31.64457324
  31.29881551  30.95258473  31.12314306  31.38401278  31.68096828
  32.32422029  32.96804979  33.56854895  34.08355421  34.59897109
  34.89460997  35.03010276  35.16578785  34.72520421  34.15887827
  33.6501768   33.98829631  34.32654902  34.8237292   35.68002209
  36.53719528  36.26462919  35.0628957   33.8601939   31.98719935
  29.93625517  28.0276346   30.23482282  32.44404302  34.18635245
  34.7013481   35.21705956  35.12403863  34.46566113  33.8065259
  33.71937475  33.81190658  33.90661576  34.63538398  35.36474586
  36.03703605  36.53358792  37.03037111  36.90100118  36.11537768
  35.32919779  34.83022887  34.43657833  34.04273111  34.38516334
  34.74777368  35.07010787  35.24460746  35.41943272  35.18912085
  34.48006098  33.77040648  34.06399501  34.78670798  35.51000822
  36.55406983  37.61847618  38.3187522   37.418988    36.51813715
  35.32104251  33.72795826  32.13334771  31.88514784  32.29901244
  32.71310709  34.02827496  35.43032417  36.59156919  36.43914225
  36.28642782  36.10008762  35.86267954  35.62521637  35.26517993
  34.83595003  34.40652404  33.40643843  32.32983663  31.47364076
  32.15864115  32.84424763  33.322424    33.44382893  33.56530256
  32.79539082  31.45560177  30.11457839  29.293699    28.56233166
  27.95336504  28.51518806  29.07725752  29.26505137  28.71714997
  28.16802243  28.32430184  28.99189256  29.65993789  30.73073265
  31.8890854   33.09088887  34.90361212  36.71792292  38.06580577
  38.35979255  38.65420363  38.14128659  36.96632891  35.79061888
  34.13310575  32.34831285  30.68767738  32.53537991  34.38452261
  35.7955204   36.062227    36.32905144  36.35178541  36.14900187
  35.94591861  34.03284714  31.58479714  29.13653808  27.07946284
  25.0206558   24.02592776  26.2789566   28.53369808  30.6090547
  32.4967762   34.3859562   35.29704735  35.84979179  36.40293859
  35.44735016  34.45146232  33.98770103  35.44980107  36.91323451
  37.81015642  38.03917663  38.2673077   38.71542743  39.25776925
  39.8001812   40.49748166  41.20432038  41.62555596  40.79951876
  39.97273306  39.37685445  39.08905803  38.80087603  38.26333383
  37.60313216  36.94264492  36.90732773  36.93071237  37.09847567
  38.04339194  38.98894465  38.71286128  36.59409891  34.47384776
  33.3647798   32.82121229  32.27717004  33.62538774  35.22361085
  36.63714726  36.76612493  36.89534852  37.01689058  37.12551393
  37.23435541  37.748654    38.52129746  39.29439105  38.86174403
  38.22156431  37.6114211   37.28864073  36.96545963  36.6245502
  36.24927621  35.87383963  36.25668807  37.18737273  38.11891284
  39.02115489  39.917601    40.668882    39.35374293  38.03768408
  37.41738029  38.35890593  39.30139313  39.8902564   40.1910013
  40.4918115   40.32790765  40.04287128  39.77681248  40.03354941
  40.29060631  40.41844542  40.21129129  40.00367691  39.691407
  39.28230349  38.87286868  38.90025038  39.06323458  39.23215992
  40.46094001  41.69038483  42.26821593  40.86575505  39.46230613
  39.20975204  40.15500706  41.10110715  41.72645635  42.23506615
  42.74418324  42.51022809  42.25727166  41.80790639  40.65212741
  39.49535053  38.74496214  38.47183725  38.19834183  38.09507127
  38.06395595  38.0326151   38.64971016  39.30494985  39.89357519
  40.19326106  40.49288353  40.54737128  40.27620377  40.00486772
  40.63205645  41.69785427  42.76453068  43.53400499  44.27608247
  44.85388792  44.54691375  44.23989637  43.42321157  41.8410808
  40.25791526  40.75488998  42.41245266  44.07133836  44.27479539
  44.28854861  44.19546398  43.36791706  42.53950722  42.13387912
  42.45078367  42.76769593  42.84823474  42.77876141  42.70900839
  43.26472032  43.92727318  44.54397597  44.72877666  44.91373963
  45.3397006   46.23420018  47.12945783  47.30848308  46.97210851
  46.63564399  46.61947646  46.67139668  46.67495799  45.99685816
  45.31841145  44.78958125  44.59645673  44.40328608  44.45156402
  44.69663176  44.94190665  44.79163898  44.53901048  44.26033488
  43.30642483  42.35158229  41.47363147  40.79551522  40.1166836
  40.01331043  40.43865413  40.8641263   41.04039401  41.13926334
  41.24688379  42.65290443  44.06004588  45.05230424  44.7896552
  44.52696395  44.4199809   44.47410818  44.52845891  44.18645173
  43.70054221  43.213957    42.8332161   42.45486885  42.20505832
  42.41638621  42.62789421  42.83042168  43.0229805   43.21563676
  44.05853995  45.17568753  46.29373808  46.27461876  46.19023627
  45.98403861  45.25242805  44.52008524  44.43855395  45.21739996
  45.99663794  46.04918314  45.74831452  45.44732708  45.6800932
  45.96236808  46.20629701  46.24476182  46.28344533  45.92724884
  44.9802394   44.03289015  43.50516519  43.21043119  42.91525596
  43.16800836  43.49169678  43.87360909  44.6519706   45.43085027
  45.78544023  45.41896622  45.05211194  44.76973965  44.54018145
  44.31060755  44.42096869  44.58869286  44.74914964  44.83987031
  44.93048894  44.99880476  45.02325255  45.04458137  45.3514602
  45.86449394  46.37748725  47.02507691  47.70193168  48.30304121
  47.85460473  47.40631617  47.13064718  47.23924145  47.34821754
  47.41258501  47.44098286  47.46955675  47.68351676  47.94534195
  48.19286256  48.06582172  47.93859916  47.79130118  47.59147469
  47.39191769  47.40021205  47.59824095  47.79673567  47.62033819
  47.32819768  47.03591102  46.69366601  46.35089829  46.07167356
  45.98256786  45.89344897  45.96791484  46.21094001  46.45404289
  45.83363358  44.90068106  43.9671589   44.04932034  44.15527836
  44.45139547  45.42381128  46.39582605  46.75332967  46.3941302
  46.03440655  46.36519114  46.98591316  47.60654697  48.06599754
  48.5163605   48.67902124  47.6102338   46.54080885  45.34851383
  43.99492678  42.64062565  42.65224768  43.32411498  43.99618505
  44.89753488  45.82033412  46.6442844   46.94675037  47.24934357
  47.21176029  46.66804997  46.12409764  45.79520641  45.5856751
  45.37606579  45.80249031  46.31082099  46.72845197  46.53277664
  46.33721359  46.17283451  46.0614306   45.95020971  46.05695856
  46.30081675  46.5450481   46.58877302  46.59858085  46.53013091
  45.74357603  44.95704126  44.39083122  44.25036024  44.11013846
  44.22733362  44.52784292  44.82872105  44.7323025   44.55224349
  44.42342167  44.98767322  45.55205388  45.92568961  45.8760033
  45.82611083  46.29875973  47.192869    48.0870908   48.48099819
  48.74625216  49.00218861  49.01270948  49.02286318  48.79263223
  47.94577721  47.09823873  46.27437668  45.47187895  44.66876871
  44.99267633  45.66163129  46.32672347  46.50157229  46.67639941
  46.88675445  47.20409141  47.52150327  47.70545656  47.75266906
  47.79987817  47.9431395   48.12149116  48.29955264  48.57837692
  48.85957557  49.10156228  49.20609699  49.3107295   49.11521761
  48.57194857  48.0284074   47.83094413  47.77830957  47.72555381
  48.15730574  48.6161741   48.81354124  47.89740415  46.98119976
  46.30343922  45.93822055  45.57318905  46.09836079  47.05267197
  48.00740217  48.34999482  48.63801247  48.97434352  49.56322144
  50.1525353   50.59336886  50.81312938  51.03309672  50.93710044
  50.66755455  50.39817862  49.94778417  49.47393719  49.01994404
  48.69815827  48.37587365  48.18118291  48.20068695  48.22053719
  48.80623856  49.74630096  50.68706391  51.32240602  51.90681917
  52.33974529  51.40169554  50.46294436  49.95370901  50.27067601
  50.58758425  50.6656026   50.57352117  50.48111272  50.1098389
  49.6799874   49.29933057  49.58502984  49.87085653  50.1510091
  50.41975437  50.68827876  51.01487931  51.38806195  51.76110563
  52.05616796  52.33147835  52.5571474   51.57072202  50.58397931
  49.84529664  49.74081925  49.63640662  49.65467245  49.78499576
  49.91535435  49.64743795  49.25871209  48.87609943  49.1693186
  49.46676184  49.65445407  49.51653642  49.37857986  49.05931014
  48.55472033  48.04989283  48.05654077  48.24652414  48.43675499
  48.57843167  48.71918743  48.70790833  48.16081161  47.6136809
  47.23390334  47.04749388  46.86131104  45.7328132   44.21124258
  42.68904514  41.28228425  39.88059271  38.27938081  35.83471042
  33.38862047  33.15008657  35.79829017  38.44825636  40.52574939
  42.32904262  44.13350795  43.93834091  43.56509303  43.32394888
  43.77223318  44.22048286  44.88860724  45.88131447  46.8742805
  47.73340884  48.51916984  49.30503671  49.07747878  48.72205505
  48.33152906  47.70789176  47.08360431  46.66035258  46.57452688
  46.48618576  46.40872727  46.33819097  46.26744745  48.12942088
  50.31209755  52.30094846  52.55087183  52.80091867  52.7414476
  52.08995053  51.43810867  51.086839    50.94920484  50.81149301
  51.2173584   51.73697121  52.13475381  50.92165424  49.70806398
  48.98771835  49.35308122  49.71880211  50.30035083  51.05492039
  51.81007327  50.23217294  48.06271045  45.96649076  45.63934003
  45.31237888  45.13389868  46.14774609  47.04365228  48.14744689
  49.49997712  50.65942664  51.29748411  51.76841101  52.24641004
  51.27237632  50.2542861   49.12110504  48.65560626  47.94067653
  47.63031569  47.6311702   47.4854323   48.89412859  50.83982089
  52.3253403   52.37143766  52.27183901  52.41627535  52.65590859
  52.86364993  53.28172584  53.08720771  52.72208787  52.05185954
  51.41132766  50.8299595   49.29849146  47.8946235   47.05877229
  48.89905368  51.11790549  52.14552554  52.15534598  52.16475185
  51.55332521  50.64531456  49.73656327  49.83754437  50.02695913
  49.97834777  50.43736755  51.1380943   51.56127797  51.65597004
  51.78875694  51.24014395  50.36731364  49.79334226  48.70190081
  47.66427444  46.43602847  46.15272085  45.52572771  45.89430564
  47.70010238  49.41274598  50.4079098   50.29086804  50.17377829
  50.23934771  49.98264593  50.04291384  50.19927047  50.71137528
  50.88752723  49.9376902   48.98777962  48.20718752  47.61756389
  47.1948546   46.7367192   46.357503    45.91582467  46.87337788
  47.83112014  48.36186821  47.95722813  47.55280475  46.94640428
  46.17837131  45.41039744  45.43459959  45.65824147  45.8883933
  46.26086959  46.63317689  47.05456619  47.59330136  48.13202584
  48.51467539  48.75700835  48.99896693  49.2944327   49.60601736
  49.92380562  50.80764264  51.69187531  52.11399988  51.17503109
  50.23606915  49.22351339  48.13609445  47.04904188  46.16519236
  45.35342947  44.54167339  47.15703423  49.83921744  51.87264908
  51.64831316  51.42387168  50.76090574  49.59488213  48.42887185
  48.67597224  49.50529654  50.33442679  51.12900312  51.92176565
  52.64847649  53.09925226  53.55014598  53.701499    53.46488088
  53.22826149  52.18308861  50.75378865  49.32478393  49.49184528
  49.79727862  50.06242303  50.09945757  50.13649165  50.13957406
  50.09181054  50.04403397  49.81578631  49.48929809  49.1627558
  48.11111729  46.96929516  46.10767784  47.0776844   48.04782736
  48.9339647   49.68043106  50.42672602  50.90533969  51.2182508
  51.5312012   51.98500377  52.46205621  52.82903586  52.23237496
  51.63562197  50.76573112  49.37708209  47.98840286  48.09987887
  49.26532452  50.43093044  50.6675965   50.71367815  50.70463917
  49.98618548  49.26731634  48.82818248  48.99858589  49.16900746
  49.7234049   50.58353416  51.44339485  51.99744874  52.4748509
  52.92263655  52.69243181  52.46261488  51.92907303  50.63222338
  49.33518844  48.54092558  48.19785115  47.85472381  47.8861198
  48.02921103  48.17649161  48.66918754  49.1619449   49.63697625
  50.06033297  50.48333688  50.36857476  49.70902743  49.04938512
  48.6682533   48.38548971  48.10240928  48.18654839  48.27755093
  48.32350363  48.2137086   48.1041509   48.11938453  48.27733678
  48.43530141  48.32994094  48.11660276  47.90341127  48.50984217
  49.15799406  49.83041316  50.60337896  51.37642544  51.64623801
  51.26572096  50.88483819  49.68109495  48.08815684  46.49503699
  43.981119    41.38838317  39.32307879  39.9527238   40.58243312
  41.06876077  41.3452446   41.62209588  43.50750171  46.26442471
  49.02164048  49.26252308  49.1950638   48.74117709  45.77756344
  42.81360729  41.42895835  42.66272667  43.89662125  45.45355141
  47.20954185  48.96561868  48.36619525  47.38682479  46.50971954
  46.52151527  46.53326861  46.80234627  47.5581878   48.31410234
  49.01454817  49.67631056  50.33826428  49.6487401   48.68405598
  47.70387678  46.52818708  45.35227403  44.7681758   45.46612518
  46.16413474  47.29147495  48.75912939  50.22691476  49.94757467
  49.23246398  48.57874959  49.30167099  50.02465318  50.64828944
  51.02355934  51.39843692  50.63562092  48.8540193   47.07225075
  46.18454956  45.56372334  44.97481755  46.82798193  48.68130666
  49.87600771  49.14790217  48.41972638  48.55754185  49.56803259
  50.57858641  51.19128001  51.66423167  52.13721876  52.07584634
  52.00486332  51.88768831  51.61171923  51.33572043  50.75952877
  49.84176686  48.92387143  48.75437568  48.5145676   47.6537611
  47.33707093  47.28742693  47.49012143  49.2478702   50.7111102
  51.2210837   51.02587231  50.11826663  48.19695016  45.83318003
  42.99370948  42.30597721  42.0485044   41.23662372  41.40678007
  41.14462765  41.74336921  43.94666165  45.40726922  46.46889325
  47.03263121  47.11577792  48.53144525  49.99049942  50.94726459
  50.27807323  49.53766969  49.04719883  49.4409498   49.84497975
  50.82163359  52.00451593  53.35658674  53.70936957  53.88007845
  54.05980367  53.66988904  53.23229387  52.4340019   51.01833936
  49.51612462  48.9391202   49.0249763   49.08001739  49.90722286
  50.93012524  52.13426606  52.93255456  53.69081518  54.19917574
  54.16719686  54.13562283  54.19609343  54.32953858  54.46298583
  53.99710237  53.38291883  52.78149225  52.44904584  52.11657324
  51.96146241  52.24801687  52.53458264  52.23821314  51.42135465
  50.60441948  49.3076134   47.86853772  46.44939812  46.48164107
  46.51427708  47.01393077  48.87014278  50.7264744   51.90912288
  52.41375365  52.91879583  52.4690911   51.68589789  50.90264697
  50.52931582  50.16292359  50.04767611  50.79158659  51.53538989
  51.70919783  51.23538652  50.76153886  50.91591434  51.32580752
  51.73548124  52.68038382  53.65139759  54.52221334  54.98122704
  55.44050272  55.56581623  55.26379607  54.9617509   54.27741456
  53.41364509  52.55022202  52.07461863  51.63123835  51.1700361
  50.61906699  50.06805901  49.5312639   49.01404847  48.49679673
  49.47477296  51.2568546   53.03903475  53.2781036   53.33185746
  53.32789418  52.95482544  52.58172916  52.32232972  52.25047206
  52.17837845  52.34416997  52.65581909  52.96798591  52.35306523
  51.59081667  50.87612156  50.56794398  50.25973541  49.93761374
  49.5894062   49.2413139   49.15628877  49.25347767  49.35066847
  49.84436549  50.4178859   50.83602491  49.3420957   47.84766887
  46.94699104  47.32378416  47.70060098  48.14796414  48.65117841
  49.01775292  50.01861189  50.70613655  51.67686493  52.01029409
  52.46943107  52.46236596  52.03309004  51.95017285  51.56974015
  51.39192994  51.26247309  51.17290858  51.41465944  51.77918319
  51.2266627   51.00481183  50.73404101  50.24269645  49.94600415
  49.51641175  49.22281216  48.81994326  49.69978377  51.04518988
  52.28169385  53.46708249  54.35949597  54.92685478  54.39094356
  53.85480429  52.81810958  51.21484513  49.61161296  50.04707255  51.30687
  52.45078888  51.87412338  51.33700569  50.8458662   49.7740649
  48.96745646  49.54944366  51.14024079  52.6714338   52.7170509
  51.99022304  51.26384892  51.22204854  51.23668467  51.32471492
  51.78088455  51.94903698  52.27526773  52.21047384  51.99979773
  51.57674049  51.0400011   50.50358371  49.63744847  48.73208122
  48.07056449  48.73006833  49.83766709  50.39283012  50.39448756
  50.22916493  50.90117921  51.40957298  52.13187377  52.08102192
  51.5815828   51.16775427  51.47603869  51.54621277  51.62524951
  51.5674501   51.65475131  51.72949095  51.74924883  51.76899837
  51.71449008  51.58799214  51.17472132  51.05099298  50.73532576
  50.40736734  50.2490047   50.09022254  50.21245068  50.55462937
  50.89677704  50.50143365  49.92533846  49.39472567  49.81973585
  50.24470864  50.78907875  51.62843153  52.46724736  52.89250906
  52.9519468   53.01137296  52.7480997   52.38923109  52.01856904
  50.917276    49.81609587  49.21669331  50.06078473  50.90454478
  51.33077669  51.34021572  51.34964671  51.32033776  51.27715068
  51.23442201  51.79607011  52.36656245  52.76948451  52.60373175
  52.43803907  52.26970282  52.09814881  51.92660712  52.31200086
  52.92165921  53.53168824  53.51511033  53.46913773  53.34998094
  52.93278169  52.51596126  52.29611788  52.32677722  52.35742579
  52.30639168  52.21724863  52.12841604  51.84693639  51.54984494
  51.27845632  51.13411158  50.99024093  50.93169566  50.99602468
  51.06033898  51.06441075  51.03669988  51.00914731  51.31568603
  51.66152185  51.98579209  52.17500534  52.36458963  52.44151146
  52.3342737   52.22704179  51.89609894  51.4297301   50.9634029
  49.80418835  48.53630732  47.46188414  48.00166583  48.54164861
  49.03997144  49.4607005   49.88139885  50.34861935  50.84866784
  51.34868052  50.74929961  49.93108211  49.17440893  49.15767976
  49.14094463  49.58918497  51.02760804  52.4654578   53.19974228
  53.38464325  53.56952549  53.6732209   53.7567947   53.76776186
  52.28655131  50.80542484  49.78767508  49.90824577  50.02857132
  50.37987361  50.93452933  51.48914259  51.18501854  50.62988     50.08637242
  50.21615026  50.34591252  50.67740019  51.58583271  52.49423714
  52.88690499  52.76599543  52.64508637  52.11294929  51.43880928
  50.76516444  50.62150784  50.48538286  50.35275828  50.23153833
  50.10898901  50.20485563  50.54629486  50.88767756  51.0806887
  51.2140567   51.34770557  51.38499152  51.41786072  51.42043821
  51.3002245   51.18049815  50.78220854  50.03109036  49.28007579
  48.79766813  48.44004283  48.08262237  48.56678627  49.11810889
  49.64878006  50.0776701   50.50688162  50.66546386  50.4361043   50.206772
  50.54427764  51.18353106  51.8227039   52.15599448  52.45363642
  52.69471594  52.58378959  52.47314335  52.21994081  51.73476696
  51.24966015  50.81529171  50.41227531  50.00908847  49.91163157
  49.86169819  49.85717979  50.23015401  50.60317374  51.02519259
  51.53812576  52.05084072  52.17889884  52.04358808  51.90829314
  51.48846175  51.01254751  50.5447677   50.17855643  49.81240178
  49.62727357  49.82649335  50.02543406  49.65344796  48.83773956
  48.02216786  47.79118248  47.70142169  47.66680723  48.72563587
  49.78426905  50.66761627  51.12143528  51.57520951  51.94338206
  52.23621922  52.52899607  52.87582167  53.23787019  53.58673329
  53.16619482  52.74572453  52.40797965  52.30570876  52.20379681
  52.09587625  51.98192815  51.86799311  52.14491025  52.55609103
  52.96752528  52.82829986  52.68188152  52.55846755  52.51161659
  52.46526508  52.48899642  52.59112769  52.6932358   51.06230637
  45.63925069  40.80857638  36.11089309  33.60836774  35.6976938
  36.86761029  38.48725059  39.16640058  40.69943215  42.37263707
  45.01472019  47.9599101   49.64936828  49.71224714  46.81727601
  44.50443987  44.69955241  43.28766784  45.47626718  44.35762089
  45.75215668  47.45701828  45.3749425   46.97906152  47.15838535
  45.37985507  46.96304048  47.63636992  46.25302485  47.44751346
  47.45835102  45.79221643  45.72390487  45.88842451  45.1564935
  45.14529877  46.40783458  46.88294742  47.73192302  48.91549372
  49.5742185   49.5695422   49.5649796   49.57411653  49.97903638
  50.40689116  50.64053553  50.83276945  50.19455623  50.75213099
  51.26204351  51.88761328  51.7801277   51.65273931  51.02068333
  50.8421615   50.07892243  49.53862425  50.1948428   50.92754871
  51.57141887  51.65142976  51.17033842  50.71298172  49.9204972
  50.43608611  51.46478444  52.0688741   51.79315877  51.73836849
  51.66139632  51.49303708  51.45661871  51.68494855  51.99035374
  52.59410973  53.17618668  53.27022657  53.63112211  53.41048133
  53.08660786  52.76296565  52.75755033  52.7559374   52.80188701
  53.00594534  53.2103883   52.9471325   53.15155937  53.55623004
  53.03618384  52.37398147  51.71913522  51.00822763  50.61523069
  50.57181191  50.33625515  50.15597092  50.05614781  49.87534416
  49.61213712  48.99210152  48.53225654  47.96612159  48.70454094
  49.47607585  49.52775895  49.66746254  49.74597277  50.23952747
  50.13785997  50.11665959  50.40792461  50.81088445  50.7627062
  50.71084013  50.60462768  50.63140084  51.11592627  51.01010177
  50.71150087  50.25148517  49.47169249  48.932755    49.03504278
  49.00518212  49.31661156  49.97411467  49.72361337  48.01171707
  46.30021618  44.15289379  41.95214459  39.87188694  40.03153684
  41.68917523  43.53996228  43.54835922  43.13094746  42.90844265
  44.94001175  46.4306248   47.84421153  48.25018284  48.79476882
  49.21251885  49.29972317  49.26288388  49.37900157  49.65947741
  49.8392111   49.8103196   49.71079084  49.45280443  48.85550171
  48.23781474  48.39760111  48.93707667  49.41005779  49.65235548
  49.58973345  49.91945229  49.63357097  49.62179129  49.63743026
  49.86972174  50.15540173  49.95581364  49.50062961  49.0456336
  49.09897177  49.32480229  49.55046946  49.56552779  49.57816709
  49.64965709  49.91642559  50.18306161  50.12885651  49.71901645
  49.30931297  49.39557466  49.67781295  49.7463151   49.67883767
  49.37378124  49.13767707  49.17484685  49.2119758   49.20721514
  49.15004847  49.09284674  49.00937543  48.91389967  48.81850014
  49.13859674  49.49043782  49.81498426  50.00775857  50.20039117
  50.21780016  49.9869271   49.75616176  49.62731402  50.08778875
  50.3359283   50.4889242   50.63107358  50.69059915  50.24558781
  49.8007329   49.39652184  49.057597    48.71884382  48.78937924
  48.91260694  49.22373886  48.61942069  47.77695733  47.35518808
  47.69784675  48.11330163  48.50647759  48.73663631  48.72513938
  48.94030881  49.01347538  49.08245919  48.90850456  48.62625029
  47.97178844  46.75471857  46.14099129  45.35458772  45.67451102
  44.71348338  44.50738595  44.42027982  42.93061114  43.76867567
  43.79178199  43.45248481  44.63423828  44.30786845  42.84678364
  40.51406152  39.75984021  40.45464962  42.56671228  43.34545155
  43.28553925  41.3082965   40.84035528  42.65486334  42.42360772
  44.14067359  42.40882815  42.58829543  43.27416371  42.737692
  44.32044646  44.58884772  45.70289588  46.60181762  48.17849055
  49.16893867  49.53372538  50.01401483  49.62538936  49.12484549
  48.64682342  48.51354467  49.0930676   49.50619014  48.76552563
  48.83284277  48.34762211  48.00864156  49.20197454  49.11832596
  48.60543444  46.90835752  44.85519939  42.67769278  43.1445026
  44.55718761  46.04125833  45.49413586  45.50235659  43.84423381
  43.56199401  44.73650421  43.9802242   45.11531833  45.45026953
  46.51366092  45.37715641  44.52616315  45.22679233  45.9565302
  47.26170798  48.22857656  47.44574918  46.85118074  46.69635096
  45.4798422   44.07793048  44.21411471  44.68408702  45.10311358
  46.81843496  46.40805237  44.90549768  44.82141219  43.71716352
  42.30522767  42.85581868  43.22112411  44.12973965  46.19111039
  47.08767723  47.71494389  47.71826436  46.94288969  46.39405751
  43.94787174  43.23922193  43.2022352   42.90985399  43.55026924
  44.87930308  46.13820021  47.00121784  47.26942182  46.8588334
  45.4124762   45.13211413  45.34320584  46.12272168  47.08986253
  46.71659665  46.14348759  45.35187342  45.33254268  45.48280874
  44.77023863  44.15020569  44.13879478  44.99913769  45.80074589
  46.58396864  46.91043421  47.25380621  47.24343833  47.46115056
  47.31380904  46.61823457  46.42561565  44.79470746  43.09946561
  43.09333204  44.22663875  45.7573283   46.82759122  47.14506798
  47.38611987  47.19018012  47.10502928  47.26365624  46.67611636
  46.18495575  46.0526567   46.26759014  46.52554317  46.62382244
  46.47826805  45.96428113  45.79022117  45.4249455   44.84983008
  43.69919734  42.45050611  41.82298103  42.06614464  42.39682839
  42.73515018  43.36816578  44.11402288  43.79567243  43.64675692
  43.56216063  44.31932735  44.99792501  45.30497696  45.28401938
  45.21410711  45.2706722   45.26092091  45.46874224  45.81603623
  46.23847318  46.63147703  46.06597442  45.65563157  45.32247419
  44.98201532  44.63735469  44.10440763  43.61520104  43.13477014
  43.80552795  44.77573504  45.44963947  45.66273456  45.87565809
  45.93181435  45.66262098  45.39361541  45.55569263  46.04659838
  46.53721039  46.69416784  46.77267656  46.84231572  46.7511859
  46.66012892  46.40948801  45.77709885  45.1450724   44.53270715
  43.93729229  43.34220255  43.38729046  43.61324813  43.83375371
  43.81562506  43.79752912  43.84528057  44.07621918  44.30700921
  44.41439586  44.40157276  44.38873883  43.78146659  42.97569871
  42.17033204  42.59273586  43.02482346  43.47803682  44.00073943
  44.52312211  44.49687882  43.86921964  43.24187258  42.9377142
  42.75989087  42.58216106  42.42570456  42.27022852  42.25002171
  42.7575639   43.26477656  43.48565363  43.35204227  43.21845826
  42.81819148  42.29761252  41.77737322  41.57691231  41.40007619
  41.3470902   41.88324788  42.41909842  42.97278027  43.55163989
  44.13017673  44.24691894  44.12429184  44.0017395   43.98032014
  43.96994747  43.97053296  44.03668655  44.10277934  44.07074576
  43.88280298  43.69495654  43.29458388  42.76999282  42.24876115
  42.15986914  42.13503374  42.18605979  42.82880613  43.47125611
  43.99530746  44.30510191  44.61478473  44.62126927  44.42446646
  44.22774861  43.9784284   43.71927101  43.46266063  43.23363394
  43.00466202  42.79876443  42.64059717  42.4824792   42.3521942
  42.24305705  42.13398718  42.48468884  42.94282944  43.39591054
  43.76135257  44.12662911  44.29480753  43.99286407  43.69101874
  43.39218794  43.09602116  42.79994056  42.48711065  42.16963291
  41.86598504  42.14966321  42.43643753  42.77698728  43.26447732
  43.75186149  44.09906026  44.3104155   44.52166705  44.56649012
  44.55590335  44.54531441  44.5320577   44.51873903  44.37131949
  43.78790792  43.20462797  42.94770595  43.04800584  43.14830093
  43.41185592  43.73886971  44.06574363  43.75871491  43.42684474
  43.21622778  43.48723198  43.75808131  44.05298357  44.37754449
  44.70197906  44.63763941  44.38096364  42.26294453  36.07462095
  28.49011008  22.00779227  17.68571739  14.98765039  14.51505157
  11.70206462  10.39362427  10.73990211  10.44577384  10.67215741
  11.1665177   11.59850676  13.69039329  14.47569526  18.56137152
  19.27813654  23.73089117  31.00629967  34.45020961  36.82584909
  36.04930048  29.72603769  24.25882655  25.51860835  20.96448324
  20.7107165   24.07854587  20.10453584  21.16440735  24.45415074
  20.90254087  21.56107659  24.92854447  23.73183521  23.33119868
  25.3541101   26.71695242  24.34735873  25.81762213  28.54740749
  28.66433119  28.67446033  29.47826344  30.38140561  31.21456658
  32.68683275  33.23832996  33.42080116  33.77112602  35.12610106
  35.30798909  35.40357356  36.7498584   37.87999795  37.14787936
  37.32793135  37.60788105  39.50287921  39.61304293  38.46969532
  38.66089916  39.37198548  40.98489507  40.99603073  41.3246941
  41.50308675  42.55201166  42.88355825  41.51503655  40.88054292
  40.54270127  42.172769    42.60235587  42.57751734  42.37592851
  42.42868497  43.02915949  42.62207435  42.06583382  42.62530264
  43.22774401  44.13960213  44.53106258  43.99736257  43.41693588
  42.34633191  41.36461945  41.65119561  41.98666222  42.32200525
  42.36191881  42.38065236  42.46186605  42.83619831  43.21036653
  43.28164273  42.93141811  42.58129843  42.41047551  42.33170117
  42.25293778  42.64203279  43.08145507  43.42123638  43.17691505
  42.93272957  42.79758107  42.83452316  42.87149008  42.90011435
  42.923876    42.94757901  42.94153652  42.93114412  42.86755612
  42.39584324  41.924307    41.73805601  42.06309384  42.38797778
  42.55721848  42.62276257  42.68823576  42.22679771  41.66733633
  41.04614292  39.75770864  38.46991998  37.67755971  37.9007509
  38.12380718  38.68898116  39.5121618   40.33496422  40.96004864
  41.53933385  42.09452261  42.23790986  42.38124951  42.46250163
  42.39730182  42.33206793  42.338521    42.40609742  42.47278075
  42.26462102  41.98009502  41.69928634  41.56055364  41.42190024
  41.41934975  41.78990778  42.16030578  42.33455538  42.3204236
  42.30625691  42.13798882  41.9190052   41.70009371  41.74945697
  41.80016694  41.81406546  41.70933731  41.60464891  41.63282865
  41.80504216  41.97719461  42.1230813   42.25884623  42.39450706
  42.18619064  41.9653194   41.67784376  41.13443378  40.59132123
  40.34346121  40.45660424  40.56965161  40.5168939   40.39014285
  40.26346291  39.75904148  39.22826451  38.7363272   38.4247805
  38.11343865  37.27624651  35.71032992  34.1452087   32.49402856
  30.79920534  29.10528318  31.3409602   33.9932599   36.36227563
  37.08903378  37.81539445  38.29212776  38.37671916  38.46123823
  38.65571537  38.91431889  39.1727478   39.65705731  40.17383364
  40.61320536  40.46657532  40.31998852  40.26976168  40.39177834
  40.51375121  40.65093633  40.79823664  40.9454496   40.86429272
  40.74079684  40.3722592   39.91220529  39.25345021  38.80826977
  39.38150166  39.83064843  40.17212269  40.44122974  40.71019254
  40.73646586  40.7335231   40.77796239  40.37859233  39.96673527
  39.50061094  39.01020383  38.89771402  39.14038723  39.74307476
  40.24435699  40.09373115  40.17250794  40.37172574  40.83137088
  41.06829573  40.69913349  40.68997831  40.68401725  40.64404791
  40.78289712  40.41508993  40.3063597   40.04095168  40.00825252
  39.7786663   39.81686853  39.65286423  39.14119177  39.31439511
  39.06528715  39.00700966  39.16628048  39.34834022  39.55810404
  40.22819186  40.16995878  40.07844707  39.97071471  39.80120835
  39.6317518   39.62542944  39.81852799  40.0115035   40.10504979
  40.15443542  40.20381693  40.11211192  40.01067157  39.92579423
  39.91736188  39.90891601  39.8814618   39.71898641  39.46826702
  39.06050657  38.42206885  37.8086325   37.67197744  37.79851421
  38.10629751  38.5692195   38.9548302   39.16221207  39.19926482
  39.51865616  39.71167829  39.62723741  39.69202265  39.19252686
  38.62722193  38.1526285   38.36163689  38.45532921  38.52401713
  38.77951062  39.04391454  39.31440683  39.44767331  39.42413117
  39.43000156  39.44132646  39.45236017  39.46113482  39.28182087
  39.10676857  38.51242045  38.16611023  38.16171375  38.35106529
  38.71749335  38.49530609  38.38186447  38.53167497  38.39216042
  38.36469089  38.24963822  38.26120344  38.38386616  38.42159351
  38.65172653  38.66768797  38.47824497  38.01918404  37.64748227
  37.23408958  36.97788523  36.84392407  37.11672394  37.42706453
  37.68049958  37.97756722  38.20875055  38.11093428  37.9372239
  37.81703926  38.10748607  38.35096015  38.55523898  38.28426914
  38.19582931  38.13964341  38.15669781  38.3687266   38.41181488
  38.23542057  38.05916959  38.00868852  37.96265221  37.91813913
  37.87949831  37.8408625   37.8011049   37.76006301  37.58611413
  37.57434682  37.40883831  37.23326378  37.28220072  37.34651736
  37.43823349  37.65640631  37.87445436  38.06869779  38.23029455
  38.39179339  38.45925232  38.47896432  38.49864462  38.39244727
  38.27313327  37.92529671  37.56428128  37.3112104   37.15226221
  37.25149513  37.45118255  37.48538484  37.61899842  37.86145209
  37.9742702   37.99760807  38.13266165  38.1743267   38.2190759
  38.08009758  37.75088116  37.25459074  36.99137301  36.63203123
  36.35553674  36.54080932  36.71004234  36.97600184  36.69440327
  36.82015628  36.87963383  36.9063394   36.96325784  36.5694317
  36.39413111  36.42716804  36.24159402  36.53682462  36.75457991
  36.94649748  36.25435788  36.20891116  36.03802698  34.64298217
  34.47142196  34.45233018  34.65600436  36.01755047  35.85724335
  34.95655562  34.71592822  34.4797046   35.02245666  35.28610584
  34.40794738  33.74549832  34.02474789  34.28410401  34.44480172
  34.14073594  34.26070567  33.81216891  34.00710152  35.25985485
  33.02954566  32.51332768  31.13205564  30.18322414  32.63354437
  33.95135621  33.11647599  33.03032803  32.71284873  32.53441084
  34.41027666  35.3306241   32.91973733  31.08691627  30.66045995
  31.0627156   32.35609631  34.22081878  35.10095702  33.99482054
  35.05527471  33.4238613   32.68755535  33.62929357  32.4934638
  33.38183542  33.51689592  33.25261302  33.02809017  32.61242513
  31.71244252  31.42831901  33.55398102  34.32046668  35.40677965
  36.08090417  36.10660324  35.85373379  35.6660843   34.86954812
  34.69351279  34.96376691  35.20097841  35.43543054  34.79822619
  34.90326355  34.36328709  34.62435641  34.12376734  33.54007644
  32.13759244  28.54019398  27.27283919  25.82463176  25.67270895
  29.18190455  30.03390841  31.93171037  33.44821136  33.86011577
  34.92984097  34.93993452  35.30247116  33.76189232  33.68983301
  33.79735701  34.03415897  35.27648697  35.73358556  35.79623737
  35.5513252   35.226197    35.15727098  33.77382251  33.6593416
  33.72636042  33.00489801  34.08506109  34.08009427  33.94900806
  34.58501423  34.45654347  34.87851331  35.27724743  35.26934776
  34.35007821  33.84582011  32.66097542  32.07938232  32.06273161
  32.58899012  33.05222587  33.29128938  32.75778003  32.95477436
  34.09821453  34.58738637  34.61932742  33.1216208   32.72404195
  32.79489928  34.49121954  33.64345509  33.74457843  33.71277511
  33.77514981  35.1642976   34.818794    34.68915535  34.44002771
  33.52940046  33.38975141  33.38853836  33.35982358  34.51737581
  35.14804738  34.38629849  34.45540509  34.46980198  34.04617534
  34.23674894  33.80321637  33.84935481  32.60704193  32.92413223
  33.35965047  33.70067806  35.32610021  35.88307664  35.57721278
  34.87032054  34.68631484  34.24386662  34.05739637  34.09734276
  33.59895742  32.84445194  32.04591247  32.56572843  32.64272252
  33.61231733  34.78986267  35.3451479   35.61293925  35.27895281
  35.03902525  34.90361177  34.71300864  34.71765417  34.75963534
  34.53965682  34.25546058  34.50443627  34.5199164   34.29722142
  34.09718571  33.8549275   33.86693743  33.93789414  33.94001075
  33.79790477  33.64365897  34.02494642  34.04631351  34.02790835
  33.90399783  33.86823799  34.16603298  34.15124722  34.2615739
  34.28733635  33.7284951   33.17305959  33.2117516   33.73353738
  34.37589904  34.42300971  34.26641224  34.16383764  33.88625683
  33.79212129  33.6810385   33.83449496  34.17247343  34.3197419
  34.53931295  34.77820564  34.57683197  34.49243562  34.44775946
  34.11465142  33.88697845  33.90327136  34.36993754  35.1139636
  35.29592173  35.33522323  35.33160546  35.27648505  35.37080746
  35.43729143  35.62218492  35.68343497  35.58886538  35.0311583
  34.47385207  34.103361    33.85984164  33.65011662  33.5957009
  33.50788569  33.40697211  33.23931281  33.06778124  32.98231657
  33.09315456  33.16689488  33.22513819  32.93662571  32.6483272
  32.78544241  33.16602582  33.54635498  33.73000671  33.88640883
  34.02263473  34.01302204  34.0033746   34.01537696  34.03944016
  33.94044231  33.7243032   33.32688873  33.00441245  32.86366406
  32.62958796  32.41062941  32.34197517  32.27335928  32.20108697
  32.12155379  32.042056    32.04348627  32.10468947  32.16579894
  32.113548    32.20634256  32.30987534  32.34256286  32.51767158
  32.51940531  32.50122149  32.4830596   32.45531337  32.41961851
  32.38394988  32.25182353  31.99878153  31.75462748  31.62005847
  31.4706656   31.44994346  31.64573174  31.84410647  32.06212712
  32.07940637  32.03756011  31.96596741  31.8848816   31.77074775
  31.59613672  31.58762828  31.54195543  31.36119041  31.36477849
  31.22316133  30.89605859  30.81794725  30.90955419  31.11150224
  31.31335316  31.49609918  31.67816449  31.80028816  31.6998639
  31.59947557  31.56622784  31.6134445   31.6606724   31.55367295
  31.37963533  31.07319861  30.67951731  30.43411885  30.25747137
  30.64234643  31.11817737  31.46240071  31.60347642  31.66133191
  31.74657075  31.84544147  31.9442591   31.7822716   31.54443301
  31.38150345  31.17601606  30.79305386  30.58477275  30.64480238
  30.70479641  30.86784006  31.08957439  31.31119941  31.36398073
  31.39350333  31.39539845  31.19854566  31.00177418  30.85603507
  30.79941752  30.74281738  30.55956343  30.29423863  30.02899321
  29.98483075  29.98007682  29.94543252  29.61386018  29.28243265
  29.16336654  29.46822636  29.77293678  29.93637986  29.99600503
  30.05554398  30.22405702  30.41656144  30.58876638  30.45078476
  30.31285894  30.22059198  30.23281041  30.24501456  30.19286531
  30.08719828  29.9816202   30.02805094  30.11514846  30.21475042
  30.70827009  31.20154822  31.53428121  31.44130373  31.34834468  31.39211
  31.56412849  31.73605632  31.69411767  31.5841238   31.47420908
  31.42403057  31.37386692  31.37766239  31.54921128  31.72070527
  31.80521067  31.79758743  31.78995863  31.71873736  31.62381052
  31.52892013  31.37210573  31.21348096  31.10429914  31.17760244
  31.25086119  31.26788852  31.21781824  31.16776307  31.10733966
  31.04244295  30.97756588  31.30991021  31.538561    31.62804301
  31.18595092  30.85287193  30.7029295   30.69607538  30.75230462
  31.00587966  31.4450985   31.88414802  31.61963441  31.28599003
  30.9766897   30.80193392  30.6272552   30.65066106  30.97698492
  31.30313793  31.5415798   31.73018686  31.91869072  31.71139034
  31.40058265  30.99647071  30.85081895  30.76711015  30.80116614
  30.77659897  30.75197885  30.76710002  30.80782053  30.84851124
  30.76752032  30.66506417  30.58075234  30.67400501  30.76720128
  30.66397609  30.17051113  29.67480748  29.52266875  29.62178163
  29.72081636  30.33402087  31.06000425  31.73314374  31.617487
  31.50185476  31.35761704  31.14791089  30.93833737  30.88460489
  30.95975228  31.03483687  30.94651668  30.81464439  30.68723365
  30.69332629  30.69943469  30.77932831  31.0545221   31.3295144
  31.39418635  31.26243351  31.13076054  31.14310301  31.20093969
  31.25872453  31.28739324  31.31603056  31.27706506  31.02928595
  30.78166804  30.76560207  30.99363061  31.22147986  31.25545095
  31.2175639   31.17969182  31.32303015  31.47158604  31.63731173
  31.86632682  32.09516929  32.22473909  32.23614751  32.24749369
  31.99743931  31.63500825  31.27282087  31.33245471  31.41838933
  31.47087483  31.37520345  31.27958796  31.16552525  31.02674719
  30.88805583  30.66412972  30.3980981   30.13224401  30.42099895
  30.76376878  31.03400513  30.90584559  30.77770765  30.71234739
  30.74241087  30.77244115  30.92289387  31.14141707  31.35977189
  31.35402149  31.48179128  31.62836636  31.80461033  31.79317645
  31.78622828  31.78704654  31.78785195  31.82715549  31.89122084
  31.95522762  31.7066917   31.40359447  31.10148457  30.7305354
  30.32612737  30.08440369  30.01752624  29.96826128  30.04948021
  30.29886857  30.54803158  30.74694334  30.93478441  31.114959
  31.18277474  31.2505287   31.24819895  31.08671566  30.92533824
  30.98618208  31.22994858  31.47356859  31.39549982  31.23222012
  31.06724437  30.84963327  30.63216999  30.47989531  30.49895494
  30.33211917  30.16896873  29.94672274  29.79759884  30.08517015
  30.3198786   30.55328125  30.33111258  30.04374986  29.95757799
  30.31868066  30.50239703  30.7761405   31.14433239  31.51223746
  31.39494359  30.84046242  30.52604591  30.60066527  30.71716459
  31.13907249  31.19752287  31.25591672  31.15040827  30.8506505
  30.55110506  30.41956383  30.36015735  30.30078307  30.24514834
  30.07321879  30.17476104  30.20331764  30.28981609  30.52154271
  30.8374913   31.0759997   31.16191917  31.19189635  31.22177948
  31.08035465  30.93535417  30.86150878  30.49821983  30.13519455
  29.77990049  29.68188707  29.64430903  29.85140792  30.27976475
  30.90893125  30.84662149  30.72790501  30.60877691  30.20202867
  29.45485132  29.25490413  29.30767274  29.28561053  29.66066782
  29.79847745  29.93731388  30.39660106  29.85507858  29.51405789
  29.4118623   29.45417126  29.7472222   29.49756974  29.43376243
  29.05784249  28.94824545  28.52046135  28.11477508  26.92296789
  26.03306562  27.10601382  27.0557621   28.56208913  29.2643346
  27.98369715  27.19802944  26.15230298  24.95619417  26.27002996
  27.35741998  28.07851191  27.47275976  26.60506752  25.7466666
  24.85824292  26.25637775  27.38703787  28.35681449  27.76011187
  27.32277093  27.43017607  27.82845943  29.07483411  27.11640345
  24.31134084  22.69282483  20.60048511  20.1480708   22.67549642
  23.9934794   26.54618942  29.58086465  29.76609344  27.33278087
  25.935647    25.57625292  23.60562504  25.92315699  26.47986455
  25.12393929  26.95895771  26.91914461  26.2680659   27.01986854
  27.48713579  26.82763228  25.64077058  25.14975893  25.14794529
  25.61958482  28.24340758  27.11469762  26.73446911  24.16758419
  24.80065464  25.93468753  25.93242715  27.34160592  27.23108462
  27.51581477  27.66058594  28.67067628  29.02173117  29.02675612
  28.7771773   28.39969501  27.27321275  27.08815541  27.41048579
  27.44373642  28.19765546  28.12011252  28.0592844   28.23988222
  27.02256317  27.0510436   27.28967807  27.54562136  28.82395335
  28.08367704  27.41988291  26.73218306  25.49098274  25.5166274
  25.91276089  26.39503101  25.48829033  25.04565264  23.89891449
  22.53135517  23.46665601  23.82355497  25.57315305  26.75780417
  26.20901517  23.90430736  22.87034411  23.09956002  24.82234552
  26.38348943  24.10331797  23.80338009  23.3080155   23.41972896
  25.60406858  24.90954746  24.51582397  24.65418384  25.0789841
  25.62898214  23.86454146  23.31083345  23.51231338  23.83447728
  24.5077995   23.73267037  22.15416514  22.15294958  23.55130611
  25.21440182  26.88699672  27.11805235  26.93557545  26.24481181
  24.26451022  22.35783917  22.53133347  23.50655577  25.51355734
  26.46093804  26.40836936  25.86614026  25.03396795  23.41136293
  21.79507132  21.67388887  21.90810281  22.31436359  21.20338928
  20.51849511  21.34903631  22.48238177  25.15339448  25.66316043
  24.99884562  24.97173033  24.97003428  25.25722211  25.25040536
  24.5299223   22.80661139  20.5252117   19.97177427  18.05056693
  19.01424523  20.71280027  20.86433194  22.31031586  22.16189538
  21.57006545  22.76680459  23.94150353  23.90694462  23.68804266
  23.7911728   23.46407135  23.52157783  21.69608341  20.33794417
  19.59292453  19.91684749  22.24883306  23.15635851  24.28450542
  24.12439096  22.96788202  22.7199172   22.79575944  23.33509271
  24.66344777  24.86773958  24.33212069  23.99156661  22.95644165
  21.93299405  22.47053719  22.62646897  23.54100766  24.10778267
  23.68331803  23.83295927  23.67041518  23.43879364  23.16729913
  23.2524599   23.69729236  24.07382884  24.00710119  23.59241612
  22.90910005  21.45236343  21.80562984  22.38185797  22.74988938
  23.71562323  23.95885619  23.39236014  23.43940834  23.7803705
  23.53022467  23.77239098  23.44505992  23.11134305  23.11004227
  22.72505389  22.78140253  22.63651681  22.20169916  22.59610815
  22.74279199]
