[  40.22704909   40.50991603   40.79365544   41.07821402   41.36365309
   41.64988586   41.77137258   41.84422631   41.91717472   41.99014664
   42.0632031    42.13634416   42.20955967   42.28281904   42.35614268
   42.42957147   42.50305437   42.57660161   42.65019528   42.72390965
   42.79766025   42.87149576   42.94536747   43.01936012   43.08991775
   43.15511405   43.22031982   43.28560711   43.35088061   43.4162253
   43.48159218   43.54703024   43.61245431   43.67793917   43.74346675
   43.80727334   43.87084583   43.93445671   43.99812668   44.06182466
   44.12554024   44.18927339   44.25329708   44.35800468   44.462891
   44.56792241   44.67317979   44.77857216   44.88416227   44.98989282
   45.09584774   45.20192764   45.2508066    45.28643713   45.38113001
   46.47400072   47.57043588   48.26009775   47.98564348   47.71000785
   48.30590196   49.64573429   50.98991956   49.67643266   47.62049981
   45.61237515   45.68242471   45.75252039   45.93895112   46.44386037
   46.95025219   47.96903042   49.48153226   50.99898735   51.02307447
   50.55480755   50.08473199   48.47425817   46.84636001   46.03349791
   47.84696924   49.66505822   50.77945327   51.12921506   51.47981971
   49.57520521   46.79891054   44.01529151   43.60575474   43.28116478
   43.48898733   45.73591509   47.98856689   48.31226399   46.27190113
   44.22612401   43.05128156   42.2624974    41.47162386   42.92876676
   44.5457731    46.20784952   48.06418167   49.9252271    49.99198652
   47.57062899   45.14290591   45.54210022   47.38760818   49.23762498
   50.58788642   51.88837684   52.97958429   52.84225019   52.70441219
   52.27071565   51.37273475   50.47238347   51.10874297   52.64306525
   54.18113194   55.53593864   56.86720413   57.97500548   57.37315468
   56.76967233   55.77229477   54.07178189   52.36636104   51.35760071
   50.81041579   50.261786     50.8037239    51.54793717   52.19860413
   51.85063757   51.50171474   51.38027637   51.72375375   52.06795156
   53.4411693    55.58826656   57.74043763   57.20787656   56.05998199
   54.95518383   54.61261024   54.26909853   54.515088     56.14615394
   57.78107306   58.75901125   59.17939105   59.60060944   58.81948683
   57.70461926   56.61550784   56.57234544   56.52896601   55.66136526
   52.5490457    49.42914163   47.4141687    46.45861969   45.50066961
   47.17641923   49.71812536   52.26582455   54.59421724   56.92726644
   58.46192757   57.43664628   56.40876091   55.90700617   55.9742154
   56.04153674   55.09232809   53.75240411   52.40915639   51.68017798
   50.9709805    50.75707136   52.42977707   54.10639036   55.24396351
   55.72280039   56.20261641   57.08512615   58.14732383   59.2119707
   57.75335643   56.11814249   54.44773297   52.62946386   50.80675523
   50.75479923   53.14839939   55.54760096   56.26220798   56.11937421
   55.97603622   56.34273538   56.76340852   57.16623549   57.46208503
   57.75798492   57.36313261   55.89338934   54.42028964   53.85799004
   53.824225     53.79029449   53.56225025   53.30608453   53.44261784
   56.51870674   59.60151217   61.69036075   62.00722943   62.32475402
   61.84993606   60.851397     59.8505509    59.66529199   59.6308611
   59.4883725    58.22473949   56.95807367   56.36447848   57.14163202
   57.92047979   59.53341597   61.77167587   64.01502999   62.88908247
   60.99443954   59.09833931   57.24730934   55.39196557   54.4123731
   55.48625786   56.56251601   58.27705545   60.53242328   62.79282488
   63.12154197   62.91950695   62.75830084   64.05502367   65.35459242
   66.52011274   67.31765995   68.11693326   68.32789126   67.97716869
   67.6255223    68.09784066   68.8392452    69.58218479   69.3407596
   69.09602022   68.89811308   68.85052832   68.80264276   68.2707548
   67.21744586   66.16164797   66.16798476   66.57923018   66.99129502
   66.98175185   66.95772909   67.00799339   67.33972753   67.67203721
   66.29679126   62.84435759   59.38399306   58.03262899   57.6110221
   57.18836089   57.20492988   57.25112485   57.46119686   58.42300274
   59.38688937   59.94231627   59.93569884   59.92896314   58.42104442
   56.15046357   53.87464984   53.08253333   52.44175778   51.83851886
   51.45683512   51.07424062   52.06860015   55.20781102   58.35399984
   60.81874333   62.89012437   64.96578574   66.83052644   68.66875295
   70.43315452   71.62521175   72.81978295   72.79866169   70.62289699
   68.44289876   66.72950501   65.32187564   63.91154448   63.1852472
   62.58202548   62.05809445   62.36310763   62.66835766   63.45414288
   65.2124525    66.97497485   67.37019183   66.74614327   66.12124836
   65.22634177   64.26894808   63.57203486   67.09009057   70.61475311
   74.10570587   77.50867538   80.9194181    81.66675139   80.17136882
   78.67353184   74.53628364   69.67198541   65.00098067   67.28522722
   69.57350933   71.91966849   74.41476918   76.91422788   78.56877244
   79.41990855   80.27324494   78.41512383   75.6753011    72.92994708
   71.96102279   70.99284969   70.5009571    71.5194693    72.53946324
   74.71719041   78.13799724   81.56585744   83.62904147   85.17684318
   86.72826033   87.81654243   88.89059791   89.4781609    88.23160405
   86.98198088   86.10425129   85.67796507   85.25026486   84.39931937
   83.36202926   82.32225131   82.91657335   83.62050741   84.42360196
   85.66975671   86.91820405   86.50940568   83.83185053   81.14789568
   79.45171556   78.25322343   77.05149474   78.23100895   79.65573495
   80.55032657   78.4193504    76.28394425   75.63752381   77.30443877
   78.97392923   81.61204029   84.81188066   88.01729029   87.34240934
   86.12217753   85.2261249    86.72740658   88.23164054   89.51675892
   90.41080359   91.30652558   87.81963391   81.45931877   75.08544924
   73.36550533   72.48397655   71.86108018   73.87998177   75.90309313
   78.58890248   82.60460144   86.62825164   89.64545414   91.9165147
   94.19162147   89.45951581   83.14694573   76.97735183   73.26671591
   69.54897677   68.96182634   75.63650515   82.32443154   85.70262743
   86.30211903   86.90256921   85.17509752   82.81308292   80.28684754
   72.48175779   64.66158128   59.9318438    63.53051501   67.13714427
   73.02535825   81.07565287   89.1421749    89.75175384   87.95365331
   86.15178391   81.29209014   76.42079217   71.61514568   67.03961696
   62.45482194   63.52934187   70.65239773   77.78979217   84.91035349
   92.03248288   99.16886743   95.16087175   90.78717987   87.48958418
   88.23970364   88.99158545   89.72989692   90.45098335   91.17369321
   89.16345805   85.95365581   82.73155701   80.06659454   77.43417729
   76.15196875   81.00330665   85.86267794   90.29582575   94.14386699
   97.99841792  102.06171913  106.23304328  110.41120508  113.0673984
  115.57275586  117.3538546   115.02589544  112.69419608  109.34612882
  104.43089757   99.50741541   97.30729998   96.66980034   96.03030671
   92.35216228   88.2462515    83.94205062   78.24109165   72.52928159
   70.37047945   74.45739067   78.55078847   85.48820209   94.28496995
  103.09783009  105.35108993  106.4298894   107.67825171  110.60884188
  113.54546194  115.16098576  114.12356551  113.08366553  110.05114834
  105.54335092  101.02680795  101.4203949   102.90965871  104.18236152
  102.02558593   99.86401687   97.8185026    96.04281673   94.26406686
   91.56180527   88.08549728   84.60380119   82.74348549   81.31938387
   79.76147843   74.01329206   68.25521299   63.9065987    63.33976507
   62.77132277   64.54582808   68.53011969   72.52147789   79.34990054
   87.09574521   94.85487962   99.61472756  104.38216779  108.61028544
  111.13074324  113.65639988  115.52385669  116.69146669  117.86085314
  118.53863843  119.03312075  119.52426978  117.3340447   115.05547267
  113.18690961  112.84999479  112.51231726  114.22148752  118.39057156
  122.56610378  123.31836288  122.57840228  121.83820668  121.12958975
  120.42263388  119.20455821  115.6954817   112.18102823  111.34850458
  114.16156946  116.97818603  115.88929492  112.84442355  109.79454764
  109.26901124  108.99370349  108.24188904  104.82513544  101.40184185
   96.32435427   88.70261438   81.06901479   79.71947353   81.9622695
   84.20888806   91.51131982   99.52095021  106.94395461  110.05353497
  113.1674726   116.07167676  118.60477608  121.14137885  123.151696
  124.81924586  126.49050745  124.87901574  122.67866502  121.12535043
  126.03326196  130.94938903  135.40054633  138.914725    142.43542452
  143.32017243  142.26655438  141.21015143  139.34556663  137.3029216
  135.23333106  132.80873018  130.37875716  129.00003989  130.03579269
  131.07396076  129.12270608  124.68046865  120.2312035   110.06429401
   98.3487861    86.59679454   74.28614777   61.95545      53.30783876
   54.49151673   55.67698571   63.48974425   77.53602571   91.60512125
  101.64102799  110.39925211  119.16684198  120.80774965  122.45138938
  124.50171485  127.81123247  131.12604124  133.53351854  134.97596985
  136.42181582  137.42965335  138.27624738  139.12352293  138.04997366
  136.91710332  135.75117282  134.47263599  133.19067926  128.18340429
  118.71523085  109.23151948   99.40495699   89.41448293   79.40975712
   67.98700044   56.45823247   48.20544332   54.64959421   61.10367095
   70.31412244   83.25113206   96.20723969  107.14280514  117.08031371
  127.03134014  134.34348942  141.40368714  147.44065417  147.74567021
  148.05064099  149.44074495  152.49178152  155.54849118  158.41669724
  161.17791151  163.94443685  166.58645797  169.21556162  171.36531506
  170.06365517  168.76090541  167.85086875  167.63005439  167.40757062
  170.24724786  175.06912469  179.89776694  177.34637043  173.48551778
  169.99443385  170.17781325  170.36513853  172.10291443  176.923044
  181.75163321  184.30991094  185.20341242  186.09894866  186.73061871
  187.30661315  187.95196929  189.65787605  191.36548917  192.38308365
  191.82017711  191.25509046  190.86741197  190.62406729  190.38180201
  191.79216838  193.64648008  195.18295253  186.97472394  178.75370896
  173.27914568  175.09774163  176.9202852   182.0074618   190.15427909
  198.3125894   199.91866195  199.44661365  198.96492203  194.4053051
  189.83681065  185.07871283  179.7426172   174.39885658  176.43290716
  186.26258224  196.10838197  197.61579177  196.02055031  194.42391147
  190.50610677  186.51606115  183.41695946  183.6143354   183.81171211
  184.58360015  186.0423693   187.5016792   184.53471008  179.6522291
  174.76312095  177.37721813  180.46307635  183.0501522   183.39945953
  183.75061345  183.37649113  182.02259063  180.66797877  177.14907116
  172.55420079  167.9516742   169.38566442  171.41046485  173.96610576
  179.43993038  184.92060079  187.29365058  184.916286    182.53527742
  184.42116625  188.72626814  193.03915906  191.66399914  189.51951196
  187.10039938  182.75092342  178.39600521  172.83368398  165.18272713
  157.52031631  148.14885435  137.67138811  127.17665395  126.80823823
  128.21758429  130.67089947  143.26041286  155.86843935  165.31106756
  168.45853552  171.61206157  174.76091028  177.90908556  181.06230268
  185.34592907  189.87792608  194.00988058  192.09873711  190.18597832
  188.75850692  188.44323291  188.12622702  189.22005449  191.47873809
  193.73996419  193.47396349  192.5348973   191.57489922  189.994397
  188.41265877  186.94425439  185.77921829  184.61326968  187.6021888
  194.46747844  201.34322008  205.57389802  208.97509292  212.35180261
  205.68229494  199.00287632  194.02354706  194.30519176  194.58566785
  196.07046788  198.82023932  201.57514122  201.32591479  199.9636348
  198.59982033  196.6451102   194.67227356  193.51492807  195.34653149
  197.18204265  200.10777271  204.33237245  208.56184644  211.45830552
  213.78506482  216.11367391  213.99513363  211.59991023  209.44774213
  208.371103    207.29334953  203.69823063  196.72345303  189.74013189
  188.65751689  190.49168305  192.3282563   194.35680357  196.40798705
  198.44460837  200.39562769  202.34935885  204.3942652   206.57899506
  208.76491814  208.82989406  207.67121488  206.5122196   208.03526444
  209.9195892   211.84164121  214.01519912  216.19136196  215.36766006
  209.35773195  203.34418919  199.66375898  197.48217518  195.29760668
  196.37375697  198.01973363  199.89339619  203.952042    208.01433146
  211.80322505  215.05268856  218.3047492   220.17010444  221.02500612
  221.88112115  219.10122638  215.52795125  212.31826193  214.45165184
  216.58588213  219.722877    225.12571991  230.53411709  228.8143413
  221.23191563  213.64338028  201.82558359  188.88500063  176.84241897
  190.76883517  204.70807228  215.7013016   218.95070445  222.20462381
  221.61770144  217.46362024  213.30475805  212.75487151  213.33870787
  213.93628238  218.53449899  223.13646139  227.37832566  230.5113562
  233.64584618  232.82957715  227.87262799  222.9121682   219.76388719
  217.28012014  214.79511217  216.95571349  219.24363006  221.27742134
  222.37843933  223.48151213  222.02834248  217.55447715  213.07685996
  214.92927833  219.48928893  224.05300487  230.6405883   237.35653835
  241.77498135  236.097853    230.41386843  222.86071185  212.80902981
  202.74771739  201.18168207  203.79299119  206.40575182  214.70390007
  223.55023254  230.87719329  229.91544428  228.95188139  227.77615423
  226.27821049  224.77991915  222.50824279  219.79998521  217.0904904
  210.78037683  203.98747865  198.58524796  202.90730821  207.23319266
  210.2502816   211.01629493  211.78274168  206.92492703  198.4714296
  190.0101441   184.83074531  180.21612938  176.37380977  179.91867337
  183.46509192  184.64999096  181.19296688  177.72820633  178.71426271
  182.92647544  187.14155649  193.89781467  201.20652642  208.78939371
  220.22690417  231.67443143  240.17899721  242.03392844  243.89153673
  240.65524903  233.24176726  225.82353845  215.36533763  204.10405572
  193.62615429  205.28436911  216.95167079  225.85446498  227.53726984
  229.22081826  229.3642599   228.08478223  226.8034135   214.73274856
  199.28659731  183.83912695  170.85985966  157.86966542  151.59335578
  165.8090067   180.03546371  193.13007873  205.04079615  216.96071612
  222.70931265  226.19689427  229.68701462  223.65765927  217.3740318
  214.44789587  223.67312348  232.90676423  238.56595888  240.01097875
  241.45038845  244.27783283  247.69977835  251.1221664   255.52183486
  259.98168567  262.63950249  257.42756013  252.21089503  248.45115516
  246.63528253  244.81697701  241.42531503  237.25972414  233.09233139
  232.86949496  233.01704204  234.07555695  240.03757551  246.00360979
  244.26164148  230.89315473  217.51527438  210.5175286   207.08784951
  203.65517495  212.16185359  222.24595962  231.16477142  231.97856553
  232.79391124  233.56078979  234.24615679  234.93290011  238.17790486
  243.0529555   247.93084627  245.20102816  241.16176722  237.3120238
  235.27541735  233.23628245  231.08528935  228.71747059  226.34862586
  228.76423627  234.63645946  240.51408021  246.20684267  251.86303523
  256.60329791  248.30533135  240.00156136  236.08770906  242.02833424
  247.97502644  251.69050248  253.58807451  255.48605855  254.45189519
  252.65343727  250.97471976  252.59462026  254.21653963  255.02314988
  253.71609571  252.40613751  250.43584757  247.85457896  245.27121994
  245.44398677  246.47234754  247.53819441  255.29127264  263.048545
  266.69441277  257.84548288  248.99031884  247.39681022  253.36096625
  259.33045422  263.27614094  266.48525181  269.69756348  268.22140632
  266.62535914  263.79005592  256.49758358  249.19881491  244.46418427
  242.74088269  241.01524328  240.36365009  240.16732566  239.96957825
  243.86318485  247.99746784  251.71144265  253.60233267  255.49282261
  255.83661706  254.12566578  252.41365101  256.37094441  263.09567401
  269.82594715  274.68100184  279.36319421  283.00890014  281.07202403
  279.13487533  273.98194262  263.99937231  254.01027307  257.14597159
  267.60448504  278.07134616  279.35507325  279.44185023  278.85452592
  273.63305784  268.40614512  265.84680479  267.84633736  269.84591852
  270.35408406  269.915737    269.47562519  272.9819304   277.16235636
  281.05348792  282.21950142  283.38653889  286.0741709   291.71808171
  297.3667756   298.49634857  296.37396851  294.25102088  294.14901066
  294.47660513  294.4990755   290.2205548   285.93984543  282.60315244
  281.38461911  280.16579473  280.47040793  282.01668081  283.56426074
  282.61613588  281.0221578   279.26383359  273.24506812  267.22041896
  261.68092377  257.40229947  253.11916156  252.46692095  255.15065822
  257.83520612  258.94738019  259.57120351  260.25024262  269.12163311
  278.00009549  284.26082243  282.60361908  280.94614931  280.27113192
  280.61265194  280.95558186  278.79766245  275.73178068  272.6616355
  270.25932289  267.87211311  266.29591521  267.62930408  268.9638293
  270.24169124  271.45665528  272.67223408  277.99059371  285.03931837
  292.09374042  291.97310572  291.44068819  290.13966888  285.52351832
  280.90274757  280.38831992  285.30250605  290.21916528  290.55070307
  288.65235041  286.75324806  288.22190301  290.00293709  291.54202461
  291.78472112  292.02879758  289.78134964  283.80612406  277.82875439
  274.499035    272.6393892   270.77695937  272.37171924  274.41405506
  276.82375881  281.73488796  286.64928645  288.88659782  286.57430312
  284.25960915  282.47796046  281.02954612  279.58103274  280.27736446
  281.33563241  282.34804626  282.92045495  283.4922199   283.92326354
  284.0775187   284.21209444  286.14836898  289.38539305  292.62216202
  296.7081765   300.97884136  304.77158613  301.94214324  299.11363361
  297.37427991  298.05946338  298.74705604  299.15318731  299.33236562
  299.51265473  300.86265111  302.51465639  304.07640582  303.2748323
  302.47211225  301.54272484  300.28190492  299.02278537  299.07511921
  300.32459712  301.57701415  300.46402125  298.62073927  296.77653512
  294.61711511  292.45439699  290.69260808  290.1303891   289.5680869
  290.03793477  291.57131993  293.10519544  289.19067729  283.30414486
  277.41401826  277.93242186  278.60097176  280.46934444  286.60487343
  292.73787198  294.99356734  292.72717193  290.45746913  292.54457881
  296.46106994  300.37700454  303.2759417   306.11753982  307.14385972
  300.40026691  293.6526516   286.12977865  277.58922173  269.04415926
  269.11748933  273.35668539  277.59716085  283.28429379  289.10676342
  294.30553819  296.21396945  298.12320345  297.88606902  294.45548882
  291.02338162  288.94821825  287.6261651   286.30361971  288.99417656
  292.20152631  294.83659966  293.6019718   292.3680524   291.33089052
  290.62797935  289.92622296  290.59976265  292.13840381  293.67939949
  293.95528507  294.01716828  293.58527838  288.62245256  283.65975368
  280.08720985  279.20089788  278.3161583   279.05560974  280.95169524
  282.85010789  282.24174799  281.10565241  280.29284168  283.8530283
  287.41402952  289.77151158  289.45801217  289.14321195  292.1254249
  297.76687302  303.40903117  305.89441873  307.56805819  309.18290798
  309.24929017  309.31335573  307.86069662  302.51740269  297.16979638
  291.97157825  286.90815988  281.84087689  283.88459576  288.10541624
  292.3018642   293.40508568  294.50817024  295.83542081  297.83768162
  299.84041512  301.00108186  301.29897262  301.59684194  302.50075987
  303.62608274  304.74957473  306.50883698  308.28308056  309.80991345
  310.4694829   311.12966941  309.89607277  306.46827684  303.03876392
  301.79285493  301.46075333  301.12788696  303.85205748  306.7473211
  307.99262358  302.21218927  296.43133039  292.15495054  289.85057648
  287.54738342  290.86099308  296.88228959  302.90622991  305.06784336
  306.88511189  309.00721735  312.72278582  316.44110491  319.22257664
  320.6091718   321.99707184  321.39137631  319.69065667  317.99100948
  315.14921265  312.1594403   309.29493719  307.26460621  305.23112776
  304.00271223  304.12577443  304.25102098  307.94654678  313.8779395
  319.81375242  323.82249013  327.50988781  330.241467    324.3227732
  318.39965371  315.18659585  317.18652239  319.18607819  319.67834071
  319.09734619  318.5142883   316.17170887  313.45952925  311.05774704
  312.86038756  314.66383205  316.43147527  318.12714327  319.82141765
  321.88212782  324.23675106  326.59049757  328.45221497  330.18930611
  331.61318159  325.38925819  319.1633326   314.50256     313.84335226
  313.18455308  313.29980273  314.12208717  314.94459427  313.25415606
  310.80146173  308.38733908  310.23742693  312.1141669   313.2984248
  312.42822327  311.55777621  309.54332049  306.35957404  303.1743278
  303.2162735   304.41498751  305.61526306  306.50918246  307.39729128
  307.32612492  303.874178    300.42201662  298.02578224  296.849618
  295.67488373  288.55454374  278.95408217  269.3496656   260.47360446
  251.62952875  241.52656464  226.10173729  210.66795305  209.16290591
  225.87194105  242.59209735  255.70019218  267.07820323  278.46360979
  277.23218902  274.87715413  273.35563741  276.18412011  279.01238439
  283.22796419  289.49152337  295.75671551  301.17744886  306.13526556
  311.0937503   309.65795688  307.4153847   304.95133228  301.01644695
  297.07745941  294.40692155  293.86539803  293.30800324  292.81927322
  292.37421921  291.9278578   303.67611587  317.44787468  329.99667557
  331.57358542  333.15127428  332.77603719  328.6653686   324.55252452
  322.33616271  321.4677499   320.59884699  323.1596845   326.43821966
  328.9480582   321.29391737  313.63668049  309.09160682  311.39689066
  313.70443352  317.37375786  322.13476989  326.89946245  316.94358443
  303.25520153  290.02894942  287.96476788  285.90178248  284.77564858
  291.17259326  296.82537916  303.78985233  312.32374114  319.63937306
  323.66524354  326.63659141  329.65256136  323.5068241   317.08310905
  309.93321995  306.99612118  302.48521954  300.52697506  300.53236664
  299.61282268  308.50109533  320.7775838   330.15057762  330.44143234
  329.81300733  330.72433902  332.23632255  333.54708178  336.18496245
  334.95763604  332.65388559  328.42503068  324.38354777  320.71536265
  311.05245258  302.19464455  296.92077996  308.53217059  322.53217906
  329.01602324  329.07798603  329.13733303  325.27949174  319.55033185
  313.81649882  314.45364653  315.64877288  315.34205592  318.2382749
  322.65956179  325.32967026  325.92713681  326.76496553  323.30345158
  317.79626464  314.17475007  307.28822003  300.74124028  292.99153213
  291.20398185  287.24792263  289.57349215  300.96729932  311.77334989
  318.05240907  317.31392552  316.57513914  316.98885423  315.36917549
  315.74944027  316.73598388  319.96714679  321.07859048  315.08552399
  309.09199344  304.16679024  300.44651664  297.77940129  294.88876239
  292.4960699   289.70926803  295.75102031  301.79396545  305.14275942
  302.58965312  300.03791405  296.21178576  291.36582534  286.5202378
  286.67294304  288.08402791  289.53618779  291.88635433  294.23545458
  296.89424128  300.29343039  303.69255205  306.1069075   307.63592513
  309.16258059  311.02684357  312.99280982  314.99791822  320.57455277
  326.15368374  328.81710976  322.89261719  316.96816786  310.57937295
  303.71822329  296.85938527  291.28267177  286.16079419  281.03895961
  297.54077093  314.46420284  327.29428917  325.8788252   324.46269519
  320.27966287  312.92255126  305.56552378  307.12462182  312.35730446
  317.58876265  322.60220036  327.60419377  332.18942916  335.03363203
  337.87857905  338.83355204  337.34059265  335.84762523  329.25303017
  320.23475712  311.21834683  312.27243271  314.19958681  315.87253491
  316.10620708  316.33987634  316.35932505  316.05795762  315.75650781
  314.31636244  312.25636104  310.19601846  303.56062803  296.35621746
  290.91977971  297.04010731  303.16129562  308.75244422  313.46232851
  318.17113141  321.19097949  323.16531515  325.1398987   328.00319932
  331.01319671  333.32868179  329.564006    325.79874917  320.31010899
  311.54832596  302.78635231  303.48971843  310.84318332  318.19765949
  319.69092139  319.98167697  319.92464481  315.39150853  310.8557509
  308.08500354  309.16017638  310.23546375  313.73347511  319.16052387
  324.58587806  328.08172175  331.09392575  333.91926221  332.46676852
  331.0167217   327.6503002   319.46773208  311.28399488  306.27253505
  304.10788174  301.94289455  302.14098987  303.04383448  303.97311214
  307.08181328  310.19090201  313.1881472   315.85934754  318.52832178
  317.80422177  313.64275943  309.48069785  307.07591863  305.29180101
  303.50568422  304.03656612  304.61075334  304.90069527  304.20793548
  303.5166731   303.61279078  304.60940211  305.60609154  304.94131193
  303.595239    302.25009163  306.076412    310.16597391  314.4086516
  319.28573609  324.16332964  325.86573189  323.46483158  321.06162381
  313.46651742  303.41575743  293.36385069  277.5021005   261.1430434
  248.11185368  252.08464511  256.05784233  259.12636236  260.87085742
  262.61767089  274.51377744  291.90878562  309.30564099  310.82550745
  310.3998682   307.53603665  288.83689863  270.13559965  261.39905543
  269.18360729  276.96895576  286.79252093  297.8720716   308.95216732
  305.17006115  298.99065134  293.45649135  293.53091735  293.6050759
  295.30284116  300.07187885  304.84137716  309.26089152  313.43632996
  317.61297558  313.2623721   307.17562683  300.99111417  293.57301361
  286.15350386  282.46809321  286.87185607  291.27599866  298.38903451
  307.649308    316.9104076   315.14789075  310.63584734  306.5111884
  311.07251409  315.63422331  319.56910209  321.93689505  324.3022127
  319.48916914  308.24802284  297.00582334  291.40480744  287.48765884
  283.77191452  295.46459124  307.15827978  314.69633375  310.10229839
  305.50781976  306.37737663  312.75314212  319.12930569  322.99514097
  325.97926422  328.96361096  328.57637719  328.12850463  327.38918026
  325.64793309  323.90649837  320.27097478  314.48028865  308.68875999
  307.61931409  306.10622739  300.67490558  298.67672571  298.36349326
  299.64240905  310.73305406  319.9654743   323.1831895   321.95148894
  316.2248842   304.10219684  289.18781561  271.27196762  266.93267038
  265.30812676  260.18550599  261.25912     259.60505003  263.38285387
  277.28468934  286.50050007  293.19889488  296.75584091  297.2804612
  306.21271819  315.4187276   321.45550774  317.23319569  312.56156521
  309.4669033   311.95130391  314.50056059  320.66282973  328.12631274
  336.6573028   338.88321199  339.96031217  341.09430164  338.63410666
  335.87306784  330.83618596  321.90395925  312.42562498  308.78497321
  309.32668862  309.67397439  314.89328805  321.34736574  328.94498069
  333.98184059  338.76614169  341.97367996  341.77190688  341.57268825
  341.9542319   342.79621388  343.63820911  340.69868323  336.82344704
  333.02870186  330.93110685  328.83334654  327.85466337  329.66269977
  331.47080754  329.60084244  324.44681379  319.29230134  311.11000815
  302.03005446  293.07588888  293.27932814  293.48524748  296.6378491
  308.34975513  320.06241584  327.52442328  330.7084282   333.89502892
  331.05758388  326.1159688   321.17398961  318.81842927  316.50665062
  315.77948815  320.47324596  325.16632751  326.26298149  323.27343421
  320.28365759  321.25770102  323.84395219  326.42881856  332.39075081
  338.51743351  344.01190947  346.90809007  349.80592373  350.5965985
  348.69098014  346.78520394  342.46733356  337.01731667  331.56948538
  328.56863085  325.77109043  322.86110093  319.38472086  315.90809559
  312.52114737  309.25773862  305.9941008   312.16471368  323.40888865
  334.65368521  336.16210764  336.50127158  336.47626498  334.12236035
  331.76828198  330.13158214  329.67819101  329.22331108  330.26938482
  332.23575783  334.20539731  330.32551015  325.51604686  321.00662555
  319.06215648  317.1174919   315.08504155  312.88800051  310.69168655
  310.15521427  310.76843478  311.38166729  314.49668484  318.11535402
  320.7536328   311.32757671  301.8983809   296.21548797  298.59289183
  300.97044525  303.79311593  306.96818335  309.28111214  315.59610532
  319.93409266  326.05897465  328.16277045  331.05972892  331.01515113
  328.30660319  327.7834311   325.383063    324.26115643  323.44433892
  322.87922508  324.40456985  326.70455926  323.21839066  321.81860629
  320.11015792  317.00998329  315.13798145  312.42743665  310.57494847
  308.03301759  313.58443586  322.07337456  329.87518715  337.35448385
  342.98523223  346.56502431  343.18365315  339.80084305  333.25974162
  323.14382683  313.02811569  315.77567996  323.72446446  330.94210465
  327.30359138  323.91460783  320.81572713  314.05311816  308.96376296
  312.63585392  322.67310527  332.33428     332.62210448  328.0361307
  323.45301983  323.18927727  323.28162501  323.83705834  326.71529411
  327.77626421  329.8346411   329.4258193   328.09654291  325.42723217
  322.04063555  318.65607062  313.19112676  307.47864559  303.30475721
  307.46594508  314.45442083  317.95726271  317.96772045  316.92460519
  321.16472864  324.37247646  328.92988637  328.60903287  325.45778506
  322.8467036   324.79184679  325.2346153   325.7333034   325.36861376
  325.91944718  326.39102239  326.51568617  326.6402974   326.29637334
  325.4982253   322.89066268  322.10998964  320.11826412  318.04898642
  317.0497857   316.04793796  316.8191454   318.97814701  321.13695281
  318.64250468  315.00758976  311.65964942  314.34128232  317.02267941
  320.45742258  325.75338058  331.04595064  333.72917059  334.10419739
  334.47915108  332.81800913  330.55370128  328.21498182  321.26629254
  314.3183156   310.53634115  315.86219796  321.18596394  323.87530549
  323.93486175  323.99436727  323.80944031  323.53694825  323.26734858
  326.81110851  330.41067186  332.95293814  331.90710894  330.86165883
  329.79952886  328.71709628  327.63474139  330.06641146  333.91309561
  337.76211859  337.657519    337.36745154  336.61562301  333.98327374
  331.3533146   329.96619666  330.15964397  330.35302338  330.03101996
  329.46856533  328.90806956  327.13205306  325.25753273  323.54518626
  322.63443252  321.72667012  321.35727443  321.7631631   322.1689589
  322.19465006  322.01980626  321.84596131  323.7800899   325.96216638
  328.00817327  329.2020282   330.39822416  330.88356813  330.2069436
  329.53035595  327.44224775  324.49965932  321.55733359  314.24318426
  306.2433958   299.46424379  302.870036    306.27709703  309.42130151
  312.07592243  314.73034956  317.67831161  320.83340432  323.98827106
  320.20643314  315.04382978  310.26954474  310.16399085  310.05839927
  312.88660466  321.96244063  331.03465928  335.66768115  336.83432743
  338.00085551  338.65512928  339.18244431  339.25164242  329.90583564
  320.56055941  314.13899253  314.89974218  315.65894506  317.87551267
  321.3751537   324.8745268   322.95563372  319.45294638  316.0236454
  316.84248821  317.66123268  319.7527785   325.48460022  331.21624469
  333.6938113   332.93092353  332.16803897  328.810481    324.5569451
  320.30653346  319.40012157  318.54123103  317.70442653  316.93958032
  316.16634642  316.77122391  318.92555981  321.079539    322.29735697
  323.13885216  323.98211949  324.21737796  324.42476859  324.44103143
  323.68253425  322.92711204  320.41407449  315.67483913  310.93625757
  307.89247101  305.63600788  303.38083727  306.43570495  309.91431553
  313.26262424  315.96873746  318.67687902  319.67746535  318.23030436
  316.78331539  318.91283199  322.94624841  326.97915635  329.08207777
  330.96007142  332.48118037  331.78128242  331.08315182  329.4855518
  326.42431179  323.36349475  320.62281515  318.07995359  315.5360166
  314.92110514  314.60604681  314.57753761  316.93084589  319.28444123
  321.94720016  325.18358971  328.41860237  329.22659447  328.37284129
  327.51918799  324.87023097  321.86741511  318.91592408  316.60528718
  314.2950075   313.12692746  314.38391932  315.63915033  313.2920767
  308.14530466  302.99939512  301.54197588  300.97562354  300.75722108
  307.43797816  314.11750196  319.69104611  322.55445053  325.41757231
  327.74058411  329.58826164  331.4355587   333.62388029  335.90825202
  338.10942935  335.456011    332.80302281  330.67199672  330.02671097
  329.38369005  328.70275737  327.98379345  327.26491193  329.01214099
  331.60651632  334.20249092  333.32403794  332.40020066  331.62151116
  331.32590161  331.03344334  331.18317796  331.8275827   332.47184132
  322.1813723   287.96420421  257.48470988  227.84433213  212.05446464
  225.23722083  232.61889488  242.83813427  247.12328106  256.7960563
  267.35326563  284.02368314  302.6065752   313.26633566  313.66307445
  295.39704144  280.80403198  282.03510888  273.12671949  286.93584778
  279.87766684  288.67659286  299.43354229  286.29653225  296.417839
  297.54929589  286.32752849  296.31675313  300.56517465  291.83685734
  299.37357093  299.44195131  288.92935279  288.49833598  289.53638471
  284.91821225  284.84757825  292.81364068  295.81140009  301.16807393
  308.63590023  312.79217262  312.76266712  312.73387909  312.79152923
  315.34640072  318.04598192  319.52017822  320.73309226  316.70623905
  320.22429796  323.44162849  327.38870689  326.71051872  325.90675227
  321.91874865  320.79235207  315.97663911  312.56758807  316.70804721
  321.33110895  325.39365504  325.89848961  322.86300848  319.97728278
  314.97704351  318.23018955  324.72083726  328.53238535  326.79273923
  326.44703593  325.96137434  324.89909938  324.66931494  326.10997889
  328.03695534  331.84639811  335.51905535  336.11240697  338.3895039
  336.99735466  334.95385122  332.91180697  332.87763855  332.86746168
  333.1573841   334.44490516  335.73485299  334.07382122  335.36366753
  337.91696687  334.63569716  330.45748269  326.32568218  321.84015852
  319.36051545  319.08656149  317.60029881  316.4627822   315.83294099
  314.69214705  313.03142292  309.11926278  306.21783707  302.64576701
  307.30487818  312.17293434  312.49903262  313.38050274  313.87586876
  316.9899884   316.34850983  316.21474449  318.0525025   320.59500725
  320.29102305  319.96377025  319.29361502  319.46254222  322.51969099
  321.85198355  319.96793926  317.06543637  312.14527718  308.74481155
  309.39020379  309.20179576  311.16678267  315.31534687  313.73479047
  302.93345508  292.13461453  278.58592617  264.70013745  251.574599
  252.58192181  263.04091298  274.71858978  274.77157087  272.13788072
  270.73397031  283.55230473  292.95743724  301.87656654  304.43807236
  307.87417759  310.51000211  311.06022417  310.82778394  311.56043706
  313.33011997  314.46416284  314.28186985  313.65388581  312.02610161
  308.25737625  304.36003491  305.36821874  308.77207941  311.75638854
  313.28518362  312.89006529  314.97045056  313.16666138  313.09233658
  313.19101182  314.656672    316.45919087  315.19987517  312.3278581
  309.45702737  309.79356844  311.21846272  312.64232627  312.7373379
  312.81708649  313.26815789  314.95135339  316.63371293  316.29170186
  313.70578592  311.1207317   311.66500615  313.44580937  313.87802875
  313.45227493  311.52749899  310.03778238  310.27230784  310.50657565
  310.47653792  310.11584061  309.75492212  309.22825376  308.62584246
  308.02391208  310.04358514  312.26355223  314.31130182  315.52762553
  316.74305507  316.85289835  315.39618783  313.94015698  313.12718269
  316.03258182  317.59823652  318.56357539  319.46047735  319.83605828
  317.02822657  314.22138183  311.67098244  309.53251128  307.3951232
  307.84017163  308.61768589  310.58079555  306.76780569  301.45222125
  298.79103717  300.95306722  303.57441031  306.05518289  307.50738625
  307.43484551  308.79247285  309.2541227   309.68938114  308.5918016
  306.81089757  302.68152242  295.00233073  291.12997336  286.16810229
  288.18668185  282.12300739  280.82262048  280.27301796  270.87384403
  276.16167374  276.30746475  274.16664428  281.62300458  279.56375019
  270.34492826  255.62644672  250.86763194  255.25158294  268.57779741
  273.49131004  273.11328898  260.63773066  257.68522116  269.13399301
  267.67486871  278.50882192  267.58161591  268.71397792  273.04151417
  269.65660654  279.64311203  281.33660949  288.36577821  294.03759092
  303.98572461  310.23502974  312.53667829  315.56709986  313.11503891
  309.95682059  306.94070521  306.09977316  309.75631568  312.36294265
  307.68966552  308.11440796  305.05287258  302.91404989  310.44347197
  309.9156851   306.67955839  295.97172695  283.01717493  269.27803703
  272.22340789  281.13684773  290.50070093  287.04859151  287.10046079
  276.63841337  274.85760061  282.26825897  277.49645469  284.65841451
  286.77181371  293.48135978  286.31050107  280.94109661  285.36176786
  289.96610258  298.20121762  304.30174597  299.36243909  295.61096586
  294.63405601  286.95840464  278.11293969  278.97220406  281.93752888
  284.5814077   295.40435398  292.81501484  283.33453566  282.80399213
  275.83665404  266.92794108  270.4019355   272.70685695  278.43983341
  291.44620349  297.10315784  301.06094289  301.08189366  296.18961023
  292.72671326  277.29232449  272.82104649  272.58767595  270.74287528
  274.78362233  283.16925894  291.11236284  296.55763598  298.24988865
  295.65925086  286.53335392  284.76438881  286.09628749  291.01469991
  297.11694617  294.76179765  291.14572394  286.15097618  286.02900748
  286.97712221  282.48110875  278.56896539  278.49696743  283.92536419
  288.98317004  293.9249715   295.98482998  298.1513608   298.08594395
  299.45961526  298.52995311  294.14117491  292.92583168  282.63549665
  271.93924367  271.9005435   279.05122539  288.70922353  295.46212608
  297.46526899  298.98620361  297.74990735  297.21264185  298.21351031
  294.50638427  291.40737037  290.57261978  291.9287581   293.5563317
  294.17643194  293.25804588  290.01500762  288.91676351  286.61202983
  282.98329685  275.72329511  267.84458605  263.88517052  265.41942914
  267.50590252  269.64056873  273.63462715  278.34066733  276.33201174
  275.39241838  274.8586519   279.63605093  283.91771269  285.85507952
  285.72284618  285.28172953  285.63863111  285.57710468  286.88836859
  289.07964556  291.74504249  294.22472914  290.65664888  288.06756056
  285.96547962  283.81732936  281.6426678   278.27999916  275.19331425
  272.16200021  276.3941959   282.51578876  286.76783826  288.11237743
  289.45583405  289.81015611  288.11166076  286.41435037  287.43698849
  290.53439435  293.62994685  294.62028142  295.11563797  295.55503134
  294.98004105  294.40551034  292.82407315  288.83396728  284.84614998
  280.98238643  277.22557265  273.47081023  273.75529572  275.18099221
  276.57228836  276.45790435  276.3437267   276.64501797  278.10214208
  279.5583287   280.23589267  280.15498441  280.07400775  276.24237899
  271.15832735  266.07680718  268.74199513  271.46828358  274.32786652
  277.62589707  280.92190895  280.75632498  276.79606329  272.83777094
  270.91866132  269.79667195  268.67527265  267.68809886  266.7071114
  266.57961503  269.78198975  272.98228527  274.37592536  273.53289465
  272.69003656  270.16452392  266.87989272  263.59740468  262.33258183
  261.21682134  260.88250232  264.26542861  267.64641693  271.13991326
  274.7922705   278.44259119  279.17918478  278.40546008  277.63220707
  277.49706003  277.4316129   277.4353071   277.85270806  278.26972537
  278.06760711  276.88176836  275.69653747  273.17035678  269.86041092
  266.57166143  266.01079077  265.85408997  266.17604259  270.23149781
  274.28508317  277.59162364  279.54629447  281.50026099  281.54117565
  280.29943389  279.05822814  277.48512401  275.84995142  274.23084937
  272.78578863  271.34107346  270.04194755  269.04397956  268.04632263
  267.22427984  266.53567102  265.84748663  268.06026452  270.95093629
  273.80968476  276.11546809  278.42020725  279.48134134  277.57620691
  275.6716916   273.78619672  271.9175107   270.04936839  268.07554509
  266.07239598  264.15650746  265.94639572  267.75581932  269.904543
  272.98039721  276.05558344  278.24625958  279.57982095  280.91272811
  281.19554259  281.12874457  281.06193288  280.97828869  280.8942536
  279.96409918  276.28302098  272.60277333  270.98170499  271.61455449
  272.24737372  273.91029329  275.97361085  278.03604586  276.09882558
  274.00486637  272.67596317  274.38588407  276.09482781  277.95553527
  280.00337628  282.05042     281.64446427  280.02494965  266.66115253
  227.61547039  179.76044199  138.85978168  111.58933278   94.56568089
   91.58378393   73.8350362    65.5793357    67.76420112   65.90837726
   67.33676099   70.45596354   73.18163028   86.38054194   91.33546241
  117.11433683  121.6368184   149.73180076  195.63652501  217.36612773
  232.3553995   227.45570901  187.55861804  153.06284778  161.01153359
  132.27694674  130.67578683  151.92535363  126.85104546  133.53838256
  154.29526014  131.88611679  136.0411963   157.28848218  149.73775721
  147.20991161  159.97361982  168.5725735   153.62144812  162.89818297
  180.12196419  180.85970288  180.92361344  185.9952682   191.69371005
  196.9506004   206.23997191  209.71968403  210.87099948  213.08139993
  221.63071448  222.77835036  223.3814476   231.87593064  239.00662918
  234.38727316  235.52332439  237.2896876   249.24631765  249.94140376
  242.72736802  243.93378272  248.42043404  258.59720554  258.66746687
  260.74119248  261.86677403  268.48504282  270.57696038  261.94217218
  257.93878804  255.80715132  266.09218337  268.80269326  268.64597273
  267.37403324  267.70690398  271.49564209  268.92710847  265.41746802
  268.94747764  272.74862571  278.50206144  280.97200995  277.6045905
  273.9423457   267.18729133  260.99310445  262.80127778  264.91792901
  267.03380042  267.28563799  267.4038387   267.91626246  270.27813935
  272.63898117  273.08870362  270.87893568  268.66982982  267.59201008
  267.09497755  266.5980142   269.05303773  271.82560488  273.96948
  272.42791664  270.8872104   270.03448104  270.26756984  270.50081533
  270.68142229  270.83134814  270.98090405  270.94277851  270.87720689
  270.47599377  267.49968668  264.52449417  263.34932983  265.40017991
  267.45005901  268.51789559  268.93145086  269.34455875  266.43308147
  262.9031188   258.98365339  250.85418266  242.72878555  237.72933021
  239.13757143  240.5449614   244.11096815  249.30488684  254.49641912
  258.4404352   262.09547779  265.59848204  266.50319439  267.40760646
  267.9202727   267.50888971  267.09729168  267.13800782  267.56438616
  267.98512957  266.67173043  264.87649275  263.10470974  262.22936561
  261.3545218   261.33842925  263.67649241  266.01354576  267.11298642
  267.02382092  266.93443513  265.87273528  264.49104204  263.1098039
  263.42126502  263.7412233   263.82891703  263.1681271   262.50758792
  262.68539007  263.77198389  264.85819238  265.77867516  266.63529395
  267.49125597  266.17686823  264.78326488  262.96941622  259.54073104
  256.11392253  254.55003154  255.26391575  255.97719643  255.64431781
  254.84457274  254.04527638  250.8625923   247.51361606  244.40970147
  242.44397465  240.47954039  235.19721513  225.31694936  215.44170206
  205.02345974  194.32984812  183.64192188  197.74809019  214.48296998
  229.43044869  234.01598261  238.59900861  241.60699244  242.1407281
  242.67400737  243.9010752   245.5327531   247.16332925  250.21911571
  253.47975394  256.25200204  255.32682903  254.40192888  254.08501892
  254.85489199  255.62448879  256.49006834  257.41947053  258.34832148
  257.83625618  257.05704986  254.73173457  251.82899064  247.67252709
  244.86362839  248.48047712  251.31440163  253.46895852  255.16690924
  256.86394977  257.0297232   257.01115568  257.29154862  254.77169391
  252.1730515   249.23200584  246.13774619  245.42798344  246.95914788
  250.76184912  253.92472617  252.97434135  253.47138933  254.72836864
  257.62853341  259.12342818  256.79417192  256.73640664  256.69879489
  256.4466054   257.32268467  255.00197819  254.31593681  252.64132542
  252.43500765  250.98641656  251.22745634  250.19265918  246.9642242
  248.05706336  246.48529844  246.11759229  247.12252323  248.27124258
  249.59476277  253.82273111  253.45530519  252.87790532  252.19816012
  251.12864726  250.05944872  250.01955736  251.23792682  252.45551996
  253.04575713  253.35735944  253.66893569  253.09031617  252.45027086
  251.91473102  251.86152653  251.80823665  251.63501233  250.60986192
  249.02792949  246.45513502  242.42686534  238.55634358  237.69410849
  238.49250149  240.43448285  243.35532315  245.78836216  247.09685329
  247.33064034  249.3458635   250.56375077  250.03096484  250.43973211
  247.28812671  243.72129376  240.72681162  242.0455654   242.63672401
  243.07011545  244.68217039  246.35044636  248.05713731  248.89799201
  248.74945114  248.78649075  248.85794604  248.92756407  248.98292835
  247.85153382  246.74702848  242.99694534  240.81187558  240.78413572
  241.97886311  244.2908679   242.88896104  242.17319282  243.11843316
  242.2381559   242.06483488  241.33890157  241.41187322  242.18582261
  242.42386614  243.87590733  243.97661721  242.78131264  239.88483398
  237.53955441  234.93122285  233.31468271  232.46944491  234.1906957
  236.1488125   237.74787951  239.62224965  241.08091785  240.46373886
  239.36770047  238.60938669  240.44198213  241.97819973  243.267112
  241.55740789  240.99939029  240.64488126  240.75248726  242.09029847
  242.36216711  241.24919427  240.13712577  239.81861177  239.52814226
  239.24728371  239.00347665  238.75970119  238.50884763  238.24989084
  237.15234761  237.07810091  236.0338128   234.92601241  235.23478364
  235.64059416  236.21928386  237.59586129  238.97165148  240.19724465
  241.21685126  242.23584006  242.66147716  242.78585147  242.91002578
  242.23996574  241.48714532  239.29244503  237.01459165  235.41782232
  234.41492705  235.04104442  236.30098691  236.51678878  237.35983346
  238.88961271  239.60144686  239.74869882  240.60082932  240.86371801
  241.14606635  240.26917248  238.19195728  235.06057645  233.39978483
  231.1324915   229.38792917  230.55692012  231.62470831  233.30279929
  231.52603245  232.31948032  232.69475827  232.863259    233.22239011
  230.73751517  229.63144322  229.8398921   228.66899925  230.53177836
  231.9057214   233.11663939  228.74953371  228.46278434  227.38457804
  218.58244038  217.49996858  217.37950761  218.6646048   227.25538001
  226.24391042  220.56095504  219.04269878  217.55222853  220.97676254
  222.64027635  217.09947105  212.91970011  214.68164573  216.31807222
  217.33200624  215.41348085  216.17043868  213.34036307  214.57030467
  222.47464383  208.40234417  205.14522893  196.42999154  190.44326951
  205.90374496  214.21857558  208.95083748  208.4072806   206.40412166
  205.2782547   217.11416786  222.9211676   207.70950049  196.14518141
  193.45442391  195.99248544  204.15316602  215.91876942  221.47206629
  214.49281695  221.18383041  210.89030768  206.2445312   212.18649767
  205.01989633  210.62514233  211.47731648  209.80980407  208.39316065
  205.7704916   200.09198521  198.29928706  211.71130759  216.54750519
  223.40167663  227.65511481  227.81726499  226.22176664  225.03777837
  220.01197484  218.90126703  220.60645522  222.10315862  223.58245153
  219.56196388  220.22470481  216.81768372  218.46491974  215.30641625
  211.62357565  202.77449982  180.07645004  172.07998189  162.94241078
  161.98384263  184.12537004  189.50115094  201.47547179  211.04394619
  213.64288729  220.39239702  220.45608302  222.74353459  213.02313923
  212.56847575  213.2469063   214.74102567  222.57958543  225.46368256
  225.85898873  224.31369744  222.26227718  221.82738334  213.09841367
  212.37608795  212.79894808  208.24682801  215.06219629  215.03085778
  214.20375973  218.21668737  217.40609165  220.06854138  222.58438362
  222.53454005  216.73434132  213.55268776  206.07682317  202.40721883
  202.30215995  205.62262666  208.54544666  210.05383539  206.687619
  207.93056918  215.14518889  218.23165454  218.43318897  208.98329907
  206.47474609  206.92182564  217.6248829   212.27585081  212.91389595
  212.71323061  213.10678837  221.87171831  219.69173801  218.87377343
  217.30188428  211.55621475  210.67508884  210.66743498  210.48625698
  217.78991778  221.76918641  216.96287584  217.39890901  217.48974721
  214.81684379  216.01928194  213.28387634  213.57499025  205.73652587
  207.73723042  210.48516474  212.63690335  222.89262377  226.4069075
  224.47703697  220.01684848  218.85585099  216.0641915   214.88764371
  215.13968842  211.99508951  207.23448179  202.1960383   205.47585529
  205.96165518  212.07938485  219.50919363  223.01280657  224.70245579
  222.59514381  221.08130326  220.22690198  219.02427749  219.05358884
  219.31847212  217.93050148  216.13734443  217.70827485  217.80594783
  216.40083751  215.13869753  213.61015152  213.68592905  214.13363566
  214.14699057  213.2503624   212.27713722  214.68289842  214.81771562
  214.70158688  213.91976436  213.69413503  215.57309442  215.47980258
  216.17591685  216.33846695  212.81241705  209.30785584  209.55198594
  212.84423164  216.89725974  217.19450794  216.2064447   215.55924274
  213.80782622  213.21387113  212.5129861   213.4812309   215.61373091
  216.5429321   217.9283318   219.43564275  218.16506083  217.63255581
  217.35066833  215.24889865  213.81237932  213.91518068  216.85964523
  221.55413227  222.70221045  222.95018617  222.92735959  222.57957332
  223.17470748  223.59419298  224.76079201  225.14725368  224.55055991
  221.03166617  217.51530154  215.17766097  213.64115766  212.31788224
  211.97454227  211.42046576  210.78374408  209.72588542  208.64359441
  208.10434879  208.80368919  209.26895918  209.63644962  207.81605891
  205.99701831  206.86215682  209.26347577  211.66319054  212.8219546
  213.80878529  214.6683126   214.60766062  214.54678942  214.62251919
  214.77434771  214.14971352  212.78596793  210.27845214  208.24376438
  207.35570206  205.8787817   204.49724663  204.0640677   203.6311307
  203.17512327  202.67330278  202.17170566  202.18073005  202.56689616
  202.95247084  202.62278969  203.20828374  203.86153143  204.06777575
  205.1726371   205.18357617  205.06884401  204.95425023  204.77918338
  204.55396402  204.32891021  203.49524927  201.89866221  200.35815427
  199.50908124  198.56647595  198.43572811  199.6710686   200.92272856
  202.29834587  202.40737057  202.14333854  201.69161913  201.18000222
  200.45986629  199.3581452   199.3044606   199.01628439  197.87573419
  197.89837346  197.00482959  194.94095086  194.44810156  195.02610233
  196.30030837  197.5739016   198.72695102  199.87570545  200.6462537
  200.0126195   199.37921196  199.16943295  199.46734993  199.76533781
  199.09021696  197.99211377  196.05862878  193.5746677   192.02630808
  190.91173789  193.3401353   196.34242557  198.514328    199.4044556
  199.76949906  200.30731974  200.93115187  201.5546489   200.53257688
  199.03191687  198.00390086  196.70736303  194.2910349   192.97686997
  193.3556313   193.73416804  194.76290391  196.161953    197.56031234
  197.89333995  198.07961495  198.09157232  196.84951524  195.60797109
  194.68841946  194.3311869   193.97406417  192.81780993  191.14372359
  189.47013813  189.19149187  189.16149656  188.94290582  186.85082578
  184.75965944  184.00840305  185.9319385   187.85453126  188.88578739
  189.26199682  189.63766214  190.70090759  191.91552834  193.00206807
  192.13146289  191.26120979  190.67904466  190.75613772  190.83314073
  190.50410119  189.83738731  189.17123467  189.46419283  190.01374104
  190.64218689  193.7560855   196.86846007  198.9678633   198.38121509
  197.79468315  198.07082362  199.15618695  200.24097818  199.97636323
  199.28234881  198.58883382  198.27222881  197.95571758  197.97966539
  199.06206572  200.14411961  200.67731263  200.62921326  200.58107876
  200.13170297  199.53275508  198.9340372   197.94460523  196.94375061
  196.25485989  196.7173724   197.17960387  197.28703906  196.97111696
  196.65529021  196.27404427  195.86457373  195.45522707  197.55217801
  198.99486699  199.5594603   196.77004777  194.66846145  193.72238864
  193.67914205  194.03392463  195.63387493  198.40515849  201.17537363
  199.50640561  197.40125186  195.44969876  194.34706433  193.24491612
  193.39259707  195.45156146  197.50944784  199.01391433  200.2039444
  201.39332335  200.08534637  198.12428244  195.57450847  194.65550798
  194.12734117  194.34221995  194.1872116   194.03186911  194.12727723
  194.38420634  194.64094736  194.12992917  193.48347458  192.95150292
  193.53988748  194.12791616  193.47660925  190.36305582  187.23537726
  186.27544679  186.90080677  187.52567366  191.39473253  195.975378
  200.22260107  199.49285639  198.76326626  197.85318775  196.5300314
  195.20771192  194.86868288  195.34283085  195.81658255  195.25931985
  194.42726193  193.62335453  193.66179651  193.70033788  194.20443257
  195.940788    197.67587211  198.08392449  197.25262028  196.42182
  196.49969572  196.8646205   197.22921818  197.41010553  197.59079484
  197.34493911  195.78155863  194.21919523  194.11782581  195.55658867
  196.99422022  197.2085633   196.96951221  196.73055553  197.63495925
  198.57228355  199.61794196  201.06292946  202.50682787  203.32435806
  203.3963403   203.46792986  201.89019335  199.60340796  197.31816013
  197.6944242   198.23663497  198.5677961   197.9641505   197.36085759
  196.64117053  195.76554018  194.89045686  193.47757859  191.79903256
  190.12160662  191.94352714  194.10625856  195.81133466  195.00270261
  194.19420686  193.78181151  193.97149928  194.16097754  195.11027002
  196.48905821  197.86678393  197.83050141  198.63667427  199.56150048
  200.67352476  200.60138186  200.55754187  200.56270475  200.56778655
  200.81577508  201.22000014  201.62385562  200.05569997  198.14328572
  196.23710117  193.89657011  191.34492796  189.81975462  189.39778647
  189.08694557  189.59940234  191.17293657  192.74504882  194.0000972
  195.18529422  196.32211907  196.75000742  197.177506    197.16280626
  196.14391562  195.1256929   195.50959159  197.04765423  198.58479257
  198.09221193  197.06198672  196.0210601   194.64802687  193.27592632
  192.31513805  192.43539621  191.38273362  190.35332395  188.95104656
  188.01013838  189.82459067  191.30550088  192.77817201  191.3763825
  189.5632463   189.01953859  191.29794238  192.4571143   194.18431885
  196.50745263  198.82877667  198.08870235  194.59016269  192.60632866
  193.07714501  193.81220599  196.47426489  196.84306185  197.21150211
  196.54578884  194.65444512  192.76444123  191.93447215  191.55964262
  191.18501622  190.83398479  189.74918268  190.38987099  190.57005095
  191.11581927  192.5779154   194.57141621  196.07630247  196.61841767
  196.80756091  196.9961107   196.10378035  195.18888917  194.72295627
  192.43075798  190.14022331  187.89846931  187.28004645  187.04294507
  188.3496507   191.05239957  195.02217182  194.62902384  193.87997345
  193.12832597  190.56191809  185.84754772  184.58596622  184.91891364
  184.77971051  187.14616206  188.01568199  188.89168065  191.78958687
  188.37281102  186.22111591  185.5763053   185.84325684  187.69228325
  186.11708273  185.7144858   183.34259133  182.65108078  179.95194556
  177.39223822  169.87244327  164.25753955  171.02738502  170.71031807
  180.21459912  184.64546845  176.5651924   171.60796431  165.0098764
  157.46294     165.75268343  172.6136506   177.16343314  173.34139542
  167.86662754  162.4504839   156.8449094   165.66654378  172.8005269
  178.91940369  175.15446466  172.39502987  173.07271049  175.58570865
  183.44980122  171.09293913  153.39419057  143.18204492  129.98027382
  127.12573246  143.07271008  151.38862047  167.49513183  186.64263805
  187.81135274  172.45818836  163.6428696   161.37524624  148.94142491
  163.56406293  167.07665022  158.5213402   170.09952364  169.84832001
  165.74029106  170.483845    173.43210203  169.27091621  161.78232514
  158.68425107  158.67280781  161.64865203  178.20385446  171.08217609
  168.68309639  152.48714745  156.48155191  163.63681576  163.62255369
  172.51387068  171.81652837  173.61305418  174.52649851  180.8997377
  183.11474431  183.14644962  181.57171371  179.18996147  172.08233892
  170.91470607  172.94847325  173.15827054  177.91517807  177.42591523
  177.04211572  178.18161096  170.50084696  170.68054637  172.1862281
  173.80112108  181.86685063  177.19602285  173.00776506  168.66867236
  160.83722775  160.99903464  163.49846801  166.54138675  160.82023981
  158.02738483  150.79195622  142.16324025  148.06458962  150.3164698
  161.35568739  168.83033064  165.36770614  150.82598293  144.30211589
  145.74837051  156.61841211  166.46856431  152.08165502  150.18917489
  147.06363563  147.76849994  161.55075121  157.16861916  154.6843919
  155.55738367  158.2376921   161.70794512  150.57507709  147.08141571
  148.35266815  150.38538489  154.63376095  149.74302676  139.78333208
  139.77566242  148.59869565  159.09212018  169.64548053  171.10334298
  169.95199158  165.59356768  153.09870935  141.06842829  142.16310335
  148.31634006  160.97966386  166.95723197  166.62554604  163.2043117
  157.9536594   147.71571388  137.51760321  136.75299369  138.23078369
  140.79411594  133.78434195  129.46295188  134.70331258  141.85423902
  158.70718983  161.92359558  157.7320525   157.56096655  157.55026521
  159.3622979   159.31928715  154.77334632  143.89998956  129.50533067
  126.01337659  113.89137776  119.9717768   130.68893452  131.64503476
  140.76857649  139.83210658  136.09791217  143.64882567  151.06067491
  150.84262292  149.46144495  150.11215213  148.04828151  148.41112287
  136.89303171  128.32375244  123.6229963   125.66681202  140.38064625
  146.10674472  153.22487051  152.2146166   144.91753847  143.35298623
  143.83151839  147.2344813   155.61583509  156.90482929  153.52530258
  151.37655159  144.84535465  138.38783685  141.77950475  142.76336778
  148.53371677  152.10982534  149.43163451  150.3758069   149.35022307
  147.88878994  146.1757754   146.71310349  149.51980656  151.89559115
  151.47456815  148.85808224  144.54664932  135.35526262  137.58422296
  141.2199767   143.5420979   149.63546657  151.17016277  147.59581437
  147.89266841  150.04399419  148.46568075  149.99364683  147.92832749
  145.8227164   145.81450902  143.38539658  143.74093243  142.82676532
  140.08325145  142.57180394  143.49731638]
