[  31.89027207   31.96893065   32.04775089   32.12668994   32.20579496
   32.28499746   32.36435842   32.44385245   32.52350338   32.60325611
   32.68315812   32.76320961   32.84340285   32.92371415   33.00415951
   33.08477093   33.16550878   33.25315286   33.35816383   33.46343995
   33.56891536   33.6746285    33.78054133   33.88672078   33.99309234
   34.09971299   34.20653834   34.3136257    34.42089987   34.52842855
   34.63617315   34.74417299   34.85236045   34.96079552   35.06946409
   35.17695023   35.28444337   35.39671968   35.51712442   35.6377901
   35.75870862   35.87988021   36.00135577   36.12307666   36.24506852
   36.36730407   36.48984953   36.61263079   36.73569933   36.85900841
   36.982627     37.10647379   37.23061798   37.35501244   37.47970949
   37.60463352   37.72985217   37.84864716   37.95956643   38.07066754
   38.18200328   38.29357399   38.40537117   38.51736859   38.6295841
   38.74205345   38.8547326    38.96763066   39.08073222   39.1941023
   39.30766747   39.42147049   39.53546894   39.64973732   39.76419257
   39.8788981    39.99380444   40.10362821   40.21016278   40.3169239
   40.42382746   40.5309169    40.63819242   40.74565422   40.85334168
   40.96118363   41.06920554   41.17741452   41.28581309   41.39444105
   41.50321251   41.61217184   41.72131922   41.83068068   41.94022599
   42.04993883   42.15984052   42.21139579   42.22713146   42.24276509
   42.25834384   42.2738676    42.28933627   42.30477571   42.3201551
   42.33456599   42.3488051    42.36298866   42.37716372   42.39123584
   42.4052521    42.41921239   42.43312838   42.44701174   42.46080348
   42.47453884   42.4882177    42.53519553   42.59624601   42.65731172
   42.71843979   42.77963026   42.840895     42.90224591   42.96362387
   43.02506438   43.08656751   43.14754658   43.20810646   43.26871489
   43.3293838    43.39011323   43.45095093   43.51180154   43.57271278
   43.6336847    43.69471732   43.78281587   43.87824357   43.97380368
   44.06950833   44.16540348   44.26140009   44.35753923   44.45382346
   44.55025289   44.64684958   44.74359669   44.84046268   44.93747444
   45.0346321    45.1319358    45.22943479   45.32703106   45.42477378
   45.5226705    45.62074857   45.55510831   45.4654461    45.37547643
   45.28519893   45.19465958   45.10376753   45.01256402   44.92105109
   44.8292356    44.73714362   44.64469995   44.5519453    44.45887925
   44.36553243   44.27185899   44.17785629   44.08354061   43.98891157
   43.89401584   43.79875875   43.92931197   44.07010719   44.21115446
   44.35248487   44.49405376   44.63585888   44.77791711   44.92022869
   45.06284194   45.20566115   45.34873449   45.49206224   45.63566165
   45.77953067   45.92362332   46.06797142   46.21257523   46.35743501
   46.50260035   46.63823506   46.55268476   46.46684376   46.38075342
   46.29432245   46.20759723   46.12057738   46.03326252   45.94569353
   45.85739753   45.76576168   45.67384493   45.58164936   45.48921534
   45.39645385   45.30341017   45.21008399   45.11650105   45.02263009
   44.92845434   44.8972389    45.30345497   45.7104964    46.11840514
   46.52709301   46.93660637   47.34694604   47.75927059   48.17399165
   48.58956388   49.00601065   49.42333293   49.84158359   50.2606601
   50.68061496   51.1014491    51.52317686   51.94581299   52.36929107
   52.79365222   53.19981202   53.53533711   53.87159523   54.20847575
   54.54603491   54.88427343   55.2232063    55.56284885   55.90313008
   56.24409353   56.58573995   56.92811408   57.27114358   57.61484351
   57.95922928   58.30430161   58.65007632   58.99656953   59.34370622
   59.69153236   59.95623116   60.02099015   60.08575696   60.15056545
   60.21541564   60.28030753   60.3453029    60.41027826   60.47529535
   60.54035417   60.6054826    60.670659     60.73584312   60.80106901
   60.86633668   60.93170511   60.9970595    61.06241277   61.12775344
   61.19313578   61.2541545    61.30796039   61.36174727   61.41554938
   61.46936669   61.52325841   61.57710919   61.63097198   61.6848499
   61.73875227   61.79271345   61.84663661   61.9005748    61.954528
   62.00853685   62.06254193   62.11654006   62.17055312   62.22458109
   62.27863334   62.35736806   62.46460447   62.57197504   62.67950191
   62.78513035   62.88879192   62.99257651   63.0964842    63.2005151
   63.30473267   63.36285212   63.37598975   63.38886211   64.10922524
   65.48798032   66.86934868   67.31087746   66.92241017   66.53295563
   67.27226454   68.96024885   70.65219376   69.91657879   67.24303029
   64.56378583   63.44182686   63.49905308   63.55627255   63.93765344
   64.55180487   65.16704721   66.54466347   68.44484865   70.34823496
   70.71260255   70.07941789   69.44549606   67.91398329   65.82990335
   63.74201801   64.42798257   66.73027014   69.03727827   70.13702855
   70.57117692   71.00612269   68.82779036   65.28343555   61.73163524
   60.27736655   59.85543404   59.4320362    61.24209261   64.09306204
   66.95005155   66.0083852    63.40287372   60.79216925   59.31501145
   58.30334435   57.28975574   58.47839179   60.52112532   62.56798271
   64.83464632   67.1837836    69.53700335   67.83531838   64.75133015
   61.66064825   62.68324403   65.01532589   67.35178249   69.14734795
   70.78565578   72.42701303   72.63620472   72.4513294    72.26656872
   71.31499911   70.16631558   69.01519542   70.35943449   72.2924606
   74.22931353   75.94810677   77.62155858   79.29826184   78.92990293
   78.1566854    77.38102891   75.43306757   73.27068528   71.10443213
   70.20017688   69.49977538   68.79851894   69.5220575    70.45410007
   71.38803057   71.09833348   70.64945703   70.19960953   70.53657118
   70.96237518   71.38893926   73.88566264   76.58940867   79.29796518
   78.16013201   76.70260708   75.24210146   74.73628039   74.29459076
   73.85211771   75.77224282   77.82288271   79.87794925   80.45687454
   80.97764962   81.49935784   80.1376191    78.72312488   77.30549917
   77.22501453   77.16162237   77.09774176   73.17286193   69.23940594
   65.33125295   64.12214212   62.910529     61.80678178   64.99281483
   68.18511596   71.37363966   74.29395067   77.21994715   79.93887748
   78.64303022   77.34368892   76.1288125    76.206711     76.28394537
   76.22748702   74.5386295    72.84692766   71.22197363   70.32591102
   69.4280342    68.83118671   70.92550605   73.02399489   74.95540607
   75.5491588    76.1440058    76.83195286   78.15715954   79.48439361
   80.34380238   78.28797048   76.22794055   74.12999669   71.84166722
   69.54765421   68.11646828   71.10347506   74.09523175   76.52789807
   76.33308514   76.13854862   76.07680055   76.58771277   77.09938574
   77.5796498    77.93464261   78.29000673   78.17241488   76.3237533
   74.47100844   73.02667862   72.97463355   72.92275397   72.80410166
   72.47449072   72.14464813   72.86675739   76.70355951   80.54650718
   83.475531     83.86037578   84.24573766   84.1751695    82.91751838
   81.65826941   80.74727838   80.68922899   80.63173074   80.10837819
   78.51650751   76.92151172   76.13073359   77.08627645   78.04279413
   79.59719819   82.37049569   85.14928697   86.17240459   83.799323
   81.42218148   79.06340204   76.74328414   74.41829135   73.42890978
   74.75242672   76.07755261   77.9583235    80.74635227   83.53916978
   85.13498677   84.86681952   84.59876101   85.08342996   86.67879455
   88.27630542   89.61378137   90.58645328   91.5602929    91.92169861
   91.46793635   91.01413313   91.15873697   92.05940973   92.96174662
   93.30723856   92.98602663   92.66425518   92.45636274   92.37937727
   92.30133521   91.62679445   90.30481898   88.98090345   88.55120355
   89.04206063   89.53418933   89.75084488   89.70156107   89.65142642
   89.82974535   90.21989197   90.61051766   88.52212269   84.23984016
   79.95018907   77.69994747   77.16255084   76.62488829   76.40809169
   76.44847944   76.48865743   77.17046712   78.33984407   79.51044193
   79.98577926   79.95976908   79.93428487   78.25449457   75.44401363
   72.62903986   71.0352245    70.23268555   69.42872664   68.82247148
   68.33820643   67.85250697   70.1014846    73.94330751   77.79141952
   80.78839463   83.31785038   85.85200025   88.19128449   90.43196337
   92.67570761   94.38595082   95.83475561   97.28541467   95.91547749
   93.23182873   90.54454135   88.51864878   86.77994699   85.03909901
   83.99934119   83.24821795   82.4958664    82.54523349   82.90617906
   83.26690589   84.93138586   87.07106522   89.2146268    89.18255569
   88.40804813   87.63265605   86.55015164   85.36974139   84.18662641
   87.22625521   91.52030486   95.82088288   99.99857545  104.14725919
  108.30252851  107.6820785   105.84158357  103.99883059   98.83697575
   92.8877761    86.928262     88.15209915   90.93251968   93.71678995
   96.70674476   99.74040207  102.77981898  104.11119478  105.13688728
  106.1646101   103.42856788  100.07614156   96.7184515    95.25339618
   94.06313562   92.87002435   93.8215596    95.05158139   96.28364494
  100.13639097  104.29169136  108.45458288  110.52709582  112.3986612
  114.27260435  115.60884877  116.90039602  118.1846215   116.82463656
  115.28268048  113.73766427  113.14541465  112.60244721  112.05956728
  110.80604641  109.52264457  108.23735992  109.01371567  109.84618133
  110.67884082  112.15929163  113.64962257  115.14254707  111.87652382
  108.60358782  105.34855303  103.87563858  102.40137769  101.00401895
  102.70531127  104.40990258  105.95462924  103.35512871  100.7516449
   98.37489167  100.3692024   102.36549616  104.48090128  108.32167251
  112.16862754  115.61735459  114.12234815  112.62555482  111.41529672
  113.20554442  115.00197364  116.72891779  117.79052579  118.85284528
  118.92417986  111.24254242  103.54868883   96.6812001    95.60519447
   94.52819829   93.93448157   96.35417768   98.7771735   101.56581419
  106.38643304  111.21385885  115.70048591  118.41473547  121.13412668
  122.03170182  114.42656662  106.80977653   99.77901008   95.29992612
   90.81401264   88.84648996   96.85776474  104.88060804  111.34124748
  112.04492981  112.74989773  112.64767946  109.79595499  106.94040159
  102.51480089   93.12435126   83.71864996   77.7670349    82.07501025
   86.38938727   92.11801347  101.75596274  111.40832455  117.78500414
  115.61156624  113.43564283  110.19070656  104.34259914   98.48525862
   92.73347926   87.23725259   81.73173409   80.65023533   89.16246115
   97.6882731   106.20968747  114.70881001  123.22145174  127.04557394
  121.80018945  116.54658034  113.45842227  114.33773859  115.21750492
  116.08467223  116.92766674  117.77176554  116.83949141  112.99254603
  109.14049117  105.56247673  102.41588036   99.26393328   99.7239605
  105.51268619  111.30959249  116.60429246  121.19047849  125.78460311
  130.54081076  135.50909623  140.48589344  144.58055304  147.56023366
  150.54473159  150.90517776  148.11831842  145.32585355  141.09425881
  135.22187474  129.3407484   125.91435756  125.1462094   124.377563
  121.57252548  116.67306488  111.76530751  105.89750603   99.08952008
   92.26760358   91.49657332   96.35785889  101.22546441  109.0642946
  119.53073092  130.01266018  135.48746025  136.75571967  138.02554356
  140.5210295   143.9972291   147.47698592  148.26615876  147.01209344
  145.75702846  142.10482626  136.72412471  131.33645056  130.19103158
  131.94633866  133.70469959  132.82945256  130.2468204   127.65960939
  125.36037807  123.23627257  121.10903957  117.71035563  113.56748717
  109.41968453  106.84908046  105.14720262  103.44246506   98.36236869
   91.51977408   84.66713798   81.95068519   81.26906173   80.58584733
   83.59097028   88.3119128    93.03995662  100.85785529  110.03606079
  119.22714467  125.89924247  131.53868035  137.18473252  140.90608225
  143.88305888  146.86438693  148.66285104  150.03184279  151.40353061
  152.17607566  152.74678245  153.31817536  151.40166406  148.69292972
  145.97958913  145.04311826  144.63289587  144.22143156  147.99282262
  152.92000542  157.84152586  158.09924253  157.17340737  156.24589942
  155.35239359  154.46655907  153.57910299  149.97320367  145.77692904
  141.57632302  143.61517379  146.88869281  150.16555706  147.58404606
  143.94690453  140.30690133  139.48075333  139.11215858  138.74331674
  135.14805742  131.08049722  127.00925488  118.57907797  109.57752562
  100.56841991  101.98555187  104.58649228  107.19003305  115.93775694
  125.29406804  134.6589965   138.70079604  142.30459722  145.91046036
  148.87203799  151.79226987  154.71419458  156.66689388  158.56880767
  160.4716212   158.02783789  155.40692052  152.7831388   158.24945368
  163.93573231  169.62728919  173.69196354  177.7391276   181.78989158
  180.50628757  179.22003885  177.91848163  175.48155662  173.0439103
  170.59235848  167.71348621  164.83120753  162.0981289   163.24622662
  164.39455037  165.22604787  160.01792229  154.80469149  149.06110461
  135.44211448  121.81197457  108.12056081   93.82284838   79.51282482
   66.56960909   67.91609505   69.26367179   72.10616291   88.30743372
  104.52245961  120.05228293  130.11470722  140.18620663  149.22866946
  151.07088207  152.9153028   155.02611189  158.78625978  162.55042347
  165.99006876  167.59366524  169.19980683  170.69281907  171.60740892
  172.52198191  173.03607071  171.67737573  170.31685359  168.92520071
  167.39999497  165.87303858  162.45253383  151.54652022  140.63121188
  129.59134282  118.12325204  106.64518199   94.76889061   81.56329108
   68.34613424   60.05645994   67.41289043   74.77537117   84.00890735
   98.76923783  113.54258451  127.40377134  138.70984436  150.0249238
  160.42432895  168.42800448  176.43890131  182.21243485  182.51012867
  182.80655927  184.05134517  187.47601059  190.90267956  194.22429274
  197.31231159  200.40226289  203.44161762  206.3720209   209.30595638
  210.7138919   209.17643139  207.63752882  206.5327298   206.2244446
  205.91537173  207.70118635  213.11207723  218.52646194  220.20938842
  215.77717174  211.34084465  208.69715698  208.83970422  208.9833993
  211.24577611  216.63059707  222.02076346  225.55432928  226.49018389
  227.42799438  228.20986136  228.78490513  229.35952995  230.49880323
  232.34838837  234.19882457  234.88533025  234.17371768  233.46130363
  232.91228388  232.55493808  232.19886314  232.97249354  234.97306528
  236.97446956  233.40235445  224.0922653   214.77463154  211.15818881
  213.12471522  215.09167835  220.73104536  229.78167694  238.8399339
  242.76221571  242.14589232  241.53033262  238.42811743  233.23744753
  228.0440315   222.37756349  216.33370069  210.28631837  213.87539913
  224.77096566  235.67371513  239.15496411  237.29190025  235.42727487
  231.98390604  227.45913794  222.93128633  221.2366271   221.37758871
  221.51807989  222.52550932  224.06756761  225.60988359  222.70337248
  217.20608323  211.70387693  211.90458171  215.2505166   218.5995124
  219.95125978  220.26154876  220.5731552   219.62097632  218.04581024
  216.47041768  212.45305756  207.29877721  202.14147774  202.07502702
  204.23989646  206.40474794  211.26222758  217.23058739  223.20300772
  222.92674187  220.22772457  217.52690677  220.22658954  224.88950176
  229.55742532  228.92355374  226.48605526  224.04595003  219.77271379
  214.91519889  210.05321528  202.41043411  193.93985723  185.46216857
  174.58103705  163.03207362  151.47487053  150.31206281  151.8030488
  153.29573613  164.68506598  178.41404298  192.15347181  197.37127747
  200.74562742  204.12283641  207.48952212  210.85516847  214.22300458
  218.87002717  223.74941705  228.63241484  227.47009605  225.31995305
  223.16877201  222.53975838  222.13105247  221.72376934  223.79499106
  226.18946915  228.58462921  227.85483362  226.77063322  225.68761738
  223.97230978  222.19426854  220.41372135  219.056331    217.73149605
  216.40658025  223.23152736  230.61892218  238.01257727  241.82281865
  245.44220357  249.06480858  242.19683098  234.90209149  227.60207458
  227.64899071  227.89144371  228.13420941  231.00927926  233.92107034
  236.83551396  235.30594375  233.77045407  232.22689545  230.03769228
  227.84735827  225.75464234  227.66959133  229.58672031  231.59929561
  236.08640591  240.57734811  244.96726089  247.40448572  249.84365828
  251.96503235  249.32624436  246.6839736   244.14778883  242.92514316
  241.7021263   239.92247003  232.36988211  224.81252818  218.20260882
  220.11024053  222.02097201  223.95719399  226.09488855  228.2329512
  230.35892259  232.38862479  234.41858007  236.48421552  238.7594139
  241.03519767  242.7816698   241.53379604  240.28581187  239.56878566
  241.57537444  243.58396274  245.64680403  247.96456573  250.28417811
  250.94943581  244.51350007  238.07259038  232.4561202   230.11416286
  227.77099354  226.30433013  228.05476738  229.80724561  232.14665556
  236.47775665  240.81285422  244.94071068  248.40629142  251.87257802
  254.69393264  255.59895396  256.50327179  256.1546021   252.32756892
  248.49663475  246.35945748  248.63049417  250.90223776  254.19022005
  259.95454338  265.72360242  267.28865016  259.17714345  251.05992065
  241.13663138  227.30569289  213.46452896  209.04260888  223.91902643
  238.8050498   249.80213407  253.26386651  256.72893164  257.39876749
  252.95092309  248.50092722  245.90338665  246.51615426  247.13057355
  249.36823938  254.27151924  259.17628942  263.46786527  266.80237118
  270.13806561  269.98362328  264.68191868  259.37543131  255.1724127
  252.51221624  249.83271359  249.33187958  251.73884831  254.14538373
  255.98827422  257.12538504  258.2630366   256.69487645  251.88730178
  247.07727927  246.76747479  251.58941265  256.41273245  262.33447267
  269.44647607  276.56104049  277.1703441   271.08231552  264.99047138
  256.55098367  245.81498009  235.07171826  231.31477286  234.05822985
  236.80117352  243.05966192  252.42724673  261.79743509  265.50121844
  264.43870789  263.37366867  261.99592185  260.36564275  258.73473498
  256.37588156  253.46257944  250.54761543  245.11698948  237.87306644
  230.62499466  230.38812688  234.94095818  239.4950742   241.75311612
  242.52076717  243.29063035  238.00913089  229.00580403  220.00037546
  213.57439086  208.64769663  203.72033666  204.36486173  208.08180587
  211.80107944  210.64596107  206.94902031  203.25135139  204.99399077
  209.41754854  213.84406699  220.49840695  228.18977781  235.88578665
  246.60854501  258.66381103  270.72431395  275.60371624  277.5230019
  279.44309636  274.31047771  266.44266173  258.57149629  247.73234304
  235.81160746  223.88515468  229.99937768  242.26775156  254.54074009
  258.81719863  260.55273906  262.28849184  261.61343291  260.2251992
  258.83603005  245.75381531  229.44700487  213.13141182  198.90113667
  185.19828957  171.48819485  180.95925098  195.89816519  210.84212706
  223.7723332   236.26962338  248.77202071  253.86802104  257.49604684
  261.12498098  256.05506875  249.41298891  242.76709675  250.13689801
  259.79448813  269.45469644  271.97524137  273.45024631  274.92799995
  278.24593714  281.80194687  285.36142501  289.89397146  294.5371118
  299.18380238  294.59134309  289.08545396  283.57835846  281.36558737
  279.42615755  277.48731042  273.24825042  268.84902361  264.44950237
  264.34097167  264.46354258  264.58791063  270.56530903  276.77930893
  282.997963    269.49851171  255.46627171  241.42812058  237.6691346
  234.05053078  230.43064081  240.93428497  251.45531652  261.86619686
  262.68583733  263.50714339  264.32493008  265.00919596  265.69529053
  266.54340367  271.60384113  276.66819209  281.27168195  277.01919229
  272.76697502  268.64154643  266.48239872  264.3224134   262.13416304
  259.63083743  257.12673375  255.37332274  261.46922674  267.56819494
  273.64442198  279.50918895  285.37781047  289.60549308  280.9227235
  272.23554252  265.4119655   271.57957626  277.74992895  283.33607645
  285.28479304  287.23223511  288.60061015  286.69840046  284.79336199
  283.47239232  285.1323069   286.79126676  287.91392824  286.52323973
  285.13040955  283.48793447  280.77314922  278.05598339  276.09723343
  277.14002044  278.18172297  280.7238542   288.76305885  296.80385406
  300.93038459  291.69651868  282.45610157  276.90581197  283.07744445
  289.25342841  294.70762599  298.01177064  301.3185676   303.30455488
  301.61555469  299.92646794  296.59672357  288.9894887   281.3789878
  275.44894269  273.62989906  271.81183464  270.47402097  270.24099205
  270.00985758  271.19626412  275.46077734  279.75043582  283.2746714
  285.23406592  287.19501502  287.88106378  286.10369214  284.32569085
  285.63795965  292.60962113  299.58652842  305.78555997  310.63630072
  315.49083519  317.74297576  315.7271434   313.70983156  308.42455958
  298.06104661  287.69079745  285.884638    296.72815258  307.57860638
  313.94341377  314.02712056  314.10896432  311.82810094  306.40303555
  300.97287758  298.85453332  300.92219527  302.98981795  303.90814931
  303.44695384  302.9843314   304.75973202  309.08780759  313.41637662
  316.24661069  317.45047687  318.65254075  322.14426648  327.99220565
  333.8412004   335.62194762  333.41355001  331.20501722  330.31339991
  330.64567284  330.97888607  328.77480602  324.3101859   319.84349458
  317.10367262  315.81406601  314.52351047  314.82713827  316.40174223
  317.97949502  317.70676272  316.02643454  314.34771141  310.006435
  303.74233696  297.47740531  292.28735563  287.82981141  283.37223489
  283.28658307  286.04115984  288.79791582  290.2323204   290.85393429
  291.4768699   297.49261587  306.65141771  315.81609733  317.95010527
  316.21083892  314.47063393  314.08785146  314.41685946  313.09531408
  310.93193093  306.84670624  303.05301362  300.3529282   296.7399527
  294.21160629  294.57381138  296.21983947  298.58681079  300.66398528
  300.84762313  301.55437014  304.9428799   312.11088469  320.95496317
  323.20081372  324.19177808  325.244536    320.21030624  315.36541847
  309.85695607  312.97970033  318.21370482  323.25980246  324.70031723
  321.3840876   317.0584668   316.54268107  318.12570436  320.07711017
  320.67810297  322.1604007   323.1448905   318.52205089  314.98170842
  308.77454675  306.05871441  304.09627017  302.13549034  303.52788785
  305.58348009  307.64222917  312.19990897  315.09000311  317.9779331
  316.08846487  313.18836816  310.77969541  309.36545314  307.68039259
  306.07194904  308.55720705  310.9243316   314.09595452  314.68887286
  315.22992111  313.40589532  312.87495327  313.55442616  313.59946351
  319.20399358  322.50989473  325.81700601  329.99012033  331.87021144
  335.72596864  332.5022536   331.24648576  330.47312575  331.01998988
  331.71014186  331.53515862  330.71698392  331.0371587   331.71116289
  334.58162891  336.26788255  337.95411664  337.12309957  336.29142431
  335.4512337   334.15076518  332.84974178  331.6082477   332.88204311
  334.15632288  335.31124504  333.41408788  331.51626944  329.5993244
  327.36710288  325.07501409  322.88508564  322.23421118  321.58561266
  321.0952725   322.59022647  324.08512947  324.91547349  318.81812106
  312.72330223  307.29790491  307.90906695  308.52018911  309.76182083
  315.96310944  322.1667229   327.29131801  324.90867757  322.52603721
  321.01476558  324.9434765   328.87406616  332.6375619   335.46635094
  338.29506147  339.52439972  332.57946611  325.63604248  318.37136326
  309.60543788  300.83962653  294.5331654   298.78594722  303.03947425
  307.61707435  313.47429902  319.33138611  324.33492223  326.20706909
  328.07954218  328.72292177  325.16791722  321.61399055  318.59964267
  317.21685582  315.83382521  315.61236583  318.82824264  322.04455811
  324.06752413  322.77448992  321.48122644  320.34043759  319.58805821
  318.83553023  318.74225315  320.26360534  321.78514176  322.85568308
  322.87957994  322.90305139  321.3213736   316.25267953  311.18321371
  307.47053635  306.5362665   305.60095666  305.62589466  307.50848973
  309.39131827  310.18990328  309.00284502  307.81420115  308.36526644
  311.92940295  315.49400881  317.57426867  317.21906331  316.8618415
  318.86062222  324.52413618  330.18840859  334.23179527  335.88537767
  337.53657712  338.5097801   338.53338757  338.55695808  336.23529527
  330.79758135  325.35634366  320.04224736  314.88896793  309.73493991
  308.84131291  313.06161264  317.28503572  320.03500128  321.10687718
  322.17886138  323.68530908  325.66289044  327.64337113  328.77424219
  329.03193875  329.28963111  329.96820154  331.05797356  332.14834461
  333.57470325  335.31510354  337.05566532  338.20025069  338.81760576
  339.43679491  337.82018801  334.32334058  330.82605672  329.06149737
  328.68132063  328.30227169  329.76842439  332.63345048  335.49876012
  333.29548669  327.43888186  321.5822436   317.80463563  315.4464022
  313.08787038  315.80007235  321.80360367  327.80789492  331.19841303
  332.97644956  334.75464264  337.73653167  341.42040785  345.1046462
  347.28364598  348.62734868  349.97115666  349.27593496  347.51588091
  345.75559716  343.13468833  340.08503069  337.03486613  334.64072699
  332.55201636  330.46304518  329.878316    329.95092392  330.02282138
  334.2086237   340.09306141  345.97807757  350.24240059  353.87716226
  357.51096072  354.09919476  348.12161451  342.14337456  342.07367534
  344.01942785  345.96350219  345.95058416  345.31398433  344.67727948
  342.40003002  339.63728808  336.87183747  337.63916197  339.38208326
  341.12512819  342.78142833  344.41847269  346.05278611  348.21676571
  350.50601616  352.79543683  354.57701014  356.25130148  357.92275954
  352.9786134   346.71872608  340.4582322   338.89583265  338.18573451
  337.4735588   338.02757383  338.78878244  339.55002014  337.46956346
  334.97313223  332.47907404  333.76747429  335.54765371  337.3279511
  336.65744616  335.70735911  334.75924638  331.7215684   328.47707306
  325.2322594   326.00326869  327.10977487  328.21784753  329.03609568
  329.83318765  328.08462163  318.17885273  311.16977008  305.96928354
  303.47337647  306.64625148  307.81163378  300.21817309  294.43546444
  284.49232588  275.42007118  266.61134604  254.97712     238.4167776
  223.46140231  206.11484501  224.02257952  239.75742966  256.12200179
  270.80030833  280.91522289  292.56784865  290.75953643  286.01386639
  285.2724156   288.96613953  291.48983044  296.09049644  303.50315848
  309.31132169  315.1736286   319.91279484  324.59728548  327.71972877
  325.53583643  323.48799748  321.16448426  317.77744454  314.16568604
  310.64677618  310.0896748   309.96065219  309.33203548  308.83963653
  308.48906344  309.85423428  323.1473685   336.69703122  349.79790128
  351.53743296  353.00816661  353.57036631  349.47617377  345.38431665
  341.84786052  340.92781516  340.00767403  339.85127133  342.98245069
  346.11672162  347.10032919  339.55464181  332.00845822  326.54190265
  328.72409225  330.90904836  333.63376739  338.20748023  342.78142583
  343.05094317  329.64280883  316.23481284  305.68589411  303.61474555
  301.54342193  301.69488896  308.02321486  314.35192942  321.2403679
  329.57924105  337.91821833  344.6109656   347.27064931  349.9304677
  349.60263973  342.38154634  335.15889896  329.44425574  327.00692131
  324.56939261  322.390441    320.73964717  319.08719407  321.52147937
  331.87348756  342.22610891  348.9540797   349.04029668  349.1242358
  349.60915112  350.78955861  351.9699984   352.73571857  352.82246019
  352.90629007  351.45339498  347.60674267  343.75981883  337.45395491
  327.52220113  317.58691756  316.37083971  327.36785342  338.3654763
  344.64751133  344.66036892  344.67051692  342.2082986   336.6227264
  331.0367945   328.49224005  329.60095041  330.70827447  333.54051611
  338.34159764  343.14618939  345.91662095  346.48112613  347.04534246
  344.69900164  339.3529507   334.00642726  327.12574357  318.74209089
  310.35848381  305.40104544  303.63828055  301.87533959  306.62346005
  317.14030335  327.65995268  332.05736388  331.30163375  330.54580531
  330.58303078  331.25480439  331.92947201  332.18764142  334.4270456
  333.93528405  331.25197571  324.97803031  319.49459056  314.19947671
  310.57332124  309.01353783  305.24259942  302.37029196  299.77501703
  300.71056087  306.34211718  312.77533281  312.63985581  311.51446322
  310.00584671  305.49565498  301.39206034  296.27394428  295.6807081
  296.47311901  298.06526535  300.6330295   302.84185477  306.7076011
  309.63255691  312.88986062  316.14635463  318.15391968  319.61560405
  321.07721005  322.83680603  324.71956762  326.59937578  330.24279702
  332.73129971  335.80333489  332.2858501   326.5308935   322.52111271
  319.69285906  313.87456041  307.6378347   302.73165438  297.81651816
  292.90400859  304.28501352  320.50679753  336.7258859   339.16304338
  335.93294912  335.4956562   330.53247098  323.47276686  316.41247511
  319.11112884  324.11785763  329.12423221  333.94977986  338.73576066
  341.94745032  346.57821107  349.29467295  351.90495963  349.83443959
  349.76774221  346.66988525  338.8854019   332.04252454  323.39364817
  323.88880828  325.72393891  326.05292411  325.87994063  326.31303891
  327.66771536  328.04993607  327.72782734  327.40569614  325.5520795
  323.18881321  319.19964847  314.43003643  308.06799354  301.14254994
  306.14419739  311.96530662  317.78841292  322.32807687  326.79716578
  331.26589336  333.22058761  335.07215679  336.92518211  339.73910515
  342.5790536   345.41874943  341.87366147  338.24140988  334.6093787
  326.21286403  317.81051448  309.57741723  316.56020884  323.54289206
  330.36342986  330.60123414  330.83822616  330.90531949  326.53855081
  322.17221859  318.06965364  319.05678617  320.04089205  321.28407238
  326.41688674  331.54908297  336.50931054  339.33758668  342.1657767
  344.62441829  343.19898788  341.77367205  339.70915245  331.87274911
  324.04010111  316.85417987  314.75522522  312.65646867  310.92142464
  311.74247946  312.56381715  313.67446967  316.5937805   319.51169688
  322.3651534   324.86370961  327.36192778  328.79999998  324.80444305
  320.80640913  317.20939266  315.47637537  313.74352074  312.43353897
  312.941796    313.45079443  313.71834278  313.02503516  312.33176784
  311.9809592   312.88922908  313.79975325  314.20615475  312.89332046
  311.58060324  311.50563183  315.36007779  319.21441231  323.2564754
  327.85637753  332.45461721  335.22759285  332.92271862  330.6179262
  326.30374215  316.75076394  307.19547814  295.91301965  280.3851139
  264.85806206  255.15977768  258.90227965  262.64580918  265.7242239
  267.35544478  268.98653117  275.47243302  291.92274941  308.37203601
  319.08083761  318.65234426  318.22164274  311.68612525  293.96149221
  276.23791249  267.6892172   275.03351125  282.37597463  290.89796318
  301.35548465  311.81229934  315.8811591   310.00854719  304.13917506
  300.65674018  300.70155987  300.74633372  302.63856599  307.12117851
  311.6047064   315.84638603  319.76608577  323.68532815  323.3179738
  317.5408625   311.76409714  305.41712454  298.38466722  291.35035887
  289.52477693  293.65002415  297.7746347   304.0958705   312.80135769
  321.50458673  323.80886517  319.51377851  315.2192726   315.24544767
  319.50899456  323.77479511  326.96738116  329.15983458  331.35191743
  326.74445285  316.10910335  305.4763491   298.59228873  294.86460698
  291.13703224  295.58271589  306.56305066  317.54169424  319.80356024
  315.44028935  311.07487414  312.71365117  318.67864269  324.64268351
  328.71114831  331.47936432  334.24677345  335.05725554  334.59625128
  334.13526927  332.92235749  331.24300444  329.56587531  325.48280159
  319.99784173  314.51377213  313.05548169  313.82557674  314.5962275
  315.78322497  317.18754415  318.5908267   323.4364113   329.985772
  336.53394918  335.22215428  330.2486608   325.27292434  313.96128302
  299.86248649  285.76611322  280.62471695  279.18589553  277.74926865
  276.2348423   274.690358    273.1461061   279.74024461  289.30586582
  298.86974619  303.41336462  306.24401137  309.07250071  315.57507943
  323.25116316  330.92582339  328.18753597  322.3552309   316.52123488
  317.11792723  319.49328893  321.86817348  328.6871629   336.64010344
  344.59370747  346.82180694  347.69343383  348.56484976  346.52907116
  343.86501249  341.2034374   333.3325045   324.42388197  315.51653687
  314.4337992   314.77126608  315.10863571  320.17494342  326.01656847
  321.9543083   292.45549973  265.57692928  238.29846427  222.19549636
  236.64776613  247.47037671  262.2917584   268.32397476  276.66826461
  282.55166284  294.80096787  308.78588152  315.68488816  319.01145998
  303.80348484  293.40267033  291.13969354  278.62148992  285.22768977
  272.40083023  275.04800712  278.42320029  260.63104066  263.99795047
  266.17347795  257.41962426  267.45809526  280.23815881  280.86347518
  299.10735326  306.4612806   302.93661822  309.37668848  310.33163547
  305.22186566  300.16050569  304.97962017  304.16370343  303.0047364
  309.9450116   315.23159081  319.07553159  316.34871967  311.84314208
  308.90131582  310.77901279  315.65389392  321.4133075   324.39397095
  329.18915766  333.41719599  337.96215826  342.46320734  346.45226342
  342.36403343  340.71523107  334.79710317  324.84493211  322.13616034
  320.22647522  321.93697219  320.09179118  315.40856382  312.08525315
  306.70356571  306.03385985  305.66029539  302.7092655   299.44326424
  309.15839786  318.71475746  326.20901559  326.45804378  328.16608006
  329.27322885  330.26451131  331.13314411  329.35330545  330.61476616
  330.15372944  330.17179635  331.95331577  333.73447231  334.09591764
  329.60404227  325.10284849  321.23792721  316.7810506   315.35013391
  315.03278031  311.61541545  308.36184853  305.8237199   303.11952497
  302.2074218   304.3587471   308.2564846   312.52152006  313.72473382
  305.7840734   297.32114674  290.75428788  292.97216199  294.53989133
  297.95505888  301.56287666  301.29118378  304.91409263  310.05474524
  318.38238911  322.66456993  325.26072703  328.05644339  329.20329763
  324.87328477  322.79412928  320.67318992  319.53838094  321.67752105
  321.20310661  322.16607954  323.44177966  321.0720405   316.32131285
  314.82100876  312.59002765  312.70755385  314.97823119  312.80571132
  310.8737641   308.9405318   308.44240267  313.55226297  319.34130922
  325.99727774  332.53588462  340.52784065  342.77016273  339.60988708
  336.45085874  330.41995586  317.41615031  307.45919251  305.30690086
  312.49355086  321.13975477  325.34799626  324.50692307  323.02581113
  319.73189458  313.42249697  307.34213953  308.34614701  316.49985329
  325.31726555  327.34111887  324.58808677  320.79044771  318.86025264
  318.87894328  317.37056313  319.80592115  320.47217406  322.89148078
  323.23987471  323.09712011  323.28778497  320.93192197  317.79313007
  314.65564105  310.26470951  305.01502441  299.76727116  300.73409581
  305.73933609  310.7424892   312.67072001  312.70654548  312.74238159
  315.44327776  319.69931228  323.95999393  323.59912606  319.31553796
  317.77509114  317.89786587  319.60753966  321.31626982  321.47257844
  320.86273784  320.25337273  320.09842888  320.15558216  320.21262627
  319.9166229   319.46511109  319.01369945  317.19922234  314.82096195
  312.44328988  311.08814434  310.13082842  309.17398441  308.98514171
  312.20225745  314.09720548  312.09362265  308.75847016  305.4246254
  306.40959163  308.7752687   311.1397607   315.32062241  320.04113454
  324.5143192   324.09681515  323.97917765  323.61851663  320.66783995
  319.3437048   317.44388463  312.63601865  307.07892707  300.87807674
  302.19813961  307.15399024  311.40590362  311.71742319  310.8765374
  309.56976051  305.74885091  299.47530984  297.02501943  295.44401617
  299.85642669  295.81574792  294.00504873  292.96051168  282.68131294
  289.512265    291.43348768  290.67363747  298.26555337  296.19630527
  287.87946455  273.86743966  270.14241215  275.3109902   287.56721955
  290.52803654  288.89009786  276.84043774  274.94703269  286.37131046
  283.47044183  293.20550625  279.21705545  276.95367145  278.14672287
  271.72622598  279.49276876  279.35854855  284.63075377  289.5760768
  298.05525861  302.84566149  303.84459717  307.49615771  305.83305712
  305.83437698  306.30999284  308.92777058  313.11009659  315.3772043
  310.24136266  309.39557144  305.09461262  301.7527167   306.56874257
  303.37002497  298.23456502  283.09703766  266.12690864  249.31335604
  256.25073863  269.04287177  279.31256471  276.4687453   277.45361762
  270.45331268  272.18028521  283.59689403  282.8026605   288.11709814
  284.0838854   282.92006567  272.17817886  265.50231284  269.34871745
  279.93309691  295.35509068  308.01054875  305.1019324   305.28857557
  308.27026247  302.91497232  295.71282766  297.38699285  293.32502794
  288.57419738  293.29521711  290.77663062  281.41251107  281.59915088
  277.48807845  271.26164583  276.89899675  277.36479995  281.24911056
  290.55421787  294.70365042  297.27445232  298.46589041  297.93072341
  300.04309686  290.99915611  289.2413882   290.78033826  288.93866922
  291.27022392  293.21808344  294.13942104  294.68717812  294.76028884
  290.63853839  280.45384541  278.08011698  279.45622428  286.14920958
  294.1820976   293.52239567  292.14133991  289.70802092  292.06302498
  297.12001626  296.5983057   294.27682144  289.62682839  290.7332351
  292.45464189  293.96223532  292.49130544  289.70574459  285.42492181
  282.57026829  284.2623354   285.76499913  291.50944394  291.76393054
  290.994177    294.25703309  295.74251504  297.66921724  300.23316624
  301.38682956  304.85314401  305.45467773  305.94591009  307.88292598
  308.59792515  308.95699376  308.54631617  308.05237618  306.91911313
  305.79028971  304.03811087  300.08604859  298.17191618  294.98319023
  292.42752825  292.26518907  291.43413172  292.0161063   294.17117687
  296.93959145  298.30225961  301.14593541  304.76863609  305.66125565
  306.78018089  307.2701838   306.06215529  303.4262854   300.04763441
  297.57127523  295.05192433  292.63789324  291.08424367  292.29750938
  294.15899146  293.32133065  290.20903512  283.78056983  280.62201047
  280.01222076  280.13242497  283.93995845  289.18028455  294.75092748
  298.38621885  301.82372219  306.00170523  307.87912022  309.41981758
  310.95929801  312.7387687   314.6581172   316.57663398  315.73960056
  313.37963653  311.02089992  309.80487013  309.18695511  308.56928365
  307.90760619  307.22453685  306.54145116  307.80982067  309.98698228
  312.16290219  312.22626887  311.36046061  310.49523452  310.01577236
  309.69578457  309.37587176  309.63797061  310.12621852  310.61398747
  310.1958717   309.44771937  308.69956895  308.25830231  307.92215839
  307.58645419  304.65740457  300.90147055  297.14762679  298.34614662
  301.02050082  303.69319102  305.60511198  307.30574765  309.00501598
  305.49498178  300.64781626  295.80340948  298.62193661  303.25477936
  307.8850395   310.16030471  311.92021318  313.67897843  312.39408126
  310.50243226  308.61172758  307.19295008  305.86058588  304.52853802
  305.03537526  305.84372549  306.6515764   303.00496676  298.70549913
  294.40852069  290.70472726  287.08007962  283.45747977  284.17866669
  285.39730362  286.61489354  290.46749775  294.58032701  298.69056144
  298.92704814  298.83754681  298.7479885   301.2563709   303.95249032
  306.66944342  305.09164803  303.27694737  301.46306631  304.88498611
  308.52355892  312.16096051  310.06806384  307.8165694   305.56567597
  304.4333609   303.3182942   302.20337517  304.00023406  305.80132778
  307.57914831  307.33845394  307.09782194  306.80618466  304.38110618
  301.95683651  299.73872134  302.95988175  306.17949199  309.24180624
  309.25938314  309.27676968  309.27910195  309.05387367  308.82890411
  308.65878327  309.17614494  309.69355173  310.20066207  310.60432657
  311.00754616  311.19468532  309.42118793  307.67172577  306.12129288
  306.10228721  306.08332767  306.20249916  307.2951973   308.38726232
  309.43048055  310.16742808  310.90417203  311.15851667  308.67493012
  306.19196614  303.97418478  303.11804943  302.26186441  301.21984905
  299.30210125  297.38454005  295.5311669   293.95205792  292.37348756
  290.58845832  287.96022371  285.3252531   283.9932916   287.46460724
  290.93395847  293.80614532  294.63942327  295.35494019  283.30339174
  243.17857427  193.15821889  150.44739985  122.91349263  105.90086473
  103.87549064   84.14326709   75.09265063   77.14550986   74.1408015
   74.8548007    77.15929544   78.60087486   91.12884262   95.6624025
  122.37138114  126.59881334  154.85145684  201.04775204  223.02888438
  236.3303982   224.5154623   179.815299    142.15785933  144.04197943
  113.04867999  109.53455075  131.36895665  113.04603496  120.75046215
  138.04159289  116.77123672  121.58366928  148.14433122  148.71964241
  152.06370668  166.39225415  176.53340308  161.36795454  170.80620984
  188.5276496   189.88827284  191.553071    198.57882016  203.00000661
  205.65088451  212.65029288  217.27321769  218.08877337  219.3115426
  227.58527548  230.95998521  233.75798353  244.24624688  252.66425701
  247.84705902  248.51295219  249.50781853  264.259756    267.34696376
  261.23921169  261.83853309  264.67806004  271.09054516  265.77915159
  264.35857862  266.34751337  274.88196041  278.26430467  273.50222163
  273.52211579  274.47088507  283.51269879  284.43480915  282.60720172
  280.46190828  279.9954949   284.49686775  283.64197212  281.75675053
  281.67248656  280.43318557  281.93007622  284.1247886   281.15183143
  280.89158667  280.91570699  281.35245855  283.72873711  283.28221444
  282.75816442  282.23395409  283.21625462  285.07798442  286.93869496
  288.25366881  289.26580297  290.27767575  289.80672722  288.56055173
  287.31479701  287.77714723  289.08565894  290.39450898  291.31836159
  292.06203178  292.80546817  291.3769873   288.99160228  286.60765397
  284.62242136  282.80310274  280.98435309  281.8991468   283.87665971
  285.8529375   283.85095925  280.39500504  276.94081281  277.32373286
  279.01825923  280.71199036  282.00365738  283.16599467  284.32764915
  285.17670615  285.93205381  286.68698835  286.51580679  286.08763713
  285.65948839  284.32813805  282.7656832   281.20375559  281.35053514
  281.90254482  282.45440181  282.22815132  281.83215887  281.43651871
  279.37256456  276.9760128   274.58021589  276.41094381  279.00853953
  281.59914585  280.60943309  279.03061497  277.45275012  277.33261383
  277.42745894  277.52227833  276.55024402  275.43881638  274.3276102
  274.9083105   275.68312947  276.45747864  278.17252901  279.97974525
  281.78623388  283.20746386  284.59560385  285.98273106  286.84977789
  287.68034633  288.51016621  289.90915505  291.33859872  292.76741255
  292.03714643  291.21766968  290.39880535  288.98159756  287.54847098
  286.11611632  287.21723952  288.35492721  289.49175769  290.00025247
  290.50676367  291.00808685  291.05337232  291.09871881  291.09976157
  289.22812393  287.35777619  285.49524212  283.82609498  282.15751264
  280.64528048  282.19295293  283.73975071  285.12793621  284.10296568
  283.07866582  281.97409677  279.86584563  277.75882893  276.13930682
  279.65361426  283.16582835  286.44394636  287.61742641  288.79014589
  289.83113226  289.82885256  289.82644785  289.48355578  286.7547463
  284.02721859  281.45988828  279.89130347  278.32365603  276.94854508
  276.65985632  276.37144284  274.84920742  276.66044169  277.11622923
  276.43166292  277.30436839  277.29312332  277.05364282  276.17332549
  275.29351761  274.20339576  275.28201415  276.84767228  278.00896036
  277.96075333  277.34671325  275.33149666  273.23336568  271.00878703
  269.48698918  268.64287207  264.95743635  264.47300533  268.53305399
  274.89499168  279.00489891  276.74039622  276.80860605  276.6966654
  277.37061216  280.78465462  280.68307069  280.34755108  278.30199274
  277.42890943  274.3728341   273.17002934  270.64730701  266.49487723
  266.99805208  264.93079607  266.60244413  269.74672508  271.43770163
  270.70423945  273.10015026  273.58563492  275.53814916  277.48920047
  277.81809148  275.32816396  272.8395427   268.74530406  262.00315279
  255.26448694  253.35283597  258.97271615  264.58928323  268.45530848
  269.72846996  271.00073824  272.28461578  273.58500383  274.13343488
  272.45160701  269.06936357  264.8721556   262.34848206  262.61234414
  264.45618792  266.19454378  266.27279226  265.78736838  264.41955218
  262.37462119  262.21929107  259.60257983  252.97973473  247.30413589
  244.64995534  245.80132742  246.95200962  249.18909571  251.73854639
  253.93443413  254.18374347  251.82533153  250.67713008  252.50662845
  256.08499707  259.66107205  261.29874131  261.29898715  261.29938237
  260.57822448  261.02944902  260.14917328  261.05145042  262.91877747
  265.01253749  266.86269241  263.22509655  260.27927868  258.63425168
  256.41058822  254.93079559  252.26524851  249.17981187  246.82542486
  248.4390536   254.27549809  258.74849119  260.76686576  260.12272959
  260.07146965  258.99844927  258.12072373  256.96596518  258.17600912
  261.01498316  263.64973973  265.33065782  265.83523677  265.66839118
  264.89420936  264.21012929  265.03257938  263.53386356  260.96109776
  255.4720372   251.37949848  247.88935641  245.21243665  246.86969545
  249.24247649  250.42439697  250.66377957  250.55762442  250.45148164
  251.32470451  252.53312937  253.74068577  253.97447477  253.8963611
  252.92377039  250.44730933  246.25140127  241.99031308  242.84455511
  245.11512844  247.38396237  250.03392653  252.78076778  255.52557607
  253.3654689   250.04367637  246.72389738  245.349615    244.40099212
  243.45306623  242.60241913  240.47330259  239.12182971  241.39249263
  244.00079733  247.02806807  247.83719289  246.17445528  244.66181822
  242.10385028  239.12528247  235.69238992  234.63975523  233.93497839
  233.24777257  235.77307995  239.32045556  241.81609446  244.99044048
  246.83309459  249.20033696  248.59995655  247.11621797  246.46787473
  244.50438436  245.29337175  245.96395136  247.45319389  249.17904289
  247.00925875  244.42471111  243.19891017  240.40015951  239.08346375
  237.23512228  236.00976712  231.64600419  231.40613308  230.26100765
  224.53020385  226.57655659  229.5778501   232.48330761  243.26277498
  243.76971467  236.76890824  234.19409632  231.65141053  233.96842866
  234.2051289   226.90046563  221.24417597  221.80014086  222.22946393
  221.95182482  218.57290687  217.94268638  215.89524551  217.96540667
  226.65749547  214.02514781  212.35075497  204.92636186  199.91832708
  217.48152038  227.8917571   221.35513775  219.84552367  218.8924553
  218.97381786  232.48230567  237.66747491  220.3940341   205.75219052
  199.41831329  200.81204912  209.47370585  222.7411945   230.51801304
  226.59610384  236.99941251  227.99109457  224.48401295  232.31717097
  225.49573345  233.49420537  236.30688094  235.15676479  233.70073384
  230.30788014  221.14083347  216.34806268  228.58244332  233.09468903
  239.74851435  244.07690247  245.24371989  244.50628876  244.27722906
  237.897509    235.77139175  236.50132958  239.12589962  241.74942399
  238.54061503  240.59520007  238.40688965  241.35358874  237.01730717
  233.24053732  224.37059019  199.85594511  189.45951761  177.4670291
  174.17737771  195.06649329  198.07935949  208.67914695  217.18372183
  219.50570804  228.47653691  230.77446268  235.54518589  228.04039339
  230.39680686  233.19973142  235.44891519  244.68292016  248.58574366
  249.71202478  248.68638785  246.61603386  245.4585013   235.15197338
  233.37849339  232.54870967  226.33389125  233.940638    235.03286738
  235.38886757  241.43477107  242.15136625  246.18875461  249.45881819
  249.75772428  242.86783012  237.3196711   225.51364983  219.42555308
  218.74204266  223.08587166  225.66414376  226.38677446  221.8989902
  222.76723946  229.56187302  232.16855279  231.9727431   223.39516888
  223.07230961  225.87998563  237.37464331  229.15921579  227.4629452
  225.83401166  225.6411749   234.28884092  232.34510416  232.28267932
  231.41710686  225.85424922  225.81263648  226.99262866  227.88137401
  235.78367581  238.73286481  231.94480998  231.89329208  232.17234701
  230.84150959  234.34862303  233.43987138  234.01191876  224.59632238
  226.24256894  227.05233414  225.83621544  232.53946498  235.74092749
  236.46174661  235.02333795  234.76094448  232.00306647  231.05041356
  232.47971163  233.1205397   231.9834571   230.08034231  234.32047478
  235.37378798  239.92114661  244.29826618  244.23111813  241.77833719
  234.19683939  227.37846238  227.02459317  228.43435656  230.68748384
  231.14525836  229.41543071  227.60679862  230.89836167  233.11963251
  235.02973432  234.69220784  233.03283998  231.4708967   231.34085806
  231.28184519  230.72730459  232.09659542  236.73465883  237.99406677
  236.26974668  233.22380145  230.84837537  231.92937516  233.33034962
  235.60683612  237.57097596  236.27672392  234.97388239  234.37006681
  234.00376696  234.47214535  233.2685145   231.68220041  230.45686064
  230.11611304  231.63027309  232.52965453  232.58096684  233.71407006
  233.92953076  232.28685084  230.34305943  226.12372944  219.66759699
  213.05088752  205.61066985  205.67137093  207.18861045  208.41792071
  214.08778858  217.66922492  221.64581777  224.21039312  226.64277403
  230.16916776  231.46778043  233.33136931  234.38438423  234.08225781
  233.72402364  233.36617647  233.65671906  233.09816677  232.76421366
  231.53899915  229.91815646  228.20995025  227.15430168  226.12168329
  225.53450994  228.05029855  230.32364096  233.30347256  233.20963115
  233.1159588   232.99811046  231.86229238  230.72732603  229.64197691
  229.87857826  230.11454462  230.31240118  229.7583159   229.20447078
  228.5632672   228.41420024  229.25419319  230.01690884  231.13054102
  232.61616114  233.12591158  231.98170782  230.83800331  229.53316959
  226.75230597  223.97350589  221.56805868  222.11784052  222.66750042
  223.06553848  221.30781096  220.49001439  219.51173392  216.96052169
  215.35064236  212.8031598   211.20031494  209.5986721   206.96568327
  199.00638249  191.05278222  182.98856085  173.86435732  164.82150376
  159.96536038  172.74000885  185.90119198  197.67087619  201.77274678
  206.57457542  209.94732686  210.38228957  210.81681054  211.4503065
  212.54529104  212.46876461  213.80940513  216.2732115   219.04350908
  222.28887347  222.00228654  220.37908995  220.88978325  221.51466669
  222.1393866   222.79949473  223.552824    224.30576158  224.66255989
  224.04371922  223.42509224  221.98805392  218.65561137  215.3248738
  213.73919611  215.96543475  217.26440598  217.93777412  219.09151899
  220.00917732  221.46207398  223.0311758   224.48924345  224.821262
  223.05606121  221.29159198  219.68317502  218.3455856   216.5983926
  215.79772153  217.96062826  221.38478422  223.00647955  223.74074213
  224.47461107  225.03728606  225.34624617  225.65500414  226.01158385
  226.43547329  226.85910736  226.30398899  224.44180484  222.58040923
  221.52882442  221.5037641   221.47865393  221.38375541  221.20469123
  221.0253969   219.98623216  217.96260449  215.93984853  215.31480837
  216.21266246  217.11004124  218.17032239  219.39915353  220.62735366
  221.00470472  220.54379307  220.08338261  219.4185386   218.56253109
  217.70686106  217.82427388  218.8076993   219.79060305  220.37876357
  220.63336402  220.88741249  220.71710053  220.20625509  219.69558729
  219.45249764  219.41350271  219.3744636   219.20241883  218.93402831
  218.66558612  217.38709712  215.41415576  213.44208866  212.67963706
  212.70533202  212.73095355  213.47088196  214.65247373  215.83330537
  216.80504409  217.6544931   218.50347254  218.68300974  218.4909755
  218.29897     216.35229904  213.48610678  210.62123216  210.38227185
  211.44619138  212.50977958  213.8313578   215.27323931  216.71435956
  217.07553553  216.95958972  216.84363645  216.85271552  216.91333606
  216.09277457  215.1870698   214.46041745  214.47361328  213.90827979
  213.04449862  212.61126175  212.40351561  212.69149056  212.97964303
  213.52532374  214.15340353  214.78110994  214.29309972  213.47200028
  212.65124268  212.88440855  213.41064427  213.93616794  213.68157193
  213.22611375  212.77081771  211.52410043  209.44324488  208.44674977
  207.30475077  206.52286741  204.81430965  205.6876886   207.07923588
  208.47002259  209.62649044  210.73971216  211.85230991  211.60953934
  211.14272874  210.67608895  211.08182484  211.61599134  212.13207074
  212.40469695  212.64496451  212.88499244  212.66550172  212.3929316
  212.12047186  211.26932572  210.36060041  209.45261627  209.15430527
  208.90798074  208.66175014  208.45056991  208.24191113  208.03332074
  207.81298758  207.59189525  207.37084207  206.49389071  205.58993567
  204.68653038  204.96680296  205.28081855  205.59454207  206.67775192
  207.77180876  208.86475959  209.67309973  210.48003727  211.27897006
  211.36639474  211.45368101  211.52490005  210.90686151  210.28917645
  209.64281611  208.21023692  206.77891324  205.42649552  205.62612384
  205.82553616  206.09147109  207.38788794  208.68331765  209.93322957
  210.62290067  211.31173123  211.9420823   211.95352168  211.96487376
  211.74610778  209.4346444   207.12473551  204.96675302  204.01012584
  203.05371818  202.40321452  203.90113129  205.39790834  206.68597744
  206.6615235   206.63700873  206.49893617  205.71562401  204.93279188
  204.33415026  204.6891418   205.0438019   205.41946826  205.89547949
  206.37107144  206.71608124  205.38359423  204.98231406  204.86319525
  205.98039294  205.88198152  205.78873406  205.714647    205.64053395
  205.5581726   205.44753532  205.3368984   205.24048646  205.19040045
  205.14044655  204.63351519  204.04401881  204.21522725  204.91776573
  205.71991524  205.83899517  206.07487398  206.6171825   207.15905343
  207.19399281  205.98175737  204.77032524  204.02550313  204.3617179
  204.69760631  205.00660395  205.25720538  205.50734428  205.53316113
  205.09607824  204.65923484  203.59324223  201.30313661  199.01463572
  197.38350553  196.96192869  195.34355765  195.52655864  197.76093956
  200.48479557  203.06793077  203.30480753  203.54142719  202.94553662
  201.17328267  200.17341639  200.57698163  200.0829967   199.5895896
  198.66426297  197.1309253   195.59865035  193.02200336  192.69090758
  192.27663678  192.16523365  194.18018029  194.22677641  194.65164882
  195.53218139  196.41197338  197.1024963   197.57619887  198.04946415
  197.99837378  197.37640321  195.99520131  196.5544351   195.92270135
  195.67303733  196.23480087  197.17059003  197.60654135  197.5476863
  197.25943377  196.97094961  195.65675491  193.72670974  192.48603326
  192.01770708  192.60693132  192.27263405  192.33237788  192.9510842
  193.74789646  194.77438128  196.75737298  197.00057365  197.03161271
  196.90898315  194.95152816  190.61379314  189.30380554  188.95668928
  188.1702116   189.8448475   189.92007405  190.3823629   194.37103927
  192.18336898  190.9278      189.51659565  189.044741    190.40875819
  188.62322443  188.02891638  186.03015091  186.2460376   184.4106071
  182.95261818  176.32430635  171.4112089   176.93903837  175.33448236
  183.69805096  187.11622491  178.09297638  172.85374428  165.75919967
  157.48942367  165.92201993  174.09007424  180.37359029  177.63049412
  172.7368582   167.88855392  163.23659901  173.11596339  179.76169272
  184.01585268  178.62953026  175.25217087  175.61334838  177.65888608
  186.15043938  174.11255067  156.91035542  147.74633656  135.30308556
  132.17819276  147.55166464  154.86273504  171.11980936  190.85591815
  192.22673084  175.42142356  165.21644134  161.48417063  148.49857471
  162.82160293  166.81823399  159.04720755  171.38592902  171.50683273
  167.65442336  172.7700136   176.55613311  172.91863506  165.73712746
  162.69368605  163.27841597  166.97478703  184.72074536  176.96673154
  174.15442601  157.20020699  160.73358416  167.81865212  167.57431439
  174.441833    170.87791271  169.77219171  171.90096302  179.55392548
  183.14110695  185.62877798  186.54908829  186.5809321   179.55385905
  178.6765546   181.17190223  181.4204972   186.41955632  185.28017147
  184.14325074  184.61105421  176.49618113  176.43326216  177.7378316
  179.17927102  186.10093504  179.99889122  174.79822169  170.64918176
  163.29054368  164.68571942  168.05925599  171.31039391  165.10268855
  163.09763069  156.05278519  147.4326265   153.74672925  155.82057553
  166.87527157  173.3509807   169.82669954  154.86444906  146.66701228
  145.90846497  154.81522741  168.10360445  157.31379922  158.66236499
  154.10933631  153.59315315  166.66825519  161.72350622  158.75084265
  159.14286458  162.2578544   166.19435591  155.74139693  152.90379726
  155.0176321   159.3347545   165.65734674  161.54029454  149.81277228
  148.31949623  156.04798577  165.79357862  177.90511895  180.79544748
  180.65035789  175.65173456  163.64464688  151.92924647  153.75449168
  159.94920851  173.12055634  179.55339957  179.75043343  175.99002379
  168.07578616  154.96439518  142.62586384  141.82323299  143.36745896
  145.94270186  138.12477987  133.1318907   138.04283586  144.88114909
  161.54582993  165.09043269  161.83977345  162.69765608  162.24729952
  162.61086697  161.39016011  158.27246464  150.49989031  138.04906126
  135.91616195  123.77771563  131.7968841   145.16625996  147.42354645
  160.2091954   162.04417561  159.8558795   164.20183951  167.45356695
  162.25446578  158.03674445  156.27212321  152.41920512  151.27125408
  138.39184686  129.60301668  124.82760589  126.83791515  141.50728932
  147.09010149  154.2392832   153.41831164  146.24980307  145.00902816
  146.00418743  149.98160456  159.25175026  161.12810075  158.20240499
  156.42123747  150.02245396  143.51589206  146.83114776  147.60761495
  154.96909708  161.31636268  160.85021014  161.06868197  158.5909355
  155.88664059  151.81504181  150.54797087  152.57474154  155.65771166
  155.49085644  153.26963502  149.7984482   141.10878393  143.48228154
  147.09137977  149.58648401  155.48463123  156.62654253  151.85250781
  150.48439558  150.99315405  148.50153877  149.89691687  147.70050297
  146.14469323  147.30313665  146.00043329  146.74520919  146.13750589
  143.71188913  146.16184202  146.5305096 ]
