[  5.05426751   5.06673406   5.07922622   5.09173722   5.10427452
   5.11682727   5.12940513   5.14200409   5.15462791   5.16726787
   5.17993148   5.19261879   5.20532856   5.21805704   5.23080677
   5.24358282   5.25637891   5.27026956   5.28691268   5.30359782
   5.32031454   5.33706895   5.353855     5.37068331   5.38754206
   5.4044403    5.42137098   5.43834318   5.45534499   5.47238714
   5.4894635    5.50658033   5.52372688   5.54091268   5.55813549
   5.5751709    5.59220741   5.61000201   5.62908487   5.64820909
   5.66737339   5.68657779   5.70583037   5.72512183   5.74445624
   5.76382927   5.78325141   5.80271093   5.82221598   5.84175915
   5.86135138   5.88097977   5.9006553    5.92037049   5.94013364
   5.95993277   5.97977859   5.99860632   6.01618584   6.03379418
   6.05143971   6.06912247   6.08684113   6.10459153   6.12237649
   6.14020168   6.15806012   6.17595326   6.19387864   6.21184659
   6.22984546   6.24788202   6.26594956   6.28405988   6.30219981
   6.32037941   6.33859084   6.35599673   6.37288133   6.38980182
   6.4067449    6.42371743   6.44071945   6.457751     6.47481831
   6.49191011   6.50903043   6.5261804    6.54336041   6.56057678
   6.5778159    6.59508479   6.61238348   6.6297161    6.64707787
   6.66446618   6.68188442   6.69005538   6.69254932   6.69502708
   6.69749615   6.6999565    6.70240812   6.7048551    6.70729257
   6.70957654   6.71183329   6.71408123   6.71632783   6.71855811
   6.72077954   6.72299209   6.72519763   6.727398     6.72958384
   6.73176075   6.7339287    6.74137418   6.75105003   6.7607283
   6.77041644   6.78011448   6.78982428   6.79954775   6.8092755
   6.81901316   6.82876075   6.83842528   6.84802338   6.85762917
   6.86724454   6.87686951   6.88651163   6.89615581   6.90580959
   6.91547298   6.925146     6.93910868   6.95423295   6.96937821
   6.98454637   6.99974473   7.01495917   7.0301962    7.04545622
   7.06073925   7.0760488    7.09138218   7.10673441   7.12210973
   7.13750818   7.15292978   7.16838233   7.1838503    7.19934147
   7.21485706   7.23040138   7.2199981    7.2057876    7.19152837
   7.17722035   7.16287083   7.14846541   7.13401063   7.11950681
   7.10495503   7.09035944   7.0757081    7.06100748   7.04625751
   7.03146303   7.01661679   7.00171837   6.98677034   6.97177265
   6.95673269   6.94163546   6.96232675   6.98464129   7.00699577
   7.02939513   7.05183229   7.07430689   7.0968216    7.11937646
   7.14197914   7.16461446   7.18729006   7.21000598   7.23276495
   7.25556665   7.2784038    7.30128143   7.32419959   7.34715832
   7.37016547   7.39166213   7.37810332   7.36449844   7.35085404
   7.33715565   7.32341063   7.30961891   7.29578044   7.28190169
   7.26790772   7.25338441   7.23881659   7.22420458   7.20955477
   7.19485307   7.18010664   7.16531543   7.15048354   7.13560599
   7.12068014   7.11573283   7.18011374   7.24462546   7.30927463
   7.3740473    7.43895079   7.50398525   7.56933428   7.63506314
   7.7009269    7.76692927   7.83307039   7.89935865   7.9657778
   8.03233616   8.09903388   8.16587323   8.23285654   8.29997329   8.36723
   8.43160199   8.48477913   8.53807245   8.59146442   8.64496394
   8.69857113   8.75228837   8.80611809   8.86004903   8.9140881
   8.9682354    9.02249805   9.07686456   9.13133733   9.18591879
   9.24060907   9.29541067   9.35032614   9.4053436    9.46047033
   9.50242226   9.51268587   9.52295072   9.53322217   9.54350023
   9.5537849    9.56408598   9.57438388   9.58468839   9.59499952
   9.60532168   9.61565144   9.62598243   9.63632004   9.64666427
   9.65702446   9.66738244   9.67774023   9.68809603   9.69845843
   9.70812925   9.71665691   9.72518155   9.73370861   9.74223808
   9.75077934   9.75931412   9.76785079   9.77638987   9.78493282
   9.79348509   9.80203133   9.81057996   9.81913097   9.82769079
   9.83625002   9.84480815   9.85336864   9.8619315    9.8704982
   9.88297681   9.89997264   9.91698973   9.93403159   9.95077257
   9.96720182   9.98365057  10.00011883  10.01660661  10.03312399
  10.0423353   10.04441747  10.0464576   10.16062747  10.37914542
  10.59807755  10.66805515  10.60648723  10.54476285  10.66193541
  10.9294629   11.19761809  11.08103098  10.65730209  10.23267046
  10.05485195  10.0639217   10.07299037  10.13343517  10.23077161
  10.32828095  10.54661841  10.84777747  11.14944387  11.20719224
  11.10683923  11.0063694   10.76364098  10.43333657  10.10242904
  10.2111471   10.57603509  10.94167124  11.11596991  11.18477779
  11.25371205  10.90846964  10.34672726   9.78380484   9.55331879
   9.48644699   9.41934296   9.70621757  10.15806577  10.61086809
  10.46162403  10.04867829   9.63490952   9.40079579   9.24045736
   9.07981439   9.26820051   9.59195195   9.91635699  10.27559896
  10.64791213  11.02087232  10.75117343  10.26239424   9.77255417
   9.93462467  10.30423474  10.67453816  10.9591161   11.2187704
  11.47890799  11.51206264  11.48276187  11.45347928  11.30266566
  11.12061159  10.93817134  11.15121887  11.45758287  11.76455337
  12.03696374  12.30218798  12.56792754  12.50954658  12.38699986
  12.26406659  11.95533553  11.61262103  11.26929304  11.12597824
  11.01497209  10.90383043  11.01850357  11.16622236  11.31424037
  11.26832647  11.19718435  11.12588833  11.17929315  11.24677853
  11.31438439  11.71008837  12.13860324  12.56788052  12.38754611
  12.15654398  11.92506944  11.8449022   11.77489911  11.70477186
  12.00909118  12.3340957   12.6598018   12.75155527  12.83409256
  12.91677774  12.7009567   12.47677447  12.25209594  12.23933998
  12.229293    12.21916861  11.59711707  10.97370631  10.35430581
  10.16267465   9.97064691   9.79571477  10.30066698  10.80661261
  11.31195956  11.77479767  12.23853686  12.66945827  12.46408032
  12.2581486   12.06560367  12.07794975  12.09019057  12.08124253
  11.81357665  11.54545997  11.28792212  11.14590576  11.00360188
  10.90900792  11.24093517  11.57352324  11.87963128  11.97373475
  12.06801164  12.17704391  12.38707501  12.59742743  12.73363455
  12.40780715  12.08131441  11.74881271  11.38613693  11.02256037
  10.79573269  11.26914136  11.74330284  12.12885447  12.0979787
  12.06714674  12.05736033  12.13833446  12.21942916  12.29554588
  12.35180845  12.40812987  12.38949282  12.0964997   11.80285943
  11.57394858  11.56569999  11.55747763  11.53867251  11.4864327
  11.43415617  11.54860277  12.15669493  12.76576109  13.22998008
  13.29097387  13.35204961  13.34086531  13.14154104  12.94196353
  12.79758118  12.78838097  12.77926811  12.69632233  12.44402782
  12.19123803  12.06590814  12.21735148  12.36894931  12.61530576
  13.05484379  13.49525253  13.65740574  13.28129766  12.90454611
  12.53070477  12.16299086  11.79450433  11.63769792  11.84746122
  12.05747952  12.35556162  12.7974344   13.24006615  13.4929861
  13.45048445  13.40800004  13.48481489  13.73766314  13.99085155
  14.2028272   14.35698531  14.51132849  14.56860744  14.49669096
  14.424768    14.44768617  14.59043318  14.73344394  14.78820072
  14.73729206  14.68629472  14.65334599  14.64114462  14.62877578
  14.52186828  14.31234929  14.10252281  14.03441997  14.11221557
  14.19021272  14.22455031  14.21673935  14.20879354  14.23705519
  14.29888926  14.36079926  14.02981096  13.35111492  12.67125104
  12.31461178  12.22944015  12.14422638  12.10986644  12.11626746
  12.12263525  12.2306948   12.41602856  12.60155582  12.67689171
  12.67276937  12.66873039  12.40250157  11.95707036  11.51092709
  11.25832437  11.13113052  11.00371162  10.90762665  10.83087581
  10.75389764  11.11033657  11.71922447  12.32910912  12.80409767
  13.20498939  13.60662508  13.97737664  14.33250031  14.68810981
  14.95916509  15.18878518  15.41869914  15.20157873  14.77624907
  14.35034272  14.02926039  13.75369472  13.47778891  13.3129984
  13.19395339  13.07471371  13.08253786  13.13974388  13.19691523
  13.46071753  13.79983385  14.13956547  14.13448254  14.01173136  13.88884
  13.71727461  13.5301922   13.34268111  13.82442981  14.50499082
  15.1865865   15.84870615  16.50622821  17.16479402  17.06645932
  16.77476053  16.48270386  15.664605    14.7217204   13.77720107
  13.97116618  14.41183314  14.85311024  15.32698614  15.80778842
  16.28950354  16.50051239  16.66307369  16.82595678  16.39232331
  15.86099955  15.32884154  15.09664592  14.90800233  14.71890694
  14.86971511  15.06466043  15.25992934  15.87054844  16.52911917
  17.18889301  17.51736417  17.8139873   18.11098727  18.32276774
  18.52746419  18.73100021  18.51545712  18.27107355  18.02620498
  17.93233974  17.8462852   17.76024453  17.56157486  17.35816938
  17.15446549  17.27750958  17.4094465   17.54141414  17.77604978
  18.01225131  18.2488639   17.7312341   17.2125087   16.69662045
  16.46317924  16.22952464  16.0080582   16.27769487  16.54785438
  16.79267706  16.38068399  15.96805961  15.59136961  15.90744656
  16.2238378   16.55910692  17.16782813  17.77752942  18.32411582
  18.08717327  17.84994751  17.65813453  17.94186967  18.22658451
  18.50028672  18.66854025  18.83690654  18.84821231  17.63075482
  16.4113612   15.32293759  15.15240219  14.9817098   14.88761204
  15.27110803  15.65512698  16.09709675  16.86111335  17.62620878
  18.33729125  18.76747081  19.19846528  19.34072135  18.13538865
  16.92820877  15.81390738  15.10402041  14.39305104  14.08121971
  15.3509212   16.62245617  17.64639852  17.75792465  17.86965454
  17.85345403  17.40148616  16.94891145  16.24750101  14.75921504
  13.26851184  12.32524442  13.0080125   13.69179518  14.59972125
  16.12723326  17.65702952  18.66766512  18.32319843  17.97833781
  17.46405007  16.53718751  15.6088616   14.697266    13.82617278
  12.9536069   12.7822009   14.13129777  15.4825479   16.83310106
  18.18012121  19.529284    20.13536653  19.30402911  18.47138818
  17.98194811  18.12131035  18.26074392  18.39818068  18.5317863
  18.66556695  18.51781145  17.9081117   17.29760215  16.73052507
  16.23182316  15.73227321  15.80518261  16.72263381  17.64138154
  18.48053493  19.20739643  19.93551612  20.68932423  21.47674441
  22.26551362  22.91447343  23.38672098  23.85973203  23.91685889
  23.47517145  23.0325956   22.36193303  21.43122287  20.49912716
  19.95608081  19.83433753  19.71251529  19.2679468   18.49143463
  17.7136075   16.78362364  15.70463058  14.62342968  14.50122962
  15.27169146  16.04315494  17.28552581  18.94434417  20.605618
  21.47331534  21.67432091  21.87557444  22.2710823   22.82202281
  23.3735271   23.49860257  23.29984661  23.10093222  22.52209718
  21.66931345  20.81542464  20.63388797  20.91208539  21.19076682
  21.05204951  20.6427299   20.23268459  19.86828098  19.53163295
  19.19448924  18.65583413  17.99923373  17.34185131  16.93443802
  16.66470856  16.39452587  15.58938485  14.50490669  13.41883706
  12.98830831  12.88027827  12.77199608  13.24827598  13.99649494
  14.74583939  15.98489283  17.43954037  18.89622899  19.95368523
  20.8474759   21.74231487  22.33210905  22.80392805  23.27643671
  23.56147406  23.77844463  23.9958425   24.11828264  24.20873357
  24.29929324  23.99554667  23.56624121  23.1362057   22.98778507
  22.92276921  22.85755651  23.45528171  24.23618756  25.01619598
  25.05704132  24.91030634  24.76330623  24.6216951   24.48129979
  24.34064748  23.76915095  23.10408625  22.43833506  22.76147113
  23.28028893  23.79963691  23.39049499  22.81404691  22.23714528
  22.10620964  22.04779131  21.98933382  21.41952362  20.77485877
  20.12961034  18.79351734  17.36686744  15.93902041  16.16362069
  16.57584196  16.98847537  18.37489617  19.85777155  21.34201269
  21.98259474  22.55375874  23.12524953  23.59462796  24.05745352
  24.52054738  24.83002936  25.13146238  25.433038    25.04572445
  24.63033704  24.21449566  25.08084818  25.98206261  26.88411359
  27.52832106  28.16975334  28.81175616  28.60831864  28.40446195
  28.19817903  27.81195245  27.42561154  27.03706676  26.58079626
  26.12398587  25.6908221   25.87278333  26.05478038  26.18656385
  25.36113157  24.53489017  23.624593    21.46612852  19.30589693
  17.13595408  14.86991937  12.60193348  10.55057203  10.76397567
  10.97755219  11.42805667  13.99578506  16.56569347  19.0270046
  20.62179137  22.21801646  23.65115024  23.94312126  24.23544224
  24.56998294  25.16592622  25.76250596  26.307653    26.56180591
  26.8163622   27.05298869  27.19794142  27.34289147  27.42436905
  27.20903041  26.99340218  26.77284006  26.53111125  26.28910497
  25.7469915   24.01850482  22.28854504  20.5388437   18.7212738
  16.90212229  15.01985696  12.92691048  10.83213229   9.51830745
  10.68422311  11.85109767  13.31451454  15.65386927  17.99528692
  20.19213699  21.98402881  23.77734804  25.42554269  26.69403977
  27.96368136  28.87872476  28.92590605  28.97288713  29.1701724
  29.71294529  30.25603573  30.78247594  31.27189394  31.76161822
  32.24332348  32.7077611   33.17275854  33.39590128  33.15223021
  32.90833059  32.73323175  32.68437184  32.63538709  32.91841963
  33.77598804  34.63411019  34.90083606  34.19837706  33.4952666
  33.07627034  33.09886255  33.12163669  33.48019925  34.33363586
  35.18791966  35.7479521   35.89627506  36.04490801  36.16882557
  36.25996387  36.35103576  36.53159841  36.8247379   37.11801227
  37.22681609  37.1140331   37.00112308  36.91410932  36.85747382
  36.80103975  36.9236519   37.24072116  37.55792236  36.99178027
  35.51623058  34.03948514  33.4663176   33.77799103  34.08973368
  34.98351312  36.41794155  37.85357853  38.47521831  38.37753763
  38.27997799  37.78831002  36.96564428  36.14254331  35.24446865
  34.28658095  33.32813544  33.89696641  35.62379733  37.35176668
  37.90350746  37.60823173  37.31270853  36.76697134  36.04984393
  35.33222781  35.06364242  35.08598333  35.10824968  35.26791649
  35.51231626  35.75675687  35.2961059   34.42484427  33.55280334
  33.5846129   34.11490784  34.64568791  34.85992543  34.90910292
  34.95848921  34.80757903  34.55793203  34.30824913  33.67154046
  32.85464208  32.0372652   32.02673347  32.36984215  32.71294799
  33.48280663  34.42872791  35.37529275  35.33150756  34.90374215
  34.47569137  34.90356226  35.64258404  36.38240007  36.28193819
  35.89562072  35.5088901   34.8316278   34.06176357  33.29119109
  32.07989191  30.73739595  29.39377284  27.66922971  25.83884236
  24.00714911  23.82285651  24.05916186  24.29573686  26.100824
  28.27672022  30.45427294  31.28123941  31.81603783  32.35128938
  32.88487311  33.41829211  33.95205816  34.68856161  35.46189279
  36.23579579  36.05158067  35.71080597  35.36986675  35.27017481
  35.20539929  35.14084926  35.46911578  35.84861499  36.22822227
  36.11255747  35.94072328  35.76907684  35.49721891  35.21541836
  34.93322065  34.71808878  34.50811659  34.29813158  35.3798128
  36.55063598  37.72245134  38.32633391  38.89996776  39.47411196
  38.38561086  37.22947257  36.07249786  36.07993356  36.11835978
  36.15683555  36.61250341  37.07399119  37.53589938  37.29347884
  37.05012012  36.80548257  36.45851725  36.1113727   35.77969958
  36.08319854  36.38704301  36.7060147   37.41717376  38.12894013
  38.82469442  39.21096852  39.59755132  39.93376645  39.51554674
  39.09677504  38.69481685  38.50104057  38.30720546  38.02514895
  36.82814443  35.63038455  34.58278293  34.88512218  35.18795271
  35.49482322  35.83362497  36.17248506  36.50942882  36.83111494
  37.15284117  37.48022233  37.84081697  38.20150439  38.47830157
  38.28052691  38.08273475  37.96909375  38.28711664  38.60545643
  38.93239475  39.29973522  39.66736901  39.77280525  38.75277817
  37.73196278  36.84181225  36.47063702  36.09926971  35.86681923
  36.14424483  36.42199391  36.7927654   37.47919867  38.16626533
  38.82048649  39.36974402  39.91911343  40.366268    40.50970421
  40.65302893  40.59776851  39.99122462  39.38406248  39.04534271
  39.40527777  39.76532486  40.28643493  41.20001862  42.11435286
  42.36239621  41.07680903  39.79031591  38.21758055  36.02552453
  33.83184788  33.13102077  35.48877406  37.84804978  39.59097017
  40.13961779  40.68879361  40.79495543  40.0900196   39.38474279
  38.97306035  39.07017747  39.16755637  39.5222025   40.29931999
  41.07667367  41.75684261  42.28532618  42.81399812  42.78952066
  41.94925711  41.10823554  40.44210198  40.02048925  39.5958167
  39.51643986  39.8979187   40.27932886  40.57140732  40.75162724
  40.93193286  40.68339622  39.92144699  39.15910979  39.11000909
  39.87423474  40.63867941  41.57721199  42.70438857  43.83197104
  43.92853915  42.96365165  41.99815942  40.66059075  38.95904886
  37.2563566   36.66092088  37.09572951  37.53045679  38.52236035
  40.00702249  41.49209727  42.07910737  41.9107108   41.74191346
  41.5235553   41.26517347  41.00669201  40.63283894  40.17111167
  39.70912101  38.8484248   37.70034037  36.55159841  36.51405739
  37.23563252  37.95741127  38.3152868   38.43695129  38.55896638
  37.72190513  36.29497398  34.86770974  33.84925982  33.0684314
  32.28749747  32.38964781  32.97874376  33.5682089   33.38513497
  32.79920935  32.21316832  32.48935805  33.19044471  33.8920006
  34.94664241  36.16564254  37.38537775  39.08482042  40.99545132
  42.90691222  43.68024537  43.98443165  44.28874611  43.47528087
  42.22831608  40.98082042  39.2629304   37.37362114  35.48340575
  36.4524448   38.39685102  40.34198862  41.01976162  41.29482624
  41.56992452  41.46293489  41.24291467  41.0227462   38.94935489
  36.36489961  33.77905237  31.52370575  29.35195084  27.17904726
  28.6801085   31.04776684  33.41622519  35.46552476  37.44621177
  39.42770821  40.23536983  40.81037317  41.38552047  40.58199354
  39.52929482  38.4759919   39.64402668  41.17465157  42.70569141
  43.10517086  43.33894339  43.57315155  44.09900916  44.66259872
  45.22673799  45.94509819  46.68098634  47.41743717  46.68958142
  45.8169568   44.94414098  44.5934404   44.28606149  43.97877493
  43.30692919  42.60969873  41.91242161  41.89522065  41.91464683
  41.93435784  42.88171164  43.86656425  44.8521545   42.71263566
  40.48867549  38.26377848  37.66801935  37.09450929  36.5207954
  38.18551081  39.85298194  41.50299527  41.63289953  41.76306777
  41.89267823  42.00112706  42.10986572  42.2442826   43.04630789
  43.84895342  44.5785574   43.9045832   43.23065218  42.57681581
  42.23461396  41.89227936  41.54546505  41.14871468  40.75184099
  40.47394407  41.44007975  42.40670107  43.36971815  44.29922108
  45.22933491  45.89937745  44.52325121  43.14642581  42.06496173
  43.04246216  44.02039716  44.90574187  45.21459264  45.52324141
  45.74011424  45.43863432  45.13670607  44.92734648  45.19042522
  45.45335263  45.63128249  45.41087321  45.19012451  44.92980975
  44.49954528  44.06890352  43.75846257  43.92373317  44.0888319
  44.49173255  45.76586062  47.04024078  47.69425179  46.23078267
  44.76627525  43.88661363  44.86475147  45.84357896  46.70801102
  47.23168266  47.75577466  48.07053243  47.80284394  47.53514173
  47.00741281  45.80174733  44.59556423  43.65571541  43.36741643
  43.07927263  42.86724346  42.83031086  42.79367852  42.98171128
  43.65759108  44.33745613  44.89600983  45.20655293  45.51734242
  45.62607382  45.3443794   45.06258519  45.27056578  46.37549966
  47.48126494  48.46374523  49.23253583  50.0019277   50.35886792
  50.03938003  49.71965765  48.88199849  47.23949237  45.59591864
  45.30966166  47.0282429   48.74792394  49.75667793  49.76994456
  49.78291592  49.42142344  48.56160852  47.70098648  47.36525154
  47.69295387  48.02064999  48.1661957   48.09310114  48.01978043
  48.30116246  48.98711621  49.67314817  50.12171004  50.31250997
  50.50302426  51.05642549  51.98326139  52.91026459  53.192494
  52.84248657  52.49245771  52.35114589  52.4038076   52.45661834
  52.10729519  51.39970059  50.69177772  50.2575452   50.05315633
  49.84861706  49.89673882  50.14629673  50.3963537   50.35312854
  50.08681447  49.82075479  49.13270884  48.13991621  47.14699146
  46.32442402  45.61795087  44.9114726   44.8978977   45.3344687
  45.77138508  45.99872288  46.09724205  46.19597069  47.14940217
  48.60097444  50.05347827  50.39169574  50.1160406   49.8402367
  49.77956976  49.83171402  49.62226319  49.27939006  48.63192559
  48.03066582  47.60273112  47.0301131   46.6293972   46.68680283
  46.94768071  47.32282038  47.65203035  47.68113499  47.79314684
  48.33018944  49.46624164  50.86793362  51.22387695  51.38093421
  51.5477851   50.74991345  49.98205049  49.10901803  49.60393964
  50.43347345  51.23322603  51.46153224  50.93594526  50.25038056
  50.16863404  50.41952632  50.7288033   50.82405424  51.05898259
  51.21501371  50.48234301  49.92123654  48.93746771  48.5070373
  48.19601084  47.88524818  48.10592832  48.43171773  48.75800747
  49.48035104  49.93840009  50.39610615  50.09664562  49.63701127
  49.25526236  49.03112007  48.76405597  48.50913484  48.90302169
  49.27818565  49.78085401  49.87482523  49.9605756   49.671487
  49.58733835  49.69502755  49.70216549  50.59042364  51.11437367
  51.63851548  52.29990953  52.59788389  53.20898022  52.69805582
  52.49903003  52.37646073  52.46313285  52.57251457  52.5447816
  52.41510964  52.46585393  52.57267639  53.0276146   53.29486779
  53.56211788  53.43041055  53.29859891  53.16543767  52.9593273
  52.75312899  52.55636543  52.7582484   52.96020813  53.14325096
  52.84257182  52.54178786  52.23797255  51.88418928  51.52091769
  51.17383742  51.07068077  50.96788483  50.89017115  51.12710539
  51.36403155  51.49563221  50.52926697  49.56330328  48.70343576
  48.80029841  48.89715475  49.09394011  50.07677812  51.0599846
  51.87217819  51.49455512  51.11693208  50.87741166  51.50007038
  52.12302686  52.71950074  53.16783359  53.616154    53.81099098
  52.71029318  51.6098347   50.45846063  49.06915508  47.67986761
  46.68036088  47.35438138  48.02851998  48.7540207   49.68232825
  50.610614    51.40362103  51.70033631  51.9971033   52.09907209
  51.53564184  50.97238242  50.49464048  50.27548353  50.05628795
  50.02118901  50.53087113  51.04062278  51.36124129  51.15630918
  50.95134073  50.77053788  50.65129379  50.53202614  50.51724272
  50.75836079  50.99950806  51.16917743  51.17296482  51.1766848
  50.92600576  50.12267189  49.3192157   48.73079599  48.5827242
  48.43448758  48.43843999  48.7368112   49.03521941  49.16178661
  48.97365055  48.7852632   48.87260116  49.43747873  50.00243068
  50.33212965  50.2758334   50.21921755  50.53600295  51.43360942
  52.3313361   52.9721697   53.23424485  53.49594233  53.65018461
  53.65392614  53.65766181  53.28970305  52.42788348  51.56550542
  50.72327791  49.90653817  49.08967977  48.94804944  49.61692187
  50.28628932  50.72212949  50.89201037  51.06190842  51.30066429
  51.61408981  51.92797485  52.10720583  52.14804798  52.18888947
  52.29643564  52.46915286  52.64196503  52.86802764  53.14386249
  53.41972294  53.6011275   53.69897169  53.79710655  53.54089162
  52.98667866  52.43239652  52.15273271  52.09247876  52.03240355
  52.26477309  52.71884913  53.1729701   52.82377479  51.89556548
  50.96735087  50.36864035  49.99488554  49.62108344  50.05093848
  51.00243408  51.95405011  52.49141102  52.77321082  53.05503543
  53.52763299  54.11148802  54.69540045  55.04074864  55.25371116
  55.46669037  55.35650516  55.07755539  54.79856922  54.38318316
  53.899845    53.4164265   53.03698101  52.70594269  52.37486307
  52.28218974  52.29369732  52.3050923   52.96849726  53.90111778
  54.83382999  55.50967964  56.08575054  56.66166879  56.12094032
  55.1735577   54.22607052  54.21502394  54.52340493  54.83151995
  54.82947258  54.7285783   54.62766738  54.26674767  53.82888258
  53.39058819  53.51220093  53.78843534  54.06468934  54.32719523
  54.58664927  54.84567049  55.18863815  55.55145989  55.91430862
  56.19666896  56.46202625  56.7269345   55.94334015  54.95121487
  53.95899345  53.71136981  53.59882684  53.4859546   53.57376006
  53.6944035   53.81505154  53.48532138  53.08966369  52.69438211
  52.89857979  53.18071921  53.46287733  53.35660946  53.20603081
  53.05576507  52.57432555  52.0601077   51.54583939  51.66803613
  51.84340554  52.01902322  52.14870681  52.27503738  51.99790834
  50.42794977  49.31708503  48.49286346  48.09728885  48.60015565
  48.78485629  47.58137388  46.66487632  45.08899506  43.65113959
  42.25505074  40.41115017  37.78651278  35.41624553  32.66700147
  35.50518612  37.99899181  40.59260171  42.91895652  44.52206244
  46.36887917  46.08228099  45.33014298  45.21263095  45.79804674
  46.19802479  46.92718122  48.10200898  49.02254081  49.95165384
  50.70276107  51.44520281  51.94007672  51.59395311  51.2693925
  50.90114048  50.36433086  49.79190571  49.23419608  49.14590146
  49.12545276  49.02582372  48.94778375  48.89222166  49.10858666
  51.21540645  53.36288327  55.43923125  55.71492844  55.94802401
  56.03712666  55.38824087  54.73972522  54.1792347   54.03341734
  53.8875848   53.86279664  54.35905512  54.85580359  55.01169488
  53.81578403  52.61979453  51.75340386  52.0992576   52.44554981
  52.87738867  53.6022733   54.32719483  54.36991045  52.24486437
  50.11984021  48.44794926  48.11969434  47.79141166  47.81541757
  48.81838964  49.8214233   50.91316722  52.23478955  53.55642838
  54.61715734  55.0386888   55.46024161  55.40828438  54.2638182
  53.11910574  52.21339582  51.82710435  51.44078208  51.09544153
  50.83380833  50.57191217  50.95772039  52.59840312  54.23918303
  55.30549454  55.31915901  55.33246246  55.40931636  55.59639834
  55.78348544  55.90484391  55.91859153  55.93187767  55.70160932
  55.09195601  54.48225967  53.48284759  51.9087707   50.33413437
  50.14139901  51.88430823  53.62731399  54.62294945  54.62498724
  54.62659559  54.23636029  53.35110675  52.46579621  52.0625115
  52.23823025  52.41372929  52.86260934  53.62352948  54.38500596
  54.82408977  54.91355781  55.00298007  54.63111012  53.78381814
  52.93645128  51.84593641  50.517217    49.18850482  48.40280379
  48.12342438  47.84401707  48.59654345  50.26335078  51.93060284
  52.62754555  52.5077704   52.38797966  52.3938795   52.50034844
  52.60727606  52.64819315  53.00311479  52.92517584  52.49990013
  51.50554679  50.63648016  49.79726117  49.22255426  48.97534525
  48.37769179  47.92246173  47.51113838  47.65941208  48.55195361
  49.57154957  49.55007792  49.37171521  49.13261561  48.41779839
  47.76742247  46.95625574  46.86223414  46.98782281  47.240161
  47.64712419  47.9971994   48.60987891  49.07345316  49.58970101
  50.10582053  50.42399815  50.65565951  50.88730845  51.16618562
  51.46458322  51.76251273  52.33995609  52.73435718  53.22124195
  52.66375818  51.75165902  51.1161516   50.6679036   49.74576541
  48.757311    47.97973382  47.20073722  46.42215693  48.22592465
  50.79690415  53.36745643  53.75371986  53.24178442  53.17247816
  52.38586631  51.26697861  50.14799778  50.57570557  51.36921861
  52.16267551  52.92747327  53.68600011  54.19501862  54.92894474
  55.35947493  55.77317749  55.44502218  55.43445136  54.94347412
  53.70971665  52.62519368  51.25443915  51.33291674  51.62376534
  51.67590598  51.64848995  51.7171314   51.93183315  51.99241105
  51.94136025  51.8903059   51.59652746  51.22197499  50.58973499
  49.83380242  48.82548658  47.72787774  48.52058544  49.44316907
  50.36606923  51.08555748  51.79386034  52.50210593  52.81190409
  53.10535803  53.39904275  53.8450195   54.29512099  54.74518245
  54.18332388  53.60765079  53.03201264  51.70125475  50.36957209
  49.06471411  50.171412    51.27809271  52.3590751   52.39676454
  52.43432524  52.44495882  51.75287263  51.0608556   50.41064288
  50.56709284  50.72306311  50.92009392  51.73359017  52.54698846
  53.33313155  53.78138311  54.22962102  54.61928945  54.39337395
  54.16747662  53.84027231  52.59828608  51.35689503  50.21800327
  49.88534137  49.55271088  49.27772493  49.40785335  49.5380266
  49.71405316  50.17673275  50.63919133  51.09143371  51.48742818
  51.88336908  52.11128817  51.47803507  50.84438939  50.2743007
  49.99963597  49.72499702  49.5173789   49.59793221  49.67860303
  49.72100658  49.61112473  49.50124926  49.44564984  49.58960092
  49.73390927  49.79831957  49.59024936  49.3821977   49.37031553
  49.98120405  50.5920749   51.23269873  51.96173408  52.69050596
  53.12999298  52.76469504  52.39941005  51.71565796  50.20161295
  48.68720221  46.89905304  44.43804583  41.97717395  40.44009946
  41.03324605  41.6265555   42.11445135  42.37298244  42.63149221
  43.65943838  46.26663783  48.87367406  50.57090474  50.50299312
  50.43473153  49.39892181  46.58975679  43.7807587   42.4258818
  43.58987397  44.75357599  46.10422015  47.76162561  49.41891906
  50.06378987  49.1330436   48.20281081  47.65088208  47.65798552
  47.6650817   47.9649803   48.67542651  49.38601779  50.05827871
  50.67950925  51.30066731  51.24244557  50.32683513  49.41127952
  48.40535215  47.29078278  46.17592004  45.8865848   46.54039242
  47.19409914  48.1959475   49.57567424  50.95504308  51.32024661
  50.63952125  49.95888793  49.9630364   50.63876304  51.31484687
  51.82083766  52.16831811  52.51573983  51.7855059   50.0999166
  48.41473861  47.32368857  46.73289083  46.14211005  46.84670342
  48.58696921  50.32696695  50.68544855  49.99391672  49.30204504
  49.56177369  50.50716114  51.45239791  52.09720612  52.5359388
  52.97454358  53.10299634  53.02993209  52.95687136  52.7646378
  52.49847828  52.23267123  51.58554765  50.7162401   49.84707364
  49.61595018  49.73800202  49.86014193  50.04826836  50.27083795
  50.49324324  51.26121665  52.29922036  53.33703651  53.12913103
  52.34088543  51.55228435  49.75951002  47.52500135  45.29087675
  44.47602035  44.24798253  44.02029251  43.78027211  43.53548784
  43.29074041  44.33584093  45.85188973  47.36766262  48.08777761
  48.53640489  48.98469024  50.01527951  51.23185679  52.44820847
  52.01421916  51.0898611   50.16523504  50.25980441  50.63627387
  51.0126677   52.09340469  53.35386082  54.61442211  54.96755208
  55.10569563  55.24380575  54.92115659  54.49893174  54.07710052
  52.82964172  51.4177202   50.00600114  49.83439878  49.88788368
  49.94135316  50.74430882  51.670144    51.02631915  46.35107306
  42.09110673  37.76776138  35.21561296  37.50614335  39.22141154
  41.57044223  42.5264841   43.84896491  44.78142069  46.72280471
  48.93926415  50.03268302  50.55990912  48.1496075   46.50118949
  46.14253183  44.15853026  45.20554238  43.17262215  43.59217141
  44.12710348  41.30723621  41.84085545  42.18565332  40.79826101
  42.38925145  44.41475502  44.51386098  47.4053208   48.57083974
  48.0122184   49.03290075  49.18424965  48.37440571  47.57223421
  48.33601238  48.2066983   48.0230144   49.12297389  49.96084023
  50.57006379  50.13789322  49.4238073   48.95755926  49.25515417
  50.02777077  50.9405763   51.41297962  52.1729655   52.84306442
  53.56339239  54.2767606   54.90898338  54.26104259  53.99972503
  53.06176497  51.48445215  51.05514076  50.75247606  51.02357156
  50.73113008  49.98888857  49.46217932  48.60923934  48.50309811
  48.44389214  47.97618542  47.4585591   48.99830402  50.51288494
  51.70064481  51.74011312  52.01081863  52.18628989  52.34339757
  52.48106659  52.19898117  52.39890922  52.32583983  52.32870324
  52.61105504  52.89334933  52.95063455  52.23872028  51.52532914
  50.9127804   50.20641306  49.97962805  49.92933089  49.38771506
  48.87205945  48.46979318  48.04120716  47.89664855  48.23761064
  48.8553604   49.53132296  49.72201949  48.46350963  47.12222614
  46.08144915  46.43295851  46.68142687  47.22269445  47.79449503
  47.75143461  48.32562697  49.1403655   50.46020811  51.13888803
  51.55035121  51.99344239  52.17520654  51.48894574  51.15942181
  50.82327557  50.64342047  50.98245133  50.90726171  51.05988263
  51.26206747  50.88648913  50.13354954  49.89576736  49.54218069
  49.56080733  49.92068544  49.57636424  49.27017124  48.96377457
  48.88482643  49.69468471  50.61218671  51.66708663  52.70338598
  53.97002565  54.32540975  53.82453981  53.32386756  52.36803387
  50.30706958  48.72899812  48.38788288  49.52689014  50.89722112
  51.56418245  51.43088133  51.1961409   50.67409031  49.67411818
  48.71044647  48.86957093  50.16184629  51.55931196  51.88007109
  51.44374491  50.84185968  50.53594438  50.53890664  50.2998445
  50.68582273  50.7914167   51.17485098  51.2300677   51.20744262
  51.23766096  50.86428184  50.36681685  49.86955835  49.1736426
  48.34162358  47.50991074  47.66314212  48.45641924  49.24936557
  49.55496956  49.56064752  49.56632716  49.99439035  50.66892637
  51.3441989   51.2870052   50.60810224  50.36395787  50.38341635
  50.65438139  50.92519687  50.94997011  50.85331689  50.75673903
  50.73218208  50.74124027  50.75028115  50.70336778  50.63180798
  50.56026406  50.27268881  49.89575994  49.51892432  49.30414822
  49.15242387  49.00077432  48.97084477  49.48072325  49.78105227
  49.46350579  48.93491975  48.40654096  48.56264759  48.93758214
  49.31232886  49.97495079  50.72310154  51.43205354  51.3658836
  51.34723932  51.2900784   50.82242766  50.61256638  50.31146517
  49.54946977  48.66873011  47.68596156  47.89517742  48.68062682
  49.35450967  49.4038822   49.27061078  49.0635006   48.45792724
  47.46363799  47.07529313  46.824721    47.52404094  46.88363651
  46.59666003  46.43111206  44.80196885  45.88460179  46.18909507
  46.06866693  47.27190451  46.94395079  45.62582036  43.40506408
  42.814687    43.63385142  45.57633286  46.04559073  45.78599495
  43.87625252  43.57616804  45.38679405  44.92703735  46.46994109
  44.25292104  43.89419885  44.08328476  43.06570458  44.29661865
  44.27534618  45.1109344   45.89471528  47.23857504  47.99780273
  48.15612336  48.73485671  48.47127303  48.47148221  48.54686224
  48.96175205  49.62460606  49.98391842  49.16994237  49.0358935
  48.35423746  47.82458265  48.58787131  48.08090874  47.26699319
  44.86785678  42.17827258  39.51350408  40.61300512  42.64042159
  44.26805824  43.81734324  43.97343498  42.86396141  43.13766811
  44.94707868  44.82120114  45.66348275  45.02426161  44.83980861
  43.13733428  42.07928082  42.68889487  44.36640596  46.81062726
  48.81638219  48.35539757  48.38497852  48.85754404  48.00878775
  46.86732475  47.13266205  46.488884    45.73592809  46.4841593
  46.08499024  44.60087731  44.63045772  43.97889665  42.99207359
  43.88553349  43.95935833  44.57498007  46.04974019  46.70738094
  47.11482558  47.30365579  47.21883754  47.55362617  46.12025815
  45.84167071  46.08557786  45.79369299  46.16321951  46.47193444
  46.6179566   46.70477025  46.71635752  46.0631041   44.44893904
  44.07272844  44.29082675  45.35159343  46.62472038  46.52016467
  46.30128209  45.91562702  46.28887001  47.09034911  47.00766356
  46.6397331   45.90275887  46.07811251  46.3509371   46.58987456
  46.35674788  45.91526624  45.23680155  44.78436946  45.05254402
  45.29070018  46.20113332  46.24146673  46.11946902  46.63659686
  46.87202988  47.1773916   47.58375013  47.76659345  48.31596726
  48.41130393  48.48915902  48.79615535  48.90947508  48.96638362
  48.90129561  48.82301139  48.6434013   48.46449485  48.18679322
  47.56043356  47.25706401  46.75168501  46.34663988  46.32091085
  46.18919714  46.2814339   46.62298956  47.06175371  47.27772205
  47.7284143   48.30257366  48.44404433  48.62138203  48.69904226
  48.50758264  48.08982541  47.55434532  47.16186884  46.76257863
  46.37998049  46.13374362  46.32603328  46.62105831  46.48829801
  45.99503242  44.97618933  44.4755914   44.37894625  44.39799733
  45.00145072  45.83198644  46.71487384  47.2910287   47.83583626
  48.49800195  48.79555217  49.03973625  49.28372745  49.56575455
  49.86995079  50.17401521  50.04135435  49.66732526  49.2934907
  49.10076297  49.00283003  48.90493571  48.8000669   48.6918077
  48.58354592  48.78456893  49.1296258   49.47448586  49.4845288
  49.34730744  49.21017835  49.13418872  49.08347407  49.03277131
  49.07431117  49.15169325  49.22899942  49.16273254  49.04415839
  48.92558453  48.85564848  48.80237326  48.74916773  48.28494465
  47.68966923  47.09472509  47.28467768  47.70853425  48.13212711
  48.43514616  48.70467875  48.97399463  48.4176917   47.64946773
  46.881681    47.32838745  48.06264354  48.79649032  49.15709555
  49.43602225  49.71476775  49.51112528  49.21131911  48.91166262
  48.68680154  48.47563604  48.26452068  48.34484897  48.47296385
  48.60099959  48.02305091  47.34163121  46.66060602  46.07359433
  45.49912639  44.924983    45.03928343  45.23242437  45.42539936
  46.03599598  46.68783549  47.33926375  47.37674436  47.36255936
  47.34836532  47.74591714  48.17322327  48.60383132  48.3537676
  48.06615693  47.77867616  48.3210139   48.89768882  49.47417813
  49.14247636  48.78563854  48.42889597  48.24943612  48.07270996
  47.8960072   48.18079015  48.46624426  48.74800983  48.70986234
  48.67172474  48.62550335  48.24115431  47.85693346  47.5053859
  48.01590542  48.52617925  49.01152335  49.0143091   49.01706468
  49.01743432  48.98173805  48.94608278  48.91912044  49.00111674
  49.08312019  49.16349176  49.22746827  49.29137427  49.32103383
  49.03995344  48.76268237  48.51695532  48.51394312  48.51093824
  48.52982564  48.70300663  48.87608727  49.04142622  49.15822453
  49.27499058  49.31530148  48.92167954  48.52815627  48.17666161
  48.04097331  47.90527712  47.74012882  47.43618628  47.13227331
  46.83853346  46.58826155  46.33807501  46.05516694  45.63861983
  45.22100513  45.00990346  45.56006991  46.10992502  46.56513596
  46.69720162  46.81060341  44.9005617   38.54120669  30.61351462
  23.84430598  19.48047577  16.78415596  16.4631558   13.33580912
  11.90138308  12.22673934  11.75052516  11.86368641  12.22892421
  12.45739915  14.44294823  15.16146905  19.39455689  20.06455974
  24.54230198  31.86392136  35.34769606  37.45584393  35.58330278
  28.49880433  22.53050235  22.82911526  17.91700833  17.36005638
  20.82057651  17.91658912  19.13765854  21.87811808  18.50699382
  19.26971298  23.47929421  23.57047488  24.10047335  26.37139509
  27.97865888  25.57509726  27.07095992  29.87961884  30.09526309
  30.35911582  31.47262202  32.17333285  32.59346869  33.70280016
  34.43548436  34.56474123  34.75853709  36.06983538  36.60469083
  37.04814368  38.7104214   40.04458609  39.28111166  39.38664862
  39.54432431  41.88234883  42.37163829  41.40362482  41.49861086
  41.94864556  42.96495596  42.1231568   41.89801116  42.21323608
  43.56585478  44.10192022  43.34718092  43.35033393  43.50070373
  44.93373463  45.07987927  44.79022301  44.45021692  44.37629538
  45.0897149   44.95422307  44.65543558  44.64208064  44.44566468
  44.68290586  45.03074433  44.55956237  44.51831635  44.52213917
  44.59135962  44.9679744   44.89720532  44.81414899  44.73106725
  44.88675139  45.18181568  45.47671843  45.68512774  45.84554019
  46.00591122  45.93127091  45.73376541  45.53632659  45.60960416
  45.81698929  46.02442804  46.17084881  46.28871259  46.40653932
  46.18014036  45.80208231  45.42425197  45.1096138   44.82127123
  44.53301884  44.67800387  44.99141855  45.30463747  44.9873453
  44.43961347  43.89216089  43.95284963  44.22141396  44.48985226
  44.69456768  44.87878573  45.06289556  45.19746202  45.31717656
  45.43682562  45.40969517  45.34183485  45.27397785  45.06297304
  44.81534064  44.56779179  44.59105478  44.67854242  44.76600586
  44.73014757  44.667387    44.60468226  44.27756757  43.89773972
  43.51803149  43.80818232  44.21987349  44.63045693  44.47359802
  44.22337222  43.97329749  43.95425717  43.96928911  43.98431697
  43.83025991  43.6541105   43.47799619  43.57003099  43.69283152
  43.81555759  44.08737476  44.37379923  44.66010838  44.88535815
  45.10536352  45.32520836  45.46262602  45.59426225  45.72577984
  45.94750463  46.17405618  46.40050791  46.28476853  46.15489022
  46.02510897  45.80049667  45.57336142  45.3463485   45.52086477
  45.70117611  45.8813516   45.96194259  46.04221921  46.12167358
  46.12885084  46.13603778  46.13620304  45.83956847  45.54313833
  45.24794657  44.98340458  44.7189521   44.47927945  44.72456901
  44.96971993  45.18973251  45.02728563  44.86494504  44.68988264
  44.35574735  44.02180771  43.76513076  44.32211095  44.87875937
  45.39830606  45.58429012  45.77015363  45.93513885  45.93477754
  45.93439642  45.88005169  45.44756453  45.01528052  44.60838609
  44.35978215  44.11132677  43.89338638  43.84763229  43.80192183
  43.56066378  43.84772507  43.91996252  43.81146607  43.94978057
  43.94799835  43.91004324  43.77052235  43.6310822   43.45830953
  43.62925902  43.87739911  44.06145087  44.05381057  43.95649178
  43.63710147  43.30457012  42.95199817  42.71080946  42.57702592
  41.99292372  41.91614657  42.55962092  43.5679201   44.21929649
  43.860397    43.87120753  43.85346614  43.9602795   44.50136877
  44.4852688   44.43209252  44.10789337  43.96951899  43.4851637
  43.29453199  42.89470744  42.23659168  42.31633951  41.98870152
  42.25363988  42.75197483  43.01997655  42.90373063  43.2834569
  43.36040103  43.66985369  43.97907448  44.03120019  43.63657328
  43.24215339  42.59326029  41.52470133  40.45669476  40.1537185
  41.04440949  41.93457538  42.54729909  42.74908159  42.95072252
  43.1542034   43.36030101  43.44722148  43.18066972  42.64462026
  41.97940763  41.57943233  41.62125165  41.91348119  42.18899203
  42.20139358  42.12445908  41.90767482  41.5835751   41.55895693
  41.14423615  40.09458594  39.19506414  38.77440488  38.95688505
  39.13925589  39.49381014  39.89787085  40.2458956   40.28540847
  39.91162536  39.7296477   40.01960365  40.58673686  41.15350654
  41.41305963  41.41309859  41.41316123  41.29886541  41.37037968
  41.23086538  41.37386667  41.66981806  42.00165666  42.29488645
  41.71836636  41.25148569  40.99076648  40.63833957  40.40380825
  39.98134751  39.49233875  39.11919356  39.37493648  40.29995059
  41.00887222  41.32876304  41.22667433  41.21855018  41.04848791
  40.90937779  40.72636089  40.91813993  41.36808699  41.78566777
  42.05207533  42.13204571  42.10560246  41.98290291  41.87448353
  42.00483308  41.76730263  41.35954673  40.48958926  39.84096559
  39.28781535  38.86355216  39.12620998  39.50227043  39.6895922
  39.72753178  39.71070733  39.69388483  39.83228133  40.02380376
  40.21518855  40.25224161  40.23986143  40.08571619  39.69322356
  39.02821695  38.35287998  38.48826822  38.84812984  39.20771579
  39.6277068   40.0630518   40.4980746   40.15572069  39.62925205
  39.10310254  38.88529346  38.73494686  38.58471073  38.44989226
  38.11245002  37.89825601  38.25813183  38.67152026  39.15131034
  39.27954798  39.01602183  38.77628502  38.37087442  37.89880323
  37.35472643  37.18789507  37.07619547  36.96728069  37.36751494
  37.92973608  38.32526819  38.82836813  39.12040913  39.49559176
  39.40043788  39.16528116  39.06252568  38.75133343  38.8763795
  38.98265921  39.21868824  39.49221688  39.14832927  38.73870607
  38.54442971  38.10085763  37.89217541  37.59923303  37.40502733
  36.71341751  36.6754005   36.49391035  35.58563916  35.90996421
  36.38563718  36.84612116  38.55455161  38.63489613  37.52534309
  37.1172629   36.71427436  37.08149698  37.11901144  35.96130033
  35.06483884  35.15295333  35.22099645  35.17699362  34.64147122
  34.541588    34.21709049  34.54518892  35.92279216  33.92069998
  33.6553266   32.47863959  31.68491956  34.46849811  36.11840945
  35.08242509  34.84316739  34.69211623  34.70501132  36.84596236
  37.66775631  34.93010043  32.60952461  31.60567272  31.82656496
  33.19934504  35.30210028  36.53464296  35.91306224  37.56187555
  36.13415337  35.57831839  36.81979028  35.73866529  37.00633766
  37.45211669  37.26983557  37.03907021  36.50133914  35.04846015
  34.28885717  36.22787583  36.94301858  37.99757883  38.68358212
  38.86851021  38.75163526  38.71533174  37.70421425  37.36724738
  37.48293473  37.89890105  38.31470164  37.80613969  38.13176947
  37.78494564  38.25196598  37.56471166  36.96613398  35.5603421
  31.67503269  30.02730997  28.12662863  27.60525402  30.91595573
  31.39346284  33.07341594  34.42130022  34.78931024  36.2110908
  36.57528749  37.33139616  36.14196671  36.51543308  36.95966668
  37.31613829  38.77962945  39.39818529  39.57668881  39.41413632
  39.08600732  38.90255077  37.26907618  36.98799854  36.85648669
  35.87150435  37.07709246  37.25019915  37.30662138  38.26483251
  38.37840519  39.01828812  39.53655828  39.5839317   38.49195706
  37.61263312  35.74150484  34.77660653  34.66827743  35.35672793
  35.76535652  35.87988577  35.1686199   35.30622813  36.38310498
  36.79623588  36.76520214  35.40574824  35.35457849  35.79956515
  37.62134562  36.31928811  36.05044734  35.79227877  35.7617162
  37.1322789   36.82421739  36.81432372  36.67713973  35.79548621
  35.78889103  35.97590719  36.11676384  37.36919427  37.83660923
  36.76077504  36.75261     36.79683723  36.58591371  37.14175373
  36.9977263   37.0883897   35.59611824  35.85703074  35.98536987
  35.79262805  36.8550215   37.36241912  37.47666125  37.24868884
  37.20710228  36.77000807  36.61902276  36.84555123  36.94711564
  36.76690019  36.46527682  37.13729253  37.30423143  38.0249392
  38.7186659   38.70802365  38.31928407  37.11769765  36.03705771
  35.98097322  36.20440566  36.56150227  36.63405464  36.35989544
  36.07324657  36.59492416  36.94697186  37.24970259  37.19620825
  36.93321617  36.68566484  36.66505511  36.6557022   36.56781344
  36.78483141  37.51991492  37.71951763  37.44623131  36.96348152
  36.58700186  36.75832878  36.98036827  37.34116707  37.65246225
  37.44733713  37.24085066  37.14515234  37.08709773  37.1613307
  36.97056806  36.71915423  36.52495096  36.4709461   36.7109243
  36.85346665  36.8615991   37.04118386  37.07533208  36.81498486
  36.50691468  35.83819594  34.81496791  33.76629013  32.58709509
  32.59671557  32.83718183  33.03201437  33.93062787  34.49824728
  35.12849477  35.53495257  35.92045897  36.47935471  36.68517095
  36.98052988  37.1474215   37.09953769  37.0427614   36.98604644
  37.03209434  36.94356977  36.89064177  36.69645835  36.4395721
  36.16883966  36.00153064  35.83787165  35.74481095  36.14353657
  36.50383706  36.97610854  36.96123568  36.94638962  36.92771191
  36.74769688  36.56781683  36.39580059  36.43329938  36.47069753
  36.50205568  36.41423908  36.32646054  36.22483662  36.2012111
  36.33434101  36.4552233   36.6317221   36.86717702  36.94796702
  36.76662295  36.585358    36.37855579  35.93781861  35.49740848
  35.11617079  35.20330534  35.29042056  35.35350534  35.0749243
  34.94531228  34.79026527  34.38592539  34.13077671  33.72702793
  33.47299414  33.21915086  32.80185025  31.54038609  30.27982539
  29.00173244  27.55564363  26.12244793  25.35280107  27.37744641
  29.46335336  31.3287226   31.97882528  32.73986383  33.27440891
  33.34334586  33.41221279  33.51261513  33.68615849  33.67402986
  33.88650707  34.27699406  34.71605664  35.23041223  35.18499127
  34.92773194  35.00867138  35.10770873  35.20672016  35.31134025
  35.43073489  35.55006746  35.60661618  35.50853654  35.41049077
  35.18273555  34.654579    34.12669266  33.87537969  34.22821473
  34.4340878   34.54080946  34.7236657   34.86910474  35.09937334
  35.34805922  35.57914737  35.63176877  35.35200329  35.07235377
  34.81743686  34.60544322  34.32853179  34.20163398  34.5444316
  35.08712374  35.34414513  35.46051791  35.5768283   35.66600627
  35.71497315  35.76390799  35.82042207  35.88760401  35.95474549
  35.86676516  35.57162886  35.27661754  35.10995258  35.10598078
  35.10200109  35.08696069  35.05858093  35.03016469  34.86546818
  34.54474481  34.22415959  34.1250974   34.26739769  34.40962264
  34.57766588  34.77242249  34.96707909  35.0268852   34.95383563
  34.88086549  34.77549481  34.63982677  34.5042122   34.52282088
  34.67868331  34.83446305  34.92768021  34.96803167  35.00829564
  34.98130301  34.90033946  34.81940407  34.78087696  34.77469668
  34.7685094   34.74124214  34.69870511  34.65615989  34.45353304
  34.1408429   33.82829133  33.70745089  33.71152327  33.71558401
  33.83285476  34.02012444  34.20727364  34.36128385  34.49591244
  34.63046661  34.65892134  34.62848597  34.59805515  34.28952859
  33.83526773  33.3812157   33.34334305  33.51196293  33.6805303
  33.88998633  34.11850915  34.34691132  34.40415385  34.38577768
  34.36740032  34.36883926  34.37844697  34.24839673  34.1048522
  33.98968557  33.99177697  33.90217764  33.76527756  33.69661414
  33.66368859  33.70932955  33.75499864  33.8414832   33.94102714
  34.0405119   33.96316749  33.833032    33.70295069  33.73990499
  33.82330773  33.90659762  33.86624687  33.79406161  33.72190205
  33.52431068  33.1945173   33.03658347  32.85558883  32.73166866
  32.46088051  32.59930174  32.81984712  33.04027196  33.22355977
  33.39999352  33.57632838  33.53785184  33.46386734  33.38990992
  33.45421472  33.53887441  33.62066748  33.66387582  33.70195567
  33.73999753  33.70521059  33.66201114  33.61882918  33.48393161
  33.33990836  33.19600257  33.14872346  33.10968365  33.07065873
  33.03718892  33.00411873  32.97105939  32.93613893  32.90109816
  32.86606359  32.72707617  32.58380895  32.44062886  32.48504907
  32.53481719  32.58453901  32.75621621  32.92961253  33.10283356
  33.23094684  33.35883782  33.48546014  33.49931601  33.51314996
  33.52443741  33.42648491  33.32858842  33.22614721  32.99909871
  32.77224919  32.55790543  32.58954439  32.62114911  32.66329696
  32.86876518  33.07407695  33.27217464  33.38148014  33.49065243
  33.59055634  33.59236936  33.59416855  33.55949647  33.19315422
  32.82705833  32.48504115  32.33342596  32.18184556  32.07874768
  32.31615149  32.55337467  32.75751986  32.75364417  32.74975884
  32.72787582  32.60372921  32.47965868  32.38478037  32.44104274
  32.49725258  32.55679168  32.63223438  32.70761062  32.76229099
  32.55110603  32.48750741  32.46862835  32.64569226  32.6300951
  32.61531637  32.60357436  32.59182823  32.57877484  32.56124001
  32.54370524  32.52842498  32.52048688  32.51256972  32.43222652
  32.33879764  32.36593235  32.47727719  32.60440932  32.62328222
  32.66066649  32.7466166   32.83249735  32.83803487  32.6459085
  32.45390945  32.3358631   32.38914955  32.44238428  32.4913571
  32.53107475  32.57071909  32.57481079  32.50553782  32.43630281
  32.26735436  31.90439708  31.54169414  31.28317742  31.21636199
  30.95986747  30.98887117  31.34299668  31.77469877  32.18409811
  32.22164055  32.25914223  32.16469994  31.88381662  31.72534849
  31.78930927  31.71101794  31.63281818  31.4861638   31.24314615
  31.00029694  30.59192591  30.53945077  30.47379327  30.45613706
  30.77548459  30.78286957  30.85020731  30.98976232  31.12919995
  31.23864046  31.31371726  31.38872475  31.38062747  31.28205178
  31.06314603  31.15177861  31.05165556  31.01208648  31.10112     31.24943259
  31.31852622  31.30919832  31.26351337  31.21779172  31.00950589
  30.70361435  30.50698038  30.43275568  30.52614143  30.47315888
  30.48262764  30.58068598  30.70697222  30.8696591   31.1839421
  31.22248681  31.22740617  31.20797069  30.89773498  30.21025031
  30.00263127  29.94761705  29.82296874  30.08838064  30.10030325
  30.17357109  30.8057337   30.45901132  30.26001705  30.03635623
  29.96157231  30.17775446  29.89476643  29.80057496  29.48379198
  29.51800771  29.22711158  28.99603591  27.94551928  27.16684581
  28.04294774  27.78864275  29.11417904  29.65592311  28.22583459
  27.39547226  26.27106271  24.96039155  26.29686799  27.59141735
  28.58728753  28.15253609  27.37694706  26.60854262  25.87125745
  27.43703119  28.49030831  29.16454722  28.31087265  27.77559726
  27.83284004  28.15703591  29.50285641  27.59497963  24.86861541
  23.4162163   21.44409392  20.94883179  23.38536288  24.54408945
  27.12066209  30.24862454  30.46588371  27.802422    26.18504132
  25.59351627  23.53543801  25.80548501  26.43890834  25.20728365
  27.16283922  27.18200117  26.57143543  27.38220184  27.98226135
  27.40575676  26.26756451  25.78521155  25.87788499  26.46372033
  29.27626518  28.04733681  27.60161642  24.91455379  25.47455633
  26.59746393  26.55873901  27.64716736  27.08232406  26.90707909
  27.24446661  28.45737942  29.02590937  29.42017866  29.56603801
  29.57108491  28.45736889  28.3183255   28.71381145  28.7532111
  29.54550858  29.36492825  29.18473845  29.25888031  27.9727596
  27.96278761  28.16954793  28.39800069  29.49501051  28.52790173
  27.70365116  27.04607265  25.87980711  26.10092756  26.63559707
  27.15086771  26.16701271  25.84923246  24.73269969  23.36649661
  24.36721446  24.69589694  26.44794819  27.47427892  26.915718
  24.54436111  23.24515493  23.12493329  24.53656     26.64262583
  24.93255695  25.14629022  24.4246838   24.34287428  26.4151383
  25.63144841  25.16031298  25.22244427  25.71613689  26.34003033
  24.68334798  24.23361874  24.56863898  25.25285677  26.25492011
  25.60241131  23.74372429  23.50705599  24.73193903  26.27651141
  28.19606119  28.65414739  28.63115224  27.83892383  25.93592868
  24.07916285  24.36844472  25.35024117  27.43775912  28.45729607
  28.48852383  27.89253907  26.63821693  24.5602015   22.60467607
  22.47746765  22.72221097  23.13035947  21.89130233  21.09998273
  21.87831508  22.96211469  25.60328861  26.16507029  25.64987552
  25.78584076  25.71446405  25.77208561  25.57861661  25.08449518
  23.85262516  21.87930174  21.54125998  19.61744589  20.88839844
  23.00730172  23.36505752  25.39144632  25.68227108  25.33544952
  26.02423776  26.53960183  25.71559983  25.04713604  24.76746242
  24.15681606  23.97487808  21.9336296   20.54069389  19.78384228
  20.10245483  22.42739395  23.31221005  24.445279    24.31516377
  23.17903173  22.98238216  23.14010427  23.77048241  25.23970149
  25.537083    25.07339147  24.79109544  23.7769566   22.74573603
  23.27116865  23.39423041  24.5609467   25.5669205   25.49304031
  25.52766576  25.13496941  24.70636755  24.06106263  23.86024542
  24.18146692  24.67008476  24.64363999  24.29160012  23.74145408
  22.3642351   22.74040913  23.31241265  23.70786002  24.64265336
  24.8236341   24.06700059  23.85016941  23.9308022   23.53590779
  23.75706031  23.40895217  23.16237294  23.34597385  23.13950928
  23.25754831  23.16123382  22.77679948  23.16509084  23.22352071]
