[  12.69574598   12.72706053   12.75843943   12.78986563   12.82135791
   12.85288899   12.88448316   12.9161303    12.94783991   12.97959004
   13.0113996    13.04326868   13.07519418   13.10716669   13.13919256
   13.17128454   13.20342686   13.2383186    13.28012422   13.3220354
   13.36402591   13.40611107   13.44827573   13.49054653   13.53289381
   13.57534025   13.61786819   13.66050044   13.70320706   13.74601499
   13.78890889   13.8319044    13.87497461   13.91814338   13.96140512
   14.00419613   14.04698991   14.09168792   14.13962191   14.18765978
   14.23579831   14.28403759   14.33239788   14.38085584   14.42942167
   14.47808453   14.52687075   14.57575085   14.62474532   14.67383555
   14.72304899   14.77235329   14.82177598   14.87129831   14.9209411
   14.97067425   15.02052469   15.06781783   15.11197559   15.15620574
   15.20052929   15.24494639   15.28945365   15.33404063   15.37871443
   15.42348928   15.46834766   15.51329318   15.55831973   15.60345317
   15.64866428   15.69397008   15.73935368   15.78484474   15.83041019
   15.87607529   15.92182033   15.96554196   16.00795413   16.0504565
   16.09301557   16.13564865   16.1783558    16.22113711   16.26400826
   16.30694092   16.34994522   16.39302399   16.43617823   16.4794238
   16.5227265    16.56610399   16.60955634   16.65309393   16.6967047
   16.74038217   16.78413482   16.80465934   16.81092383   16.81714769
   16.8233497    16.82952982   16.83568801   16.84183456   16.84795721
   16.85369428   16.85936298   16.86500955   16.87065274   16.87625496
   16.88183493   16.88739262   16.89293268   16.89845974   16.90395033
   16.90941848   16.91486413   16.93356634   16.95787098   16.98218167
   17.00651719   17.03087756   17.05526749   17.07969173   17.10412673
   17.12858664   17.15307148   17.17734769   17.20145701   17.22558566
   17.24973839   17.27391521   17.29813513   17.3223602    17.3466094
   17.37088276   17.39518028   17.43025295   17.4682434    17.50628656
   17.54438727   17.58256382   17.62078076   17.65905444   17.69738588
   17.73577513   17.77423096   17.81274668   17.85130973   17.8899308
   17.92860996   17.96734726   18.00616231   18.04501609   18.08392816
   18.12290155   18.16194713   18.13581527   18.1001201    18.06430253
   18.02836241   17.99231805   17.95613327   17.9198245    17.88339255
   17.84684014   17.81017766   17.77337518   17.73644888   17.69939862
   17.66223659   17.62494452   17.58752137   17.54997362   17.51230112
   17.47452245   17.43659992   17.48857409   17.54462568   17.60077761
   17.65704226   17.71340185   17.76985549   17.82640988   17.88306514
   17.9398405    17.99669785   18.05365638   18.11071618   18.16788413
   18.22515943   18.28252374   18.33998976   18.39755757   18.45522729
   18.51301865   18.5670158    18.53295761   18.4987837    18.46451051
   18.43010173   18.39557579   18.36093256   18.32617189   18.29131005
   18.25615878   18.21967789   18.18308517   18.14638146   18.10958281
   18.07265379   18.03561244   17.99845862   17.96120258   17.92383188
   17.88633984   17.87391274   18.03563028   18.19767639   18.36006778
   18.52276935   18.68579956   18.84915872   19.01330808   19.17841151
   19.34385379   19.50964424   19.67578323   19.84229182   20.00912918
   20.17631622   20.34385331   20.51174616   20.68000063   20.84859029
   21.01753151   21.17922664   21.31280158   21.44666835   21.5807829
   21.71516762   21.8498228    21.98475441   22.11996854   22.25543694
   22.39117694   22.52718882   22.66349042   22.80005292   22.93688233
   23.07398477   23.21136055   23.34901594   23.48695737   23.62515497
   23.76362705   23.86900555   23.89478656   23.92057069   23.94637142
   23.97218874   23.99802267   24.0238978    24.04976495   24.07564872
   24.1015491    24.1274772    24.15342439   24.17937466   24.20534155
   24.23132508   24.25734872   24.28336677   24.30938437   24.33539696
   24.36142614   24.38571813   24.40713864   24.42855159   24.44997059
   24.47139565   24.49285033   24.51428871   24.53573188   24.55718106
   24.57863998   24.60012231   24.62158951   24.64306269   24.66454184
   24.68604316   24.70754296   24.72904001   24.750543     24.77205192
   24.79357051   24.82491536   24.86760694   24.91035194   24.95315916
   24.9952106    25.03647901   25.0777964    25.1191628    25.16057824
   25.20206801   25.22520578   25.23043596   25.23556054   25.52234227
   26.07123455   26.6211672    26.79694297   26.64229136   26.48724671
   26.78157089   27.45356955   28.12714495   27.83429136   26.76993253
   25.7033061    25.25664619   25.27942835   25.30220784   25.4540383
   25.69853639   25.94346878   26.49190769   27.24838503   28.00613677
   28.15119412   27.89911877   27.64674994   27.03704373   26.20735656
   25.37615444   25.64924185   26.56579903   27.48423552   27.92205399
   28.09489156   28.2680466    27.40083687   25.98980381   24.57580664
   23.99685184   23.82887749   23.66031977   24.38091621   25.51590758
   26.65329559   26.27841146   25.24113866   24.20179849   23.61373138
   23.21097945   22.80746256   23.28066709   24.09389396   24.90876256
   25.8111376    26.746346     27.68317965   27.00572666   25.77796884
   24.54754621   24.95464892   25.88306743   26.81322756   27.52805504
   28.18027714   28.83371323   28.91699394   28.84339375   28.7698392
   28.39101251   27.93371337   27.47544418   28.01059539   28.78014694
   29.55122198   30.23548589   30.90169906   31.56920665   31.42256033
   31.11473689   30.80594247   30.0304451    29.1695852    28.30718429
   27.94719379   27.66835893   27.38918371   27.6772296    28.04828243
   28.42008686   28.30475637   28.12605544   27.94696792   28.08111477
   28.2506304    28.42044862   29.4144121    30.49079278   31.56908855
   31.116109     30.53585788   29.95442012   29.75304912   29.57720931
   29.40105762   30.1654732    30.98184764   31.79998436   32.03045868
   32.23778297   32.44547875   31.9033608    31.3402405    30.77587354
   30.74383203   30.71859516   30.69316383   29.13064102   27.56470399
   26.00884026   25.52748457   25.0451327    24.60572302   25.87410562
   27.14498359   28.41435774   29.57695449   30.74181467   31.82424033
   31.30835424   30.79107716   30.30742614   30.33843809   30.36918565
   30.34670917   29.67436289   29.00088426   28.3539784    27.99724945
   27.63979825   27.40218899   28.23595253   29.07137599   29.84028463
   30.07666185   30.3134747    30.58735136   31.11492564   31.64330704
   31.98544384   31.16700242   30.34688973   29.51168324   28.60068286
   27.68741984   27.11765445   28.30680327   29.49784306   30.46630497
   30.38874854   30.31130216   30.28671981   30.49011763   30.69381831
   30.88501487   31.02634006   31.16781306   31.1209989    30.38503347
   29.64744246   29.0724444    29.05172489   29.03107125   28.98383492
   28.85261444   28.72130174   29.00877861   30.53623705   32.06614207
   33.23220746   33.38541692   33.53883225   33.51073856   33.01005863
   32.50874259   32.14607053   32.12296065   32.10007018   31.89171978
   31.25798465   30.62300539   30.30819094   30.68859941   31.06939595
   31.68821536   32.79228498   33.89854171   34.30585217   33.36111137
   32.41475429   31.47570728   30.55205171   29.6264554    29.23257551
   29.75947709   30.28701921   31.03576759   32.14570184   33.25754251
   33.8928487    33.78608939   33.67937338   33.87232356   34.50744964
   35.14343018   35.67588894   36.06311661   36.45080914   36.59468734
   36.41404134   36.23337902   36.29094684   36.64951113   37.00873792
   37.14628073   37.01840396   36.89030444   36.80754097   36.7768925
   36.7458234    36.47728389   35.95099597   35.42393571   35.25286909
   35.44828282   35.64420278   35.73045491   35.71083467   35.69087571
   35.76186575   35.91718592   36.07269681   35.24129179   33.53648442
   31.82874355   30.93290624   30.71896479   30.50491747   30.41860919
   30.43468784   30.45068299   30.72211631   31.18765366   31.65367707
   31.84291227   31.83255742   31.82241198   31.15367542   30.0348028
   28.91414156   28.27963223   27.96013572   27.64007392   27.39871939
   27.20593      27.01256957   27.90790369   29.43736093   30.96932192
   32.1624392    33.16943367   34.17829691   35.10958274   36.00161306
   36.89486374   37.57572382   38.1525034    38.73002117   38.18463936
   37.11625954   36.04643117   35.23990881   34.54771916   33.85467509
   33.44074005   33.1417125    32.84219595   32.86184935   33.00554437
   33.1491523    33.81179371   34.66361541   35.51698265   35.50421491
   35.1958779    34.88718875   34.45623598   33.9863062    33.51529964
   34.72539766   36.43488962   38.14698057   39.81014993   41.46177068
   43.11601319   42.86900759   42.13629336   41.40268019   39.34770876
   36.97928972   34.60676443   35.09398277   36.20088812   37.30932608
   38.49964853   39.70736926   40.91738292   41.44741318   41.85574872
   42.26489254   41.17565451   39.84102956   38.50430907   37.92106004
   37.44720877   36.97222262   37.35103563   37.84071612   38.33120946
   39.86501528   41.51927016   43.17654712   44.00162938   44.74671298
   45.49274319   46.02471167   46.5388859    47.05014527   46.50872551
   45.89486174   45.27977971   45.04400089   44.82784166   44.61171726
   44.11268162   43.60175014   43.0900691    43.3991419    43.73055245
   44.06204016   44.65141824   45.24472967   45.83907362   44.53884635
   43.23586706   41.94001437   41.35363656   40.76672273   40.2104242
   40.88772087   41.56633089   42.18129765   41.14641785   40.10995228
   39.16374977   39.95769918   40.75243804   41.59459599   43.12363455
   44.65513493   46.0280979    45.43292512   44.83704096   44.35522853
   45.06793898   45.78311033   46.47061918   46.89325294   47.31616995
   47.34456876   44.28645381   41.22347553   38.48947902   38.06111346
   37.63235356   37.39599068   38.35928905   39.32390106   40.43407891
   42.35320184   44.27503467   46.06119308   47.14175529   48.22436443
   48.58169553   45.55403667   42.52173792   39.72273938   37.93958394
   36.15370962   35.37042473   38.55977067   41.75372211   44.325749
   44.60588998   44.88654276   44.84584894   43.71055698   42.57374069
   40.81187732   37.07347199   33.32899486   30.95961423   32.6746501
   34.39223453   36.6728417    40.50977841   44.35245286   46.89105473
   46.02579352   45.15954281   43.86771041   41.53953691   39.20768765
   36.91786305   34.7297758    32.5379894    32.10743699   35.49621513
   38.890402     42.28283816   45.66639979   49.0553435    50.57775397
   48.48952879   46.39802934   45.16861147   45.5186736    45.86891488
   46.21414041   46.54974257   46.88578435   46.51463933   44.98314279
   43.44961213   42.02517893   40.77249635   39.51768362   39.70082375
   42.00535696   44.31314692   46.42100495   48.24679849   50.07575244
   51.96923281   53.94714288   55.92844154   57.55855489   58.74478711
   59.93293713   60.07643334   58.96696466   57.85526436   56.17063615
   53.83279795   51.49147938   50.12740862   49.82160333   49.51559969
   48.39889414   46.44838374   44.49457034   42.15855649   39.44824847
   36.7323946    36.42544192   38.36075456   40.29858322   43.41927773
   47.58604108   51.75897228   53.93852944   54.44343262   54.94895861
   55.94242946   57.32632944   58.71164559   59.02582095   58.52656856
   58.02691819   56.57295031   54.43085444   52.28598272   51.82998321
   52.52878355   53.22879964   52.88035752   51.85219314   50.82220589
   49.90686541   49.06124378   48.21437707   46.86133663   45.21203098
   43.56076101   42.5373851    41.85985533   41.18118708   39.15876429
   36.43467831   33.70659474   32.62515541   32.35379622   32.08180367
   33.27816466   35.15760573   37.03987388   40.1522354    43.80614482
   47.46518122   50.12139119   52.36649185   54.61422571   56.09572172
   57.28087746   58.46776554   59.18374699   59.72875243   60.27483118
   60.58238691   60.80958937   61.03706499   60.27408809   59.19572153
   58.11552119   57.74270542   57.57939294   57.41558605   58.91700388
   60.87855068   62.83784325   62.94044211   62.57186049   62.20261293
   61.84690185   61.49424478   61.14094215   59.70540777   58.03484075
   56.36254938   57.17423049   58.47744188   59.78198504   58.754267
   57.30629487   55.8571835    55.52828806   55.38154784   55.23470926
   53.80341075   52.18408586   50.5632951    47.20718122   43.62359868
   40.0370091    40.60117949   41.63663252   42.67312077   46.15565237
   49.88046691   53.60871209   55.21778147   56.65248056   58.08800053
   59.26702582   60.42959107   61.59283025   62.37021384   63.12737936
   63.88490307   62.91201541   61.86860941   60.8240631    63.00024224
   65.26399054   67.52984015   69.14801615   70.75922119   72.37185937
   71.86084741   71.34878257   70.83062331   69.86046599   68.89002151
   67.91404115   66.76794146   65.62048565   64.53242745   64.98949338
   65.4466493    65.77767442   63.70428228   61.62885772   59.3422946
   53.92047697   48.49422054   43.04357054   37.3515487    31.65462571
   26.50183872   27.03788443   27.5743644    28.70598049   35.15582258
   41.61114066   47.79367468   51.79959794   55.80913407   59.40900336
   60.14240142   60.87667853   61.71700677   63.2139486    64.71248916
   66.08183661   66.72023987   67.35965636   67.95403523   68.31814001
   68.68223808   68.88690051   68.3459943    67.80436068   67.25033369
   66.64313835   66.03524606   64.67351859   60.33175637   55.98629385
   51.59124282   47.02571365   42.45621165   37.7281749    32.47093103
   27.20908612   23.90890734   26.83755507   29.76861144   33.44454841
   39.32074181   45.20211706   50.72035493   55.22138367   59.72599793
   63.86607568   67.05239631   70.24159178   72.54007688   72.65859092
   72.77660207   73.27216026   74.63554412   75.99972561   77.32208363
   78.55144608   79.78157785   80.99156677   82.15818132   83.32620207
   83.8867113    83.27463725   82.6619891    82.22216069   82.09943014
   81.97638601   82.68733162   84.84144608   86.99695145   87.66693655
   85.90243931   84.13630569   83.08383467   83.14058375   83.19778979
   84.09845822   86.24219405   88.38805795   89.79479584   90.16736627
   90.54071535   90.8519822    91.08091125   91.30967351   91.76322637
   92.49955948   93.2362314    93.50953423   93.22623616   92.94261902
   92.72405032   92.5817884    92.44003241   92.74802022   93.54446218
   94.34123557   92.91915093   89.21273768   85.50332087   84.06358909
   84.84647735   85.62953948   87.87461192   91.47773325   95.0838903
   96.64537881   96.40001605   96.15495732   94.91994321   92.8535003
   90.78596414   88.5301026    86.12399748   83.71649121   85.14533
   89.48293316   93.82339591   95.20930609   94.467607     93.72528627
   92.35445645   90.55311382   88.75054363   88.07588764   88.13200547
   88.18793601   88.58900089   89.20290535   89.81691241   88.65980949
   86.47129922   84.28083144   84.36073345   85.69277412   87.02603336
   87.56417369   87.68770196   87.81175472   87.43268548   86.80560057
   86.17842549   84.57908562   82.52712965   80.47397175   80.44751725
   81.30936729   82.17121019   84.10500767   86.4810545    88.85871786
   88.74873445   87.67423631   86.59902137   87.67378444   89.53012323
   91.38845707   91.13610825   90.16572263   89.19429924   87.49309325
   85.55928174   83.6236912    80.58104521   77.20884782   73.83381917
   69.50196269   64.90423754   60.30323211   59.84031002   60.43388224
   61.02813177   65.56230565   71.02790984   76.49767498   78.57492082
   79.91827373   81.26276485   82.60306657   83.94295451   85.28371422
   87.13372723   89.07624733   91.02020377   90.55747632   89.70148898
   88.84508838   88.59467354   88.43196479   88.26982246   89.09439067
   90.04764957   91.00117997   90.71064311   90.27901516   89.84785878
   89.16498253   88.45713156   87.74828296   87.20789613   86.68046983
   86.15301135   88.87007173   91.81104658   94.75451369   96.27139811
   97.7123012    99.15448623   96.4202951    93.516207     90.61001793
   90.62869557   90.72521785   90.82186462   91.96645054   93.12565544
   94.28591635   93.67698348   93.06569403   92.45119227   91.5796548
   90.70766712   89.8745419    90.63689683   91.40011962   92.20134028
   93.98769106   95.77556735   97.52322311   98.49349979   99.46455188
  100.30908611   99.25856569   98.20665875   97.19698541   96.7102414
   96.22334962   95.5148557    92.50811629   89.4994795    86.86802321
   87.62746507   88.38814097   89.15896483   90.00999636   90.86117443
   91.70753889   92.51557788   93.32371764   94.14606192   95.05183471
   95.95784055   96.65312362   96.15633613   95.65950469   95.37405141
   96.17288879   96.9725222    97.79375411   98.71647166   99.63992598
   99.90476984   97.34257768   94.77840534   92.54244829   91.61009828
   90.67726577   90.09337655   90.79023817   91.48791232   92.4192482
   94.1434906    95.86932403   97.51265328   98.89232583  100.27227938
  101.39548088  101.75577636  102.11579177  101.97698387  100.45341451
   98.92829215   98.07746656   98.98158255   99.88597996  101.19494929
  103.48976774  105.78647151  106.40952824  103.18027925   99.94875465
   95.99822204   90.49202625   84.98175964   83.22136155   89.14377004
   95.07000269   99.44802079  100.8261613   102.20562858  102.47229503
  100.70157628   98.93000101   97.89590149   98.13984867   98.38445339
   99.27528421  101.22731508  103.17993925  104.88844637  106.21593709
  107.54390096  107.48241636  105.37176974  103.25921907  101.58596722
  100.52692394   99.46019472   99.26080911  100.21904062  101.17709962
  101.91076755  102.36345952  102.81636676  102.19207096  100.27814101
   98.36323656   98.23990117  100.15954921  102.07974741  104.43723465
  107.2685742   110.10093331  110.34350145  107.91981362  105.49460679
  102.13478621   97.8607062    93.58373663   92.08806973   93.18025963
   94.27224517   96.76379428  100.49309696  104.22343614  105.69793885
  105.27494578  104.85094603  104.30245515  103.65342935  103.00415327
  102.06507681  100.90527034   99.74480227   97.58283114   94.69897343
   91.81346408   91.71916532   93.53168011   95.34470635   96.24364903
   96.54925642   96.85574447   94.75314166   91.16885268   87.583727
   85.02549645   83.06414415   81.10252681   81.35911686   82.83885898
   84.31952846   83.85966755   82.38788893   80.91582041   81.60957765
   83.37062771   85.13285645   87.7819969    90.84398679   93.9078231
   98.17663009  102.97591793  107.77729063  109.71981567  110.48389705
  111.24830042  109.20496813  106.07273418  102.93916677   98.62402214
   93.87829183   89.13028546   91.56440148   96.44852909  101.33449383
  103.03698264  103.72791373  104.41892935  104.15018355  103.59751776
  103.04447956   97.83635607   91.3444979    84.84914332   79.18396874
   73.72876705   68.27068004   72.0411754    77.98846426   83.93776264
   89.08537042   94.06063125   99.03792528  101.06667955  102.51102264
  103.95572734  101.93735893   99.29309931   96.64732199   99.58129272
  103.42604859  107.27184679  108.2752938   108.86250385  109.45080817
  110.77170275  112.18737573  113.6044295   115.40886874  117.2573362
  119.10721704  117.27892607  115.08699212  112.89457792  112.01365788
  111.24155696  110.46968802  108.78208783  107.0307241   105.27924314
  105.23603629  105.28483265  105.33434446  107.71398963  110.18782754
  112.66351832  107.28928997  101.7029546    96.11426597   94.6177867
   93.17719458   91.73609042   95.91766648  100.10616458  104.2508107
  104.57711545  104.90408328  105.22965002  105.50206117  105.77520034
  106.11284026  108.1274367   110.14359113  111.97627346  110.28332683
  108.59048864  106.94812594  106.08855376  105.22864811  104.35748995
  103.36089808  102.36399645  101.66595095  104.09277404  106.52081702
  108.93980657  111.27461236  113.61095266  115.29402343  111.8373506
  108.37892156  105.66240662  108.11777668  110.57423834  112.79812371
  113.57392176  114.34921241  114.89397233  114.13668901  113.37827954
  112.85239204  113.51321593  114.17365975  114.62059933  114.06695627
  113.51246058  112.85857948  111.777804    110.6960808   109.9162884
  110.33142938  110.74613863  111.7581793   114.95864432  118.15974255
  119.80254394  116.12647571  112.4477994   110.23818931  112.69516046
  115.15386396  117.32521912  118.6406228   119.95708238  120.74771816
  120.07531507  119.40287753  118.07728242  115.04878766  112.01899268
  109.65819921  108.93402489  108.21024041  107.6776472   107.58487671
  107.49286042  107.96517737  109.66291066  111.37065447  112.77367792
  113.55372693  114.33439483  114.60751576  113.89993136  113.1920963
  113.71451992  116.48998834  119.26754516  121.73542407  123.66653875
  125.59916373  126.49575704  125.69323973  124.89013342  122.78602874
  118.66023992  114.53176937  113.81272434  118.12960525  122.44924871
  124.98312417  125.01644844  125.04903103  124.14100297  121.98124553
  119.81946071  118.97613267  119.79928372  120.62241913  120.98801343
  120.80440821  120.6202349   121.32703461  123.05007253  124.7733069
  125.90004338  126.37931114  126.85786139  128.24794244  130.57604895
  132.9045757   133.61350394  132.73432502  131.85509228  131.50013303
  131.63241327  131.76506785  130.88760777  129.11021049  127.33198865
  126.24124588  125.72784424  125.21406483  125.33494123  125.96180236
  126.58991706  126.48134037  125.81238968  125.14407796  123.41578469
  120.92200234  118.42788813  116.36169214  114.58711182  112.81251865
  112.77842004  113.87503681  114.97252113  115.54356788  115.79103682
  116.03903196  118.43394356  122.08012825  125.72865292  126.57821678
  125.88580238  125.1930143   125.04062585  125.1716063   124.6454896
  123.78423126  122.15787402  120.64757778  119.57265441  118.13430296
  117.12775012  117.27194657  117.92724215  118.86955041  119.69648847
  119.76959601  120.05095706  121.3999471   124.2535812   127.77447226
  128.66856147  129.06307149  129.48218196  127.478019    125.54923444
  123.35627606  124.59946294  126.68315766  128.69204531  129.26552457
  127.94530978  126.22324912  126.01791112  126.64812404  127.42499269
  127.66425223  128.25436559  128.64629804  126.80591244  125.39647671
  122.92536114  121.84416882  121.06290569  120.28230518  120.83662862
  121.65497463  122.4745774   124.28902241  125.43958961  126.58929524
  125.83708439  124.6825351   123.72362521  123.16060522  122.48977053
  121.84943762  122.83883665  123.78120591  125.04385174  125.27989678
  125.49529197  124.76913422  124.55776238  124.82826541  124.8461951
  127.07739871  128.39350167  129.71008638  131.37143311  132.11991087
  133.65491546  132.37153139  131.8716012   131.56372103  131.78143157
  132.05618602  131.98652394  131.66080272  131.7882666   132.0565925
  133.19934561  133.87065527  134.54195715  134.2111233   133.88002741
  133.54554151  133.02781566  132.50986892  132.01562123  132.52272831
  133.03002822  133.48981102  132.73453915  131.97900402  131.21585445
  130.32719106  129.41469408  128.54286786  128.28375007  128.02553835
  127.83033041  128.42548231  129.02061391  129.35117982  126.92378009
  124.49738902  122.33749944  122.58080743  122.82409954  123.31840204
  125.7871795   128.2568825   130.29702056  129.34847431  128.3999281
  127.79828003  129.36232802  130.92712395  132.42539859  133.55155979
  134.67768973  135.16709811  132.40227024  129.6380435   126.74592261
  123.25614486  119.76641251  117.25576511  118.94882805  120.64218766
  122.46456308  124.79636622  127.12811459  129.1200582   129.86537329
  130.61081825  130.86695228  129.45167948  128.03683579  126.83680228
  126.28630492  125.73571052  125.64754595  126.92780957  128.20824782
  129.0136051   128.49883891  127.98398144  127.52982522  127.2302976
  126.93071081  126.89357654  127.49923775  128.10497231  128.53116249
  128.540676    128.55002015  127.92034288  125.90245943  123.88426873
  122.40622526  122.03428573  121.66193217  121.67186017  122.42133477
  123.17090231  123.48882473  123.01624832  122.54304068  122.76242372
  124.18133202  125.60042717  126.42859354  126.28718374  126.14497118
  126.94070011  129.19538563  131.45037309  133.06007433  133.71837733
  134.37573168  134.76317076  134.77256906  134.78195265  133.85768204
  131.69288914  129.5266934   127.41111355  125.35955606  123.30770055
  122.95194123  124.63207282  126.31344783  127.40822884  127.83495032
  128.26171492  128.86144255  129.64873187  130.43717543  130.88738331
  130.98997416  131.09256333  131.36270709  131.79655314  132.23063768
  132.79848128  133.49134711  134.18427724  134.63994488  134.88571836
  135.132222    134.4886392   133.09651917  131.70422538  131.00174165
  130.85039057  130.69948847  131.28317437  132.4237618   133.56446212
  132.68732316  130.35576679  128.0241971   126.52030428  125.58147464
  124.64252621  125.72227326  128.11232213  130.50267353  131.8524631
  132.56031219  133.26822361  134.45533502  135.92191254  137.38863424
  138.25610968  138.79104736  139.32602695  139.04925421  138.34856407
  137.64778249  136.60437989  135.39028932  134.17599693  133.22287297
  132.39134229  131.55970789  131.32692301  131.35582874  131.38445164
  133.05084955  135.3934864   137.73635354  139.43401111  140.88103579
  142.32767701  140.96942852  138.58971096  136.20973077  136.18198301
  136.95660104  137.73055097  137.72540821  137.47197326  137.21849649
  136.31190715  135.21203977  134.11109405  134.41657144  135.1104409
  135.80435959  136.46374455  137.11546365  137.76609554  138.62759134
  139.53895836  140.45039314  141.15965025  141.82619764  142.49161708
  140.52331705  138.03121102  135.53886351  134.91686105  134.63416589
  134.35064363  134.57120099  134.87424359  135.17729778  134.34905306
  133.35520588  132.36230344  132.87522481  133.58392701  134.29267616
  134.02574333  133.64750687  133.27005639  132.06073501  130.76907815
  129.47729456  129.78423889  130.22474693  130.66587861  130.99162906
  131.30895709  130.61284042  126.66928279  123.87891673  121.80856575
  120.81492724  122.07807154  122.54201859  119.51900744  117.21686966
  113.2584349   109.64670525  106.13988861  101.5082198    94.91542874
   88.9615866    82.05579776   89.18499527   95.44915194  101.96400545
  107.80754454  111.83436455  116.47335842  115.75345636  113.86417109
  113.56899421  115.03949219  116.04419164  117.87574976  120.82678368
  123.1390551   125.47288152  127.35957758  129.22450689  130.46757396
  129.59815076  128.78289138  127.85788411  126.50947931  125.07161235
  123.67070911  123.44892305  123.39755823  123.14730141  122.95127385
  122.81170819  123.3551925   128.64728454  134.04150243  139.25705274
  139.94957278  140.53508239  140.75889812  139.12897072  137.49997305
  136.09208451  135.72580786  135.35949307  135.29722804  136.54377299
  137.79154872  138.18312995  135.1791377   132.1749479   129.99867293
  130.86741826  131.73726495  132.82199513  134.64282301  136.46374356
  136.57104034  131.23316592  125.89534657  121.69574638  120.87120729
  120.0465985   120.10689861  122.62625053  125.14575718  127.88809393
  131.20785913  134.52766578  137.19209646  138.25093561  139.30982839
  139.17931772  136.30454866  133.42916095  131.15412051  130.18380019
  129.21340254  128.34594628  127.68875342  127.03089999  128.00000643
  132.12121511  136.24266791  138.92112132  138.95544492  138.98886168
  139.18190995  139.65183864  140.12178018  140.42661887  140.46115133
  140.49452461  139.91611666  138.38473679  136.85324882  134.34283918
  130.38893679  126.43362915  125.94949984  130.32748985  134.70572238
  137.20664558  137.21176427  137.21580426  136.2355775   134.01192115
  131.78812161  130.77511624  131.21650178  131.65733543  132.78487113
  134.69621612  136.60895854  137.71188721  137.93662077  138.16123934
  137.22714424  135.09884302  132.9703537   130.23110419  126.89351194
  123.55593785  121.58234608  120.88057674  120.17873731  122.06899811
  126.25582883  130.44377666  132.19441759  131.89355601  131.59265529
  131.60747501  131.87491291  132.14350293  132.24628202  133.13780488
  132.94203108  131.87378679  129.37608414  127.19308746  125.08506466
  123.64146617  123.02050521  121.51926759  120.37578139  119.34258383
  119.71503054  121.95699349  124.51810276  124.4641684   124.01614154
  123.41555049  121.62001082  119.98634037  117.94878166  117.71261009
  118.02807456  118.66191943  119.68416475  120.56351393  122.10249526
  123.26694114  124.5636971   125.86013072  126.65935676  127.24126379
  127.82313962  128.5236474   129.27318829  130.0215534   131.47202552
  132.46271628  133.68571552  132.2853796   129.99429011  128.39796763
  127.27201956  124.95571315  122.47282793  120.51964236  118.56289139
  116.6071861   121.13804577  127.59605431  134.05298969  135.02323956
  133.73731587  133.56322642  131.5873468   128.77682796  125.96607519
  127.04042859  129.03364323  131.02671684  132.94780197  134.85313524
  136.13173192  137.97527099  139.05671394  140.09588778  139.27159891
  139.2450462   138.01176713  134.91270849  132.18850995  128.74533025
  128.94245704  129.6730357   129.80400707  129.7351411   129.90756064
  130.44686704  130.59903185  130.47079805  130.34255531  129.60461724
  128.66378398  127.07566889  125.17685214  122.64407724  119.88700849
  121.8782002   124.19562553  126.5138459   128.32111867  130.10029501
  131.87932751  132.65750531  133.39462827  134.13233094  135.25257388
  136.38317772  137.51368099  136.10235606  134.65633065  133.210393
  129.8676803   126.52264469  123.24498964  126.02488905  128.80474531
  131.52005032  131.61472191  131.70907013  131.73578046  129.99733854
  128.25907037  126.62580985  127.01879439  127.41057399  127.905493
  129.9489032   131.99206732  133.96676948  135.09272649  136.21864922
  137.19745207  136.629978    136.06254955  135.24064949  132.12092113
  129.0026878   126.14192103  125.30631213  124.4707821   123.78004863
  124.10691644  124.43389686  124.8760556   126.03825417  127.19989761
  128.33587911  129.33057225  130.32513081  130.89763767  129.30697781
  127.71533184  126.28333379  125.59340717  124.90354532  124.38203218
  124.58437295  124.78700888  124.8935218   124.61751106  124.34151637
  124.20185693  124.56344569  124.92593188  125.08772324  124.56507449
  124.04247235  124.0126257   125.54710828  127.08154649  128.69072078
  130.52197481  132.35256699  133.45650848  132.53892152  131.62136713
  129.90385953  126.1007504   122.29672261  117.80509498  111.62332436
  105.44189369  101.58093713  103.070854    104.56117995  105.78671893
  106.43611965  107.08546684  109.66755087  116.21653979  122.76511873
  127.02836944  126.85778316  126.6863178   124.08448143  117.02817792
  109.97229374  106.56899685  109.49281297  112.41590029  115.80856504
  119.97177933  124.13471224  125.75455448  123.41662557  121.07998644
  119.69360414  119.71144718  119.72927197  120.48258321  122.26714339
  124.05206799  125.74071107  127.30117164  128.86145014  128.71520374
  126.4152943   124.11552259  121.58874729  118.78907561  115.98866701
  115.26188975  116.90418025  118.54621728  121.06274658  124.52846346
  127.99328134  128.91063111  127.20072632  125.49105272  125.5014732
  127.19882179  128.89706758  130.16805898  131.04089041  131.91357431
  130.07930962  125.84530072  121.61232501  118.87173122  117.38771438
  115.90374015  117.67359869  122.0449487   126.41562543  127.3160905
  125.57904107  123.84113798  124.49354686  126.86825276  129.24258017
  130.86226518  131.96431183  133.06603725  133.38869598  133.20516688
  133.02164663  132.53877775  131.87021526  131.20253813  129.57703721
  127.39343535  125.21018792  124.62963204  124.9362124   125.243014
  125.7155662   126.27463574  126.83329258  128.76235456  131.36970201
  133.9765783   133.45434335  131.47435993  129.49348357  124.99023805
  119.37740605  113.76553878  111.71871205  111.14590693  110.57397547
  109.97107148  109.3562012   108.74142345  111.36659727  115.17473967
  118.98218902  120.7910361   121.91793687  123.04397875  125.63270197
  128.68860594  131.74394321  130.65381136  128.33192889  126.00937324
  126.24692074  127.19256927  128.13802784  130.85271642  134.01883907
  137.18522587  138.07224825  138.41924916  138.76616609  137.95570803
  136.89512717  135.83553505  132.70206022  129.15547371  125.60939576
  125.17835013  125.31269811  125.44700738  127.46394081  129.78953363
  128.17231873  116.42863151  105.72807988   94.86832736   88.45762037
   94.21117259   98.51973147  104.4202298   106.82169838  110.14362
  112.48584303  117.36237919  122.9298736   125.67641761  127.00074971
  120.94634576  116.80570692  115.90479963  110.92121301  113.55118854
  108.44472378  109.49858388  110.84227249  103.75908616  105.09947709
  105.96557018  102.48059826  106.47698555  111.56482048  111.81376342
  119.0767821   122.0044333   120.60123994  123.16507809  123.54524933
  121.51101333  119.49604963  121.41457366  121.08975136  120.62835827
  123.39133159  125.49595669  127.02625707  125.94069369  124.14699095
  122.97582882  123.72335345  125.66407858  127.95694243  129.14356592
  131.05256413  132.73577651  134.54515858  136.33705849  137.92513032
  136.29757665  135.64117661  133.28512745  129.32309679  128.24471533
  127.48445598  128.16541709  127.43083731  125.56641091  124.2433771
  122.10088874  121.83427404  121.68555535  120.51072919  119.21051067
  123.07817503  126.8826303   129.86614821  129.96528811  130.64526961
  131.08603348  131.48067013  131.82647908  131.11791254  131.6201091
  131.43656707  131.44375964  132.1529953   132.86208649  133.00598046
  131.21773267  129.42577515  127.88712228  126.11280774  125.54314954
  125.4168088   124.05633134  122.76106302  121.75061582  120.67405643
  120.31094161  121.16739964  122.71911689  124.41705809  124.89606611
  121.73483226  118.36568047  115.75136688  116.63431846  117.25844275
  118.61804544  120.05434357  119.94618069  121.38848668  123.43501734
  126.75031208  128.45507897  129.48862773  130.60162246  131.05819336
  129.33438419  128.50665748  127.66229631  127.21052072  128.06212774
  127.87325995  128.25662637  128.76449174  127.82108159  125.92978284
  125.33250103  124.44433145  124.49111947  125.3950924   124.53019667
  123.76107463  122.99144098  122.79313221  124.82740423  127.13206505
  129.78185385  132.38492013  135.56657514  136.45925963  135.20113124
  133.9434994   131.54255372  126.36564549  122.40170919  121.54486645
  124.40592335  127.84803913  129.52337024  129.18853297  128.59889168
  127.28755989  124.77574346  122.35510956  122.75481214  126.00086108
  129.51113612  130.31684664  129.22084482  127.70897748  126.94055298
  126.94799386  126.34749691  127.31703039  127.58227046  128.54541381
  128.68411193  128.6272803   128.70318535  127.7652994   126.51572383
  125.26666696  123.51860563  121.42866835  119.33950015  119.72439997
  121.71702202  123.70881315  124.47645566  124.49071803  124.50498465
  125.58023078  127.27458864  128.97079656  128.82713247  127.12180533
  126.5085424   126.5574199   127.2380533   127.91831103  127.98053861
  127.7377567   127.49516408  127.43347982  127.45623295  127.47894262
  127.36110156  127.18135147  127.00164126  126.27928491  125.33248239
  124.38591409  123.84642093  123.4653066   123.08438014  123.00920051
  124.28995735  125.04434975  124.24670906  122.91896094  121.59173343
  121.98385556  122.92564856  123.86696978  125.53140081  127.41067053
  129.19147742  129.02526606  128.97843373  128.83485199  127.66016645
  127.13301875  126.37668672  124.4626408   122.25032279  119.78171981
  120.30724631  122.28020598  123.97292319  124.09694136  123.7621787
  123.24194144  121.72080994  119.22326825  118.24779007  117.61838134
  119.3749936   117.76637041  117.04551808  116.62968039  112.53745766
  115.25690866  116.02176118  115.71925937  118.74165553  117.91787302
  114.60687909  109.02859151  107.54563135  109.60327933  114.48257212
  115.66129459  115.00921946  110.21216336  109.45838523  114.00647214
  112.85161553  116.72721449  111.15831192  110.25724251  110.73220484
  108.17615899  111.26807536  111.21464133  113.31354404  115.2823126
  118.65793567  120.56502941  120.96271287  122.4164253   121.75433303
  121.75485848  121.94420456  122.98636065  124.65137463  125.55392646
  123.50931108  123.17259553  121.46035298  120.12992025  122.04721468
  120.77378227  118.72931884  112.70296065  105.94703061   99.25343475
  102.01525651  107.10789644  111.19633484  110.06418994  110.45627467
  107.66940308  108.35692322  112.90195706  112.585767    114.70148273
  113.09583182  112.63250684  108.35608467  105.69837454  107.2296558
  111.44337316  117.58297946  122.62120806  121.46326704  121.53757102
  122.72460196  120.59262255  117.72539712  118.39189428  116.77479693
  114.88345721  116.76292902  115.76026168  112.03233854  112.10664119
  110.46999377  107.9912063   110.23547612  110.42091572  111.96728763
  115.67171757  117.32363642  118.34709109  118.82141114  118.60835732
  119.44930833  115.84885067  115.14907066  115.76173772  115.02855607
  115.95676471  116.73222155  117.09901266  117.31707868  117.34618458
  115.70528617  111.65068687  110.70568856  111.25352674  113.91805218
  117.1160025   116.85337044  116.30356223  115.3348405   116.2723845
  118.28560899  118.07791227  117.15371274  115.30251717  115.74298561
  116.42829     117.02847375  116.44288602  115.33393427  113.62970803
  112.49324999  113.16687404  113.76509525  116.05199992  116.15331286
  115.84686845  117.14583486  117.73721588  118.50424984  119.52497632
  119.98425796  121.3642226   121.60369748  121.79926061  122.57040052
  122.85504682  122.99799461  122.83450092  122.63785986  122.18669972
  121.73730702  121.03975206  119.46640773  118.70437789  117.43492322
  116.41749586  116.35286747  116.02201758  116.25370583  117.11165488
  118.21378058  118.75626854  119.88835627  121.33057939  121.68593763
  122.1313898   122.32646347  121.84553866  120.79617995  119.45111477
  118.46525842  117.46228676  116.50124368  115.88272464  116.36573442
  117.10680378  116.77332501  115.53429784  112.97507971  111.71763458
  111.47487293  111.52272709  113.03853347  115.12474486  117.34245776
  118.78969332  120.15818805  121.82147305  122.56888542  123.18224809
  123.79512629  124.50354633  125.26765273  126.03142802  125.69819901
  124.75868041  123.81965045  123.33554027  123.08954387  122.84364443
  122.58022589  122.30829109  122.03634978  122.54129677  123.40804042
  124.27428974  124.29951647  123.954832    123.61037928  123.41950196
  123.29211253  123.16475294  123.26909637  123.46347137  123.65765568
  123.4912008   123.19335599  122.89551195  122.71984053  122.58601923
  122.45237298  121.28629732  119.79103306  118.29660094  118.77374028
  119.83841986  120.902437    121.66358644  122.34062169  123.0171126
  121.61974282  119.69005146  117.76145839  118.88353425  120.72790217
  122.57124193  123.47704133  124.17767351  124.87785056  124.36632379
  123.61324476  122.86054167  122.29571617  121.76529243  121.23499462
  121.43677016  121.75858019  122.08019143  120.62844998  118.91680109
  117.20614316  115.73163644  114.28863822  112.84645524  113.13356493
  113.61871303  114.10344431  115.63719367  117.27454049  118.91085429
  119.00500134  118.96937021  118.93371641  119.93232143  121.0056659
  122.08730441  121.45917276  120.73672741  120.01460836  121.37689916
  122.82544109  124.27351675  123.44031958  122.54398349  121.64788668
  121.19710393  120.75318788  120.30933062  121.02467303  121.74170135
  122.44946445  122.3536423   122.25784498  122.14174208  121.17630095
  120.21118181  119.32813426  120.61050132  121.89225124  123.1113805
  123.11837799  123.12529969  123.12622819  123.03656319  122.9470012
  122.87927488  123.08524026  123.29122362  123.49310788  123.65380961
  123.81433422  123.88883566  123.18279364  122.4863202   121.86908176
  121.86151546  121.85396753  121.90141056  122.33642152  122.77118044
  123.18649309  123.47987719  123.77318024  123.87443666  122.88570305
  121.89721729  121.01430262  120.673469    120.33261561  119.91778182
  119.15431267  118.3909178   117.65307667  117.02442206  116.39598188
  115.68534894  114.63902989  113.5900292   113.05976577  114.44172142
  115.82289502  116.9663332   117.29806713  117.58291955  112.78511169
   96.81113414   76.89767199   59.89418867   48.93274278   42.15989362
   41.35357767   33.49803798   29.89492267   30.71218065   29.51598471
   29.80023291   30.71766879   31.2915719    36.27904569   38.08388839
   48.7169243    50.39989538   61.64747534   80.03855171   88.78939811
   94.08482614   89.38121544   71.58575991   56.59406315   57.34414487
   45.00549013   43.60649008   52.29892363   45.00443712   48.07162483
   54.95534796   46.48746665   48.40333056   58.97732054   59.20635605
   60.53765201   66.2419495    70.27921361   64.2417398    67.99917691
   75.05420915   75.59588302   76.25865111   79.05565223   80.81575825
   81.87109175   84.65760642   86.49802593   86.8227045    87.30949769
   90.60333008   91.94682622   93.06072942   97.23618226  100.58745246
   98.66969139   98.93478824   99.33085167  105.20370375  106.4327433
  104.0012034   104.23979755  105.37023359  107.9230899   105.80858603
  105.24304575  106.03485493  109.4324795   110.779015    108.88319559
  108.8911156   109.26882745  112.86843833  113.23553708  112.50795345
  111.65389676  111.46821424  113.26024305  112.91990297  112.16938274
  112.13583665  111.64246204  112.23838494  113.11211567  111.92856011
  111.8249548   111.83455727  112.0084312   112.95444474  112.77668086
  112.56805279  112.3593609   112.75042178  113.49158976  114.23235197
  114.75585249  115.15879036  115.56162417  115.37413618  114.87802478
  114.3820809   114.56614584  115.08707373  115.60813631  115.97592866
  116.2719891   116.56795646  115.99926798  115.0496291   114.10056218
  113.31022684  112.58594306  111.86188578  112.22607172  113.01333378
  113.80010414  113.00310224  111.62726209  110.2521234   110.40456661
  111.07916972  111.75345622  112.26767813  112.73041294  113.19287591
  113.53089159  113.83160091  114.13214576  114.06399716  113.89353975
  113.72309067  113.19307055  112.57104607  111.94923149  112.00766548
  112.22742449  112.44712271  112.35705077  112.19940334  112.04189616
  111.22022121  110.26613677  109.31235284  110.04117875  111.07530023
  112.10663919  111.71262744  111.08408862  110.45592931  110.4081022
  110.44586071  110.48360899  110.09663516  109.65416785  109.2117887
  109.44296966  109.75143064  110.0597046   110.74247845  111.4619442
  112.18112027  112.74692212  113.2995506   113.85177589  114.19695345
  114.5276087   114.85796595  115.41491344  115.98398521  116.55280624
  116.26208206  115.93584249  115.60984673  115.04564615  114.47510818
  113.90487752  114.34324256  114.79616419  115.24874455  115.45117997
  115.65282571  115.85240606  115.87043453  115.8884873   115.88890243
  115.14379006  114.39919122  113.65770305  112.9932036   112.32892901
  111.72689854  112.34303804  112.95882933  113.51147593  113.10342781
  112.69564669  112.25590983  111.41659994  110.57778148  109.93303812
  111.33210911  112.73034672  114.03538901  114.50255983  114.96942787
  115.383852    115.38294444  115.3819871   115.24547931  114.15912069
  113.07327235  112.05119975  111.42673489  110.8026432   110.25520167
  110.14027261  110.02545313  109.4194403   110.14050564  110.32195793
  110.04942718  110.39685748  110.39238074  110.29704183  109.94658119
  109.59632337  109.16233804  109.59174376  110.21504349  110.6773606
  110.65816903  110.41371527  109.6114431   108.77616211  107.8905414
  107.28470276  106.94865369  105.4814553   105.28859984  106.90493432
  109.43766734  111.07385088  110.17233612  110.19949094  110.15492657
  110.4232296   111.78238439  111.7419431   111.60837033  110.79401889
  110.44643816  109.22979266  108.75094746  107.74663361  106.09352154
  106.29383906  105.47084961  106.1363447   107.38810549  108.06129538
  107.76929882  108.7231281   108.91640302  109.69371294  110.47044046
  110.60137433  109.61011633  108.61937836  106.9894326   104.30533383
  101.62262264  100.86158068  103.09889528  105.33489091  106.87398328
  107.38083799  107.88733712  108.39845797  108.91615178  109.13448612
  108.46493838  107.11844301  105.44750442  104.44281189  104.54785728
  105.28190471  105.97395664  106.00510792  105.81185719  105.26731976
  104.45321807  104.39138003  103.34964853  100.7130464    98.45354981
   97.3969015    97.85527098   98.31336581   99.20396583  100.21892042
  101.09311908  101.19237091  100.25347021   99.79636298  100.5246994
  101.94927361  103.3729347   104.02490257  104.02500044  104.02515778
  103.73805966  103.91769538  103.56725129  103.9264543   104.66985059
  105.50339146  106.2399514   104.7917984   103.61904719  102.96415014
  102.07889378  101.48977772  100.42860431   99.20026986   98.26297151
   98.90536868  101.22889909  103.00962971  103.8131591   103.55672387
  103.53631693  103.10913982  102.75971099  102.29999333  102.7817205
  103.91193642  104.9608519   105.63003745  105.83091394  105.76449152
  105.45628418  105.183947    105.51137028  104.91472077  103.89048425
  101.70524989  100.07598088   98.68653029   97.62082934   98.28059595
   99.2252171    99.69574812   99.79104804   99.74878692   99.70653072
  100.054167    100.53524961  101.01598647  101.10905954  101.07796193
  100.6907666    99.70486969   98.0344486    96.33807884   96.67815872
   97.58209024   98.4853293    99.54029903  100.63383623  101.72656409
  100.86660994   99.54418051   98.22255269   97.67544103   97.29778745
   96.92041136   96.58176265   95.73414609   95.19611505   96.10008223
   97.13846704   98.34364523   98.66576362   98.00381585   97.40162419
   96.38327881   95.19748961   93.83083047   93.41176905   93.13119234
   92.85761078   93.86295375   95.27518942   96.26872116   97.53245107
   98.26602489   99.20844105   98.9694253    98.37873833   98.12062824
   97.33894864   97.65305018   97.92001273   98.51289086   99.19996373
   98.3361571    97.30723015   96.81923001   95.7050273    95.18084128
   94.44500329   93.95718061   92.2199353    92.12444089   91.66855825
   89.38708416   90.20175186   91.39658833   92.55327179   96.84465505
   97.04647137   94.25940014   93.23434905   92.2220876    93.14450913
   93.23874119   90.33070237   88.0788929    88.30022651   88.4711431
   88.36061298   87.01544151   86.76454622   85.94944533   86.77359133
   90.2339742    85.20494602   84.53835823   81.58265409   79.58891954
   86.58095273   90.72534261   88.12306758   87.52207939   87.14265604
   87.17504705   92.55287291   94.61712597   87.74044532   81.9114224
   79.38986046   79.94471669   83.39298434   88.67486671   91.77087393
   90.20953376   94.35116554   90.76488957   89.36869523   92.4871316
   89.77146841   92.95571744   94.07546375   93.61759427   93.0379379
   91.68721852   88.03775151   86.12971509   91.00030975   92.79666712
   95.44560269   97.16876504   97.63328342   97.3397068    97.24851649
   94.70870419   93.86228167   94.15287515   95.1977353    96.24217917
   94.96472931   95.78267435   94.91149228   96.08459432   94.35828953
   92.85473037   89.32354081   79.56408482   75.42519249   70.65089682
   69.34126301   77.65736972   78.85681335   83.07666474   86.46239699
   87.38679635   90.95814765   91.87296837   93.77222749   90.78451578
   91.72262088   92.83848525   93.73390143   97.41002503   98.96376705
   99.41214764   99.00383422   98.17961145   97.71878944   93.61568677
   92.90965167   92.57930882   90.10514505   93.13344547   93.56826982
   93.70999605   96.11691358   96.40219526   98.00950852   99.31134428
   99.43034094   96.68742467   94.47866278   89.77860106   87.35488609
   87.08277569   88.81208516   89.83851377   90.12619823   88.33957914
   88.68523539   91.39022774   92.42796564   92.3500124    88.9352186
   88.80668601   89.92444196   94.50054761   91.229927     90.55462952
   89.9061394    89.8293697    93.27206755   92.49825201   92.47340023
   92.12880963   89.91419611   89.89762978   90.36739313   90.72120903
   93.86717204   95.04126533   92.33889202   92.31838238   92.42947615
   91.89966023   93.29586724   92.93408669   93.16182285   89.41340642
   90.06878898   90.39116231   89.90701674   92.57562845   93.85015363
   94.13711689   93.56447609   93.46001536   92.36208435   91.9828264
   92.55184021   92.80695846   92.35427772   91.59663408   93.28466122
   93.70399276   95.51432883   97.25689152   97.2301594    96.25368972
   93.23544108   90.5209963    90.38011843   90.94135535   91.83834147
   92.02058479   91.331928     90.6118986    91.92229345   92.8065973
   93.56702252   93.43265081   92.77204457   92.15022375   92.09845444
   92.07496099   91.8541944    92.3993189    94.2457652    94.74714453
   94.06068034   92.8480677    91.90239355   92.33274731   92.89048529
   93.79677089   94.57870904   94.06345803   93.54478747   93.30440416
   93.15857756   93.34504236   92.86586829   92.23434527   91.74652873
   91.61087466   92.21367264   92.57172284   92.59215063   93.04324715
   93.1290236    92.47506095   91.70122365   90.02147812   87.4512455
   84.81708601   81.85508201   81.87924754   82.48327148   82.97266871
   85.22988376   86.65567925   88.23878938   89.25976521   90.2281135
   91.63199613   92.14898314   92.89089124   93.31010403   93.18982533
   93.04720974   92.90474822   93.02041531   92.79805163   92.66510251
   92.17733583   91.53206673   90.85201759   90.43175632   90.02066354
   89.78690562   90.7884591    91.69349301   92.87978534   92.8424264
   92.80513477   92.7582185    92.30604118   91.85420294   91.42211767
   91.51631036   91.61025026   91.68901838   91.46843305   91.24794334
   90.9926756    90.93333097   91.26773819   91.57138076   92.01472571
   92.60616174   92.80909704   92.35358132   91.89826435   91.37880069
   90.27171895   89.16545871   88.20783293   88.42670502   88.64552857
   88.80399037   88.10422644   87.77865576   87.38919529   86.37353941
   85.73263491   84.71846383   84.0803598    83.4427343    82.39452257
   79.22586786   76.05948255   72.8490582    69.21664735   65.61662251
   63.68335701   68.76903617   74.00859754   78.69419322   80.32717732
   82.23881973   83.58153626   83.75469804   83.92768395   84.17988323
   84.61580443   84.58533871   85.11905732   86.0999163    87.20279163
   88.49479446   88.38070215   87.73449595   87.93780662   88.18657719
   88.43528267   88.69807645   88.99798223   89.29773208   89.43977605
   89.19341114   88.9471313    88.37503604   87.04836677   85.72237626
   85.0911066    85.97738817   86.49451793   86.76259061   87.22190472
   87.58723108   88.16563966   88.79031034   89.37077753   89.50295649
   88.8002174    88.09776955   87.45744723   86.92494328   86.22937322
   85.91062033   86.77168901   88.13487005   88.78047859   89.07279379
   89.36495228   89.58895722   89.71195646   89.83487522   89.97683216
   90.14558558   90.31423735   90.09324074   89.35189188   88.61085694
   88.19221349   88.18223679   88.17224026   88.13446047   88.06317374
   87.99179538   87.57809645   86.77247576   85.96720211   85.71836914
   86.07581129   86.43306422   86.85516975   87.34437623   87.83333151
   87.98355768   87.80006544   87.61677274   87.35209357   87.01131084
   86.67066247   86.71740535   87.10891406   87.5002151    87.73436601
   87.83572428   87.9368628    87.86906038   87.66568915   87.46238864
   87.36561291   87.35008875   87.334547     87.26605474   87.15920655
   87.05233779   86.54336215   85.75792005   84.97282599   84.66928854
   84.67951789   84.68971801   84.98428881   85.45468897   85.92478651
   86.31164266   86.64981441   86.98779921   87.05927425   86.98282405
   86.90638528   86.13140161   84.99034992   83.84982279   83.75469098
   84.17824498   84.60166707   85.12779683   85.7018202    86.2755405
   86.41932725   86.37316839   86.32700656   86.330621     86.35475447
   86.02808306   85.6675155    85.37822999   85.38348334   85.15842002
   84.81454255   84.64206784   84.55936262   84.67400751   84.78872307
   85.00596248   85.25600554   85.50589997   85.3116196    84.98473402
   84.65798454   84.75080954   84.96030775   85.1695225    85.068166
   84.88684483   84.70558822   84.20926113   83.38085761   82.98414576
   82.52950777   82.2182344    81.5380453    81.88574373   82.43972868
   82.99341084   83.45380898   83.89699053   84.33992367   84.24327497
   84.05743432   83.87166167   84.03318804   84.24584356   84.45129847
   84.55983292   84.65548515   84.75104199   84.66366116   84.55514905
   84.44668087   84.10783349   83.74606342   83.38458843   83.26582868
   83.16776512   83.06973895   82.98566659   82.90259803   82.8195567
   82.73184049   82.64382205   82.55581919   82.20669857   81.84682758
   81.48717546   81.59875398   81.72376584   81.84866143   82.27989503
   82.71544691   83.15055847   83.47236448   83.79361209   84.11167297
   84.14647736   84.18122665   84.20957946   83.96353389   83.71762903
   83.46030835   82.8899883    82.32016808   81.78176089   81.86123435
   81.94062183   82.04649243   82.56260527   83.07832513   83.57592403
   83.85048704   84.12471543   84.37566271   84.3802168    84.38473615
   84.29764384   83.3774337    82.45784241   81.5987341    81.21789396
   80.83714121   80.57817104   81.17450245   81.77038013   82.28316967
   82.27343438   82.26367488   82.2087072    81.89686501   81.58521393
   81.34689041   81.48821509   81.62940781   81.77896328   81.96846677
   82.15780333   82.29515421   81.76468158   81.60492906   81.55750701
   82.00227142   81.96309313   81.92597065   81.89647606   81.86697112
   81.83418248   81.79013698   81.74609163   81.70770935   81.68776975
   81.66788274   81.46606973   81.231387     81.29954631   81.57923191
   81.89857338   81.94597996   82.039885     82.25578191   82.47150462
   82.48541423   82.00281461   81.52053479   81.22401577   81.35786528
   81.49158487   81.61459904   81.71436527   81.81394736   81.82422523
   81.6502194    81.47630891   81.05192961   80.14022214   79.22915353
   78.5797889    78.41195614   77.76767102   77.84052503   78.7300481
   79.8144347    80.84279935   80.93710169   81.03130167   80.79407336
   80.08852635   79.69047242   79.85113463   79.65447569   79.45804679
   79.08966762   78.4792349    77.86922526   76.84344361   76.71163201
   76.54670783   76.50235745   77.30452215   77.3230724    77.49221716
   77.84276349   78.19301499   78.46791711   78.6565015    78.8449118
   78.82457236   78.57696141   78.02709504   78.24973002   77.99823228
   77.89883925   78.12248134   78.49502571   78.66858106   78.64515044
   78.53039504   78.41554743   77.8923571    77.12399228   76.63007007
   76.44362606   76.67820046   76.54511432   76.56889877   76.81521018
   77.13242686   77.54107783   78.33052104   78.42734097   78.43969785
   78.39087814   77.61160127   75.88471786   75.3632024    75.22501293
   74.91191052   75.57859508   75.60854331   75.79258382   77.38050448
   76.50957725   76.00972624   75.44791567   75.26006695   75.80309197
   75.09225818   74.85565988   74.05993702   74.14588306   73.41518501
   72.83474917   70.1959707    68.24003137   70.44069993   69.80191467
   73.1315113    74.49231086   70.90009092   68.81431506   65.98992597
   62.69766885   66.05474589   69.30650688   71.80801967   70.71597342
   68.76778187   66.83763717   64.98566056   68.91870636   71.56441886
   73.25803045   71.11369687   69.76914588   69.91293324   70.72727646
   74.10782472   69.3154549    62.46713763   58.81887601   53.86512856
   52.62108633   58.74137572   61.65196527   68.12402313   75.98110956
   76.52683992   69.83652659   65.77384999   64.28800626   59.11834741
   64.82044765   66.41153513   63.31783378   68.22996728   68.27809991
   66.74442811   68.78098127   70.2882626    68.84014854   65.98113887
   64.76952302   65.0023082    66.47386002   73.53865328   70.45172478
   69.33212578   62.58252962   63.9891924    66.80980876   66.71253616
   69.44654456   68.02772234   67.58752688   68.435006     71.48170523
   72.9097879    73.90014758   74.26652971   74.27920696   71.48167879
   71.1324176    72.12583338   72.22480082   74.2149621    73.76136482
   73.30874853   73.49498444   70.26439528   70.23934679   70.75870524
   71.33255261   74.08811669   71.65884928   69.58842546   67.93666291
   65.00713632   65.56256579   66.90559489   68.1998962    65.72856419
   64.93033628   62.12573277   58.69398578   61.20767537   62.03328844
   66.4342422    69.01226844   67.60922684   61.65264763   58.38918927
   58.08720615   61.63305214   66.92325033   62.6277515    63.1646252
   61.35203184   61.14653562   66.35182749   64.38328747   63.19984879
   63.35591553   64.59601531   66.16316479   62.00176687   60.87209809
   61.7136309    63.43230828   65.94937759   64.31034959   59.64153889
   59.04705498   62.12382209   66.00361248   70.82530353   71.97596405
   71.91820284   69.92821505   65.14810735   60.48412244   61.21076564
   63.67692683   68.92053485   71.48149586   71.55993646   70.06289042
   66.91217567   61.6924369    56.7803791    56.460846     57.07561343
   58.1008361    54.9884653    53.00076032   54.9558428    57.67822433
   64.31255327   65.72368504   64.42957429   64.77110352   64.59181334
   64.73655215   64.25058      63.00940307   59.9150855    54.95832118
   54.10919867   49.27679615   52.46928462   57.79172901   58.69037095
   63.78042948   64.51094826   63.63977188   65.36992973   66.66446574
   64.59466628   62.91556118   62.21305281   60.67917849   60.22217095
   55.09478658   51.59589027   49.69476499   50.49508352   56.33506656
   58.55762412   61.40376462   61.07692996   58.22309529   57.72913391
   58.12531395   59.70875223   63.3992637    64.14625229   62.98151182
   62.27241626   59.72501467   57.13470572   58.45453278   58.76364994
   61.69430876   64.22120071   64.03562204   64.12259724   63.13618861
   62.05958941   60.43865674   59.93422671   60.74109865   61.96845116
   61.9020249    61.01774073   59.63583637   56.17641871   57.12132513
   58.55813301   59.5514519    61.8995466    62.35414968   60.45357223
   59.90891694   60.11145733   59.11952742   59.67503745   58.80062933
   58.18125031   58.64243494   58.1238194    58.42032002   58.17838898
   57.21273356   58.18807737   58.33484657]
