[  1.99694812   2.01943686   2.04199965   2.0646339    2.08734272
   2.11012179   2.13297517   2.1559013    2.17890188   2.20197331
   2.22511888   2.24833872   2.2716324    2.30086175   2.37648005
   2.45236231   2.52850605   2.60491225   2.68158014   2.75851482
   2.83571136   2.9131733    2.99089773   3.06889093   3.14714665
   3.22567043   3.30445851   3.38351678   3.46283828   3.54243007
   3.62228867   3.70241857   3.78281297   3.86347864   3.94441447
   3.95604506   3.93267349   3.90920485   3.88564081   3.86197845
   3.83821671   3.81435548   3.79039996   3.76634374   3.74218935
   3.71793379   3.69358365   3.66913119   3.64458143   3.61992954
   3.59518211   3.57033101   3.54538278   3.5203327    3.49518553
   3.469934     3.4626972    3.52072887   3.57894573   3.63734227
   3.69592369   3.75469031   3.81364158   3.87277511   3.93209288
   3.99159878   4.05128858   4.11116343   4.1712219    4.23147118
   4.29190364   4.35252415   4.41332824   4.47432446   4.53550374
   4.59687347   4.65842822   4.71915972   4.7454797    4.76174614
   4.77803895   4.79436326   4.81071911   4.82710653   4.84353021
   4.85998173   4.87646411   4.8929782    4.90952433   4.92610723
   4.9427167    4.95935803   4.97603126   4.9927395    5.00947916
   5.0262483    5.04304947   5.05988272   5.07675375   5.10560459
   5.1596923    5.21390811   5.26825215   5.32272786   5.3773316
   5.43194693   5.48667384   5.54152726   5.59651357   5.65162052
   5.70685442   5.76221544   5.81770532   5.87332591   5.92906921
   5.98494022   6.04093909   6.09706598   6.15332784   6.20971126
   6.26622315   6.26912163   6.26431558   6.25948756   6.2546289
   6.24974475   6.24483508   6.239815     6.23470016   6.22955834
   6.22439121   6.21919874   6.21398772   6.20874446   6.20347576
   6.19818158   6.19286188   6.18752172   6.18215258   6.17675613
   6.17133402   6.16589263   6.1622684    6.16110615   6.15992866
   6.15873592   6.15753093   6.15631129   6.15507265   6.15381866
   6.1525493    6.15126455   6.14997106   6.14865546   6.1473244
   6.14597885   6.14462246   6.14324488   6.14185175   6.14044305
   6.13901875   6.13758513   6.1361299    6.13465867   6.15582363
   6.17750002   6.19922123   6.22097696   6.24277292   6.26460915
   6.28649009   6.30840937   6.33036668   6.35236443   6.37440266
   6.39648827   6.41860761   6.44076755   6.46296815   6.48520944
   6.50749599   6.52982124   6.55218488   6.57458939   6.5970348
   6.61535639   6.63002586   6.64471757   6.65943156   6.67417034
   6.68893357   6.70371451   6.71851782   6.73334351   6.74819159
   6.76306927   6.77796223   6.79287766   6.80781592   6.82278319
   6.83776614   6.85277164   6.8677997    6.88285036   6.89792981
   6.91296693   6.92794453   6.94705744   6.96620145   6.98538286
   7.00458809   7.02382415   7.04309108   7.06239296   7.08172504
   7.10108472   7.12047537   7.13989702   7.15935008   7.17884095
   7.19835579   7.21790175   7.23747884   7.25726303   7.2773133
   7.29739338   7.31750671   7.33765331   7.35320344   7.36611936
   7.3790518    7.39200077   7.40496821   7.41795608   7.43095474
   7.44396999   7.45700184   7.47005031   7.48312317   7.49620491
   7.50930332   7.52241839   7.5355521    7.54870641   7.56187159
   7.57505349   7.58825213   7.6014734    7.61470753   7.62892116
   7.64729944   7.66570625   7.68414357   7.70261345   7.72110599
   7.73962716   7.75818058   7.77676349   7.79537072   7.8140067
   7.83267143   7.85136496   7.87009536   7.88884656   7.90762663
   7.9264356    7.94527715   7.96414847   7.98304431   8.00196915
   8.02092302   8.04185464   8.06348972   8.08515418   8.10684652
   8.12857392   8.15034016   8.17214239   8.19397524   8.21584329
   8.23774659   8.25969311   8.28166743   8.30367666   8.32572128
   8.34780257   8.36992522   8.39207618   8.41426265   8.43648466
   8.4587478    8.481044     8.50246433   8.52173169   8.54102779
   8.56035396   8.57971497   8.59909749   8.61850886   8.63795214
   8.65714404   8.67607466   8.69503204   8.7140162    8.73302715
   8.75207368   8.77113831   8.79024299   8.80934731   8.82846966
   8.84767631   8.86688347   8.88608661   8.90536552   8.92573465
   8.94628788   8.96687076   8.98755038   9.00821515   9.02888729
   9.04958918   9.07040641   9.09117254   9.111964     9.13286227
   9.1537272    9.17460844   9.19551961   9.21655194   9.2375232
   9.25852447   9.27955577   9.30070897   9.32180057   9.34292227
   9.35642422   9.35815408   9.35987372   9.36158774   9.36337442
   9.36506328   9.36674186   9.36850219   9.37016014   9.37180776
   9.37345884   9.37516391   9.37678045   9.3783866    9.38001451
   9.38165953   9.38323442   9.38482182   9.3864446    9.38798811
   9.38952113   9.39108489   9.40188824   9.41312469   9.42437064
   9.43568582   9.44698302   9.45819817   9.469471     9.4807441
   9.49198518   9.50323568   9.51456485   9.52585735   9.53713621
   9.54848465   9.55981484   9.5711221    9.58243881   9.59384385
   9.60519348   9.61653866   9.62789331   9.64287119   9.66124932
   9.67965116   9.69816552   9.71661965   9.73509288   9.75358989
   9.77220471   9.79074948   9.80931811   9.82791531   9.84662148
   9.86526188   9.8839262    9.90270938   9.92142173   9.94015806
   9.95893267   9.97779816   9.99660666  10.01544399  10.03225     10.01283394
   9.99336482   9.97386636   9.95436207   9.93473318   9.91505102
   9.8953579    9.87562058   9.85577799   9.83591462   9.81602551
   9.79602201   9.77596483   9.75590484   9.73578157   9.71556281
   9.69529016   9.67503228   9.65467435   9.63423945   9.61380953
   9.62253303   9.65007866   9.67766621   9.70537356   9.733059
   9.76077271   9.78852849   9.81641882   9.84425903   9.8721414
   9.90015444   9.92812612   9.95613542   9.98431715  10.01270497
  10.04104242  10.06942332  10.09794237  10.1264105   10.15492219
  10.18347748  10.20462593  10.18628671  10.16789615  10.14946843
  10.13105544  10.11251034  10.0939184   10.07535941  10.05665929
  10.03790745  10.01912718  10.00034151   9.981434     9.96247456
   9.94350472   9.92449187   9.90537609   9.88624029   9.8669155
   9.84731582   9.82695934   9.80648275   9.85846144   9.93960655
  10.02097813  10.10241488  10.18403303  10.26577683  10.34762706
  10.42967469  10.51183391  10.59407984  10.67653463  10.75902638
  10.84175293  10.9245404   11.00751401  11.09061368  11.17381876
  11.25722708  11.3406681   11.42434979  11.50807881  11.58715866
  11.6528871   11.71870916  11.78468964  11.85067729  11.9168728
  11.98317355  12.04946922  12.11598012  12.18250173  12.2492064
  12.31598278  12.38285307  12.44988548  12.51692083  12.5841703
  12.65141614  12.71887155  12.78637487  12.85399563  12.92175767
  12.98954323  13.01071972  13.02136687  13.03213775  13.04291387
  13.05358246  13.06431149  13.07476951  13.08524428  13.09575959
  13.10619653  13.11673946  13.12716824  13.13772094  13.14820112
  13.1587219   13.16925949  13.17974233  13.19031951  13.20078222
  13.2113692   13.22187148  13.23157081  13.23982779  13.24800793
  13.2562248   13.26445451  13.27262524  13.28088659  13.28902907
  13.29729214  13.30546623  13.31370106  13.32192476  13.33011333
  13.33838066  13.34619525  13.35411696  13.36193724  13.36984203
  13.37771134  13.38556918  13.39349356  13.40137645  13.41900758
  13.43755393  13.45599794  13.47458041  13.49307843  13.51167896
  13.53026132  13.54884965  13.5675166   13.58609257  13.60118816
  13.60160631  13.6021219   13.60256502  13.8698465   14.14249282
  14.4154854   14.41900362  14.33940797  14.25955368  14.40597005
  14.73955619  15.07379339  15.12161062  14.58785203  14.05324322
  13.57944879  13.58880436  13.59804221  13.60740338  13.71570587
  13.83569137  13.95587289  14.24878151  14.62391671  14.99952143
  15.14300085  15.01514078  14.88692581  14.68852708  14.27315155
  13.85712416  13.4643719   13.9183054   14.37305823  14.82841131
  14.98274845  15.06651809  15.15049344  14.76794927  14.06413188
  13.35919547  12.88664855  12.80154701  12.71619444  12.73357591
  13.29581701  13.858903    14.42298164  13.96908467  13.45161728
  12.93334435  12.64460254  12.4430507   12.24105645  12.3454854
  12.74769115  13.15054689  13.57095808  14.03309678  14.4961117
  14.88098499  14.27082722  13.65957199  13.04729474  13.35161595
  13.81060788  14.27034073  14.64175682  14.96327642  15.28544188
  15.45574268  15.4176125   15.37933708  15.30221659  15.07421736
  14.84573285  14.61696347  14.98830044  15.36794457  15.74811992
  16.08785274  16.415599    16.74254411  16.80276819  16.64702592
  16.49094044  16.24339566  15.81475615  15.38560972  14.99017051
  14.84955697  14.70873742  14.56763599  14.71624463  14.89642073
  15.07697888  15.07149381  14.98033035  14.88900837  14.87794503
  14.95854115  15.0391156   15.23154123  15.75829034  16.28566465
  16.78663136  16.49783452  16.20867293  15.91906065  15.79262827
  15.70295334  15.61300082  15.81522306  16.21328481  16.61201361
  16.89627659  16.99469678  17.09332098  17.12963607  16.8500404
  16.57054582  16.29097355  16.26238613  16.24753599  16.23274595
  15.66673491  14.89625897  14.12462525  13.62633957  13.3880438
  13.14925577  13.16455486  13.78494361  14.40630201  15.02427653
  15.5919613   16.16063266  16.73004092  16.58837166  16.33239826
  16.07605364  15.99303122  16.00548098  16.0179504   15.88334194
  15.55147178  15.21918351  14.91916343  14.74228625  14.56504017
  14.38754335  14.78897731  15.1947725   15.60128216  15.77988543
  15.89302147  16.00621959  16.19870232  16.45383719  16.70931236
  16.7402527   16.33789848  15.93483908  15.52592355  15.07890827
  14.63131578  14.18292585  14.66689256  15.24658704  15.82712652
  15.98037589  15.94159814  15.90288117  15.92882925  16.02711454
  16.12549842  16.21613159  16.28407205  16.35198137  16.40344693
  16.04396355  15.68377942  15.32315905  15.24992317  15.23900863
  15.22802672  15.184512    15.1197517   15.05476618  15.30293504
  16.04600373  16.79032091  17.4209518   17.49454485  17.56828057
  17.64201298  17.41231068  17.16728088  16.92200437  16.84839169
  16.83617209  16.82404601  16.65765715  16.34813665  16.03816904
  15.87700736  16.06119822  16.24552482  16.46002386  16.9960364
  17.53289631  18.07057827  17.74237322  17.28152038  16.81980787
  16.36575985  15.91533577  15.46427806  15.31894058  15.57370374
  15.82836354  16.1443796   16.68204305  17.22054915  17.75965264
  17.70671713  17.65301814  17.59930485  17.82728276  18.13403732
  18.4413042   18.68003667  18.86624591  19.05256991  19.14318861
  19.05367761  18.96401365  18.90850524  19.08049566  19.25266508
  19.42516332  19.38157411  19.31760193  19.25339357  19.22221647
  19.20534304  19.18841756  19.05663617  18.79957569  18.54229223
  18.37638687  18.4693029   18.56226     18.65067349  18.63973921
  18.62867102  18.61770389  18.67691288  18.75067606  18.82467339
  18.34902596  17.52207584  16.69389927  16.14983898  16.04518221
  15.94027931  15.85500295  15.86147427  15.86807251  15.87458564
  16.08952644  16.31366146  16.53802792  16.59138847  16.58511697
  16.57895996  16.29161041  15.74924579  15.20625311  14.78209373
  14.62652664  14.47074765  14.32031024  14.22611443  14.13166537
  14.03598672  14.66446822  15.3987288   16.13354448  16.70137455
  17.18194933  17.66284769  18.11882425  18.54277323  18.96700343
  19.35762498  19.62889493  19.90046706  20.16824973  19.64835698
  19.1280532   18.60719226  18.23022417  17.89182139  17.55304111
  17.32251347  17.17342551  17.02427168  16.9500545   17.01341344
  17.07686392  17.18642283  17.58869619  17.99132864  18.39422518
  18.28553093  18.13165475  17.97771234  17.76980886  17.53899418
  17.30801663  17.58149322  18.39117471  19.20156857  20.00411287
  20.78431404  21.5651695   22.28879451  21.93260982  21.57599495
  21.21911722  20.21508236  19.0811401   17.94622595  17.83083559
  18.35060208  18.87079878  19.40949429  19.97606487  20.54301854
  21.04102142  21.22723214  21.41367433  21.60028944  20.99022293
  20.35080094  19.71080359  19.37674468  19.14591343  18.91483124
  18.92566999  19.15050809  19.37560363  19.77270632  20.54642475
  21.32089418  22.05438     22.39776003  22.74154643  23.08556894
  23.33337331  23.56791308  23.80273299  23.6868864   23.39187751
  23.09671208  22.88508919  22.77770589  22.67034286  22.53137199
  22.28568271  22.03993644  21.79818182  21.94806448  22.09797321
  22.24810193  22.49534261  22.76793403  23.04087171  22.80145995
  22.18516536  21.56849467  21.07250536  20.79244261  20.51204315
  20.31576365  20.62787436  20.94017213  21.25284063  20.82350608
  20.33357941  19.84333351  19.95909553  20.32546877  20.69198843
  21.22661519  21.93580783  22.6449999   23.08284902  22.7986351
  22.51413522  22.26395143  22.58989051  22.91622092  23.24262371
  23.45381712  23.64300673  23.83225617  23.01374078  21.58268125
  20.15042918  19.21493102  19.00954545  18.80410497  18.71994355
  19.16098392  19.6023563   20.04400377  20.91438944  21.79825582
  22.6827652   23.27238593  23.76573567  24.2594516   23.73271106
  22.32334049  20.9128249   19.68689434  18.85610317  18.02460146
  17.42742956  18.89432948  20.36232316  21.83145609  22.10848114
  22.23066364  22.35292036  22.03936271  21.50889567  20.97795092
  19.90772993  18.17997883  16.45078759  15.30755596  16.09073405
  16.87433777  17.67456304  19.42991194  21.18661707  22.94453246
  22.97373534  22.5684645   22.16281677  21.36763635  20.29282787
  19.21715465  18.16605325  17.15788888  16.14908796  15.51759134
  17.06098348  18.6055664   20.15118797  21.68900416  23.22735394
  24.76670013  24.52147116  23.55986041  22.59753318  22.18802459
  22.3394715   22.49113785  22.64082044  22.78540921  22.93019664
  23.02212219  22.31812007  21.61369801  20.90874777  20.31279339
  19.73644585  19.15978504  19.59674671  20.63501128  21.67410353
  22.62291778  23.44196961  24.26169946  25.09468533  25.98066022
  26.86720431  27.75452079  28.28911793  28.81555819  29.34249826
  29.08133885  28.57003271  28.0584541   27.24744039  26.18384904
  25.11928722  24.3531974   24.20701924  24.06071243  23.83449807
  22.94890646  22.06269455  21.17591886  19.98797695  18.7625583
  17.53611157  17.71769503  18.58153366  19.44597158  20.76625818
  22.62912354  24.49333366  25.9643884   26.18298719  26.4017993
  26.62958754  27.24115388  27.85304636  28.46534805  28.39854405
  28.1670483   27.9354043   27.2728632   26.30773861  25.34198346
  24.84706663  25.15196406  25.45697564  25.64369285  25.17793482
  24.71172889  24.24520587  23.85647527  23.47263127  23.08856539
  22.44828682  21.70752897  20.96640845  20.44312868  20.13595789
  19.82847613  19.26186747  18.04628109  16.8299665   15.68732896
  15.56266837  15.43783217  15.31302207  15.99995177  16.82962961
  17.65984656  18.98660393  20.6009585   22.21639922  23.57053507
  24.5580951   25.54625452  26.44095481  26.95803104  27.47555105
  27.99329743  28.2315861   28.46512633  28.69868728  28.82431456
  28.91689814  29.00939571  28.78638881  28.30282963  27.81897194
  27.46865039  27.38925659  27.3098958   27.3367344   28.19310577
  29.05017194  29.90771492  29.85000607  29.68656037  29.52285949
  29.36433753  29.20791292  29.05147058  28.62675739  27.89030874
  27.15337643  26.73725773  27.30985176  27.88288455  28.42199565
  27.78410501  27.14557239  26.50665979  26.33270214  26.26715389
  26.20161414  25.75137759  25.03789992  24.3239111   23.28465565
  21.70759438  20.12923561  18.87448217  19.32917581  19.78424391
  20.23968976  21.80857113  23.44670006  25.0860479   25.99319409
  26.6232385   27.25371986  27.82320742  28.33329176  28.84380988
  29.30256755  29.63424641  29.96626658  30.24013117  29.78031113
  29.32026775  28.85986164  29.64495719  30.63899787  31.63382131
  32.4444007   33.15117439  33.85856839  34.17164628  33.94515368
  33.71863804  33.45067301  33.02279868  32.59486777  32.16645276
  31.66233288  31.156787    30.65098167  30.68909458  30.88869408
  31.08856484  30.67246139  29.75971031  28.8465275   27.43800628
  25.05440245  22.66895007  20.26840388  17.76707876  15.26387592
  12.75893754  12.72654657  12.96157031  13.1968267   15.21134095
  18.04464028  20.87983796  23.21149523  24.97019386  26.73004146
  28.12963705  28.45063474  28.77175636  29.10455469  29.76056802
  30.41493451  31.0685783   31.41380818  31.68962112  31.96520943
  32.16854274  32.32350159  32.47827954  32.48146938  32.23951226
  31.997191    31.75027559  31.47942127  31.20845396  30.93745803
  29.11600936  27.20915821  25.30147259  23.32473738  21.32195162
  19.31827799  17.16058643  14.85738455  12.55302665  11.31150617
  12.59062139  13.87037565  15.25301691  17.81906844  20.38640197
  22.95484624  25.00143969  26.9655185   28.93058183  30.52332132
  31.91149541  33.3003233   34.11517449  34.16255418  34.20987256
  34.37198984  34.96268897  35.55353664  36.1441767   36.674964
  37.20589769  37.73706051  38.24595559  38.74898402  39.25222901
  39.32086985  39.04815019  38.77515482  38.57530057  38.51597673
  38.4564869   38.52133989  39.45306551  40.38508356  41.31740256
  40.6998484   39.9255294   39.15071702  38.92456879  38.94321105
  38.96216363  39.41099568  40.33673246  41.26317911  41.99185525
  42.14716523  42.30283583  42.45609146  42.54880755  42.64179332
  42.73471417  43.00858941  43.32180627  43.63503488  43.68017216
  43.55075157  43.42118483  43.31582102  43.24917237  43.18243937
  43.18501405  43.52508085  43.86494572  44.20529632  42.68444932
  41.07268222  39.46051539  39.28233532  39.61654828  39.95111785
  40.92007611  42.47527888  44.03132829  45.08286232  44.97132575
  44.85992798  44.68099409  43.78178386  42.88244636  41.9826682
  40.95640948  39.91091309  38.86465738  39.71758369  41.58812892
  43.45914805  44.37714968  44.05150507  43.72542359  43.30035367
  42.51740412  41.73386809  40.95016266  40.96921124  40.98834736
  41.00769744  41.21527932  41.4750996   41.73527058  41.31179649
  40.3623753   39.41282085  38.9921161   39.56153713  40.13148957
  40.63294605  40.68135118  40.72978896  40.7779702   40.53075562
  40.25564282  39.98017233  39.27764077  38.3888923   37.49967745
  37.21300104  37.57931708  37.94563443  38.48336026  39.50115151
  40.51914604  41.47002693  41.00293232  40.53534772  40.06786758
  40.64457607  41.43814903  42.23207112  42.28236651  41.85996124
  41.43742255  40.85172831  40.01575837  39.17951044  38.23374053
  36.78083413  35.32749305  33.87399199  31.91815886  29.940359
  27.96148187  27.63928972  27.89138725  28.14339943  29.4935048
  31.83548321  34.17875884  35.97666457  36.54899227  37.12178041
  37.69463101  38.26508629  38.83594988  39.4071508   40.20306618
  41.03183052  41.86100482  41.90191405  41.53106275  41.15998568
  40.91947709  40.8458526   40.77217338  40.80459348  41.20857762
  41.61274503  42.01339372  41.82441665  41.63506788  41.44585851
  41.16336754  40.85548632  40.54762177  40.28424968  40.05398263
  39.82370136  40.11861245  41.37130071  42.62458771  43.79035273
  44.40085606  45.01193147  45.62326687  44.52624306  43.28019395
  42.03356393  41.68896427  41.72943921  41.76965255  42.03034732
  42.52467879  43.01906773  43.3108558   43.04911301  42.78697373
  42.51908131  42.14586409  41.77221685  41.39835712  41.60719062
  41.93192397  42.2571395   42.851858    43.61395335  44.37685496
  45.00016094  45.41336132  45.82717637  46.08326796  45.63310406
  45.1830069   44.73234671  44.51533811  44.30656939  44.09743196
  43.08328016  41.79811964  40.51194882  40.0808088   40.40444874
  40.7281449   41.06400735  41.42643558  41.78879181  42.14983004
  42.49383088  42.83770644  43.18213194  43.56285288  43.948389
  44.33450996  44.32344964  44.11038426  43.8972625   43.93029897
  44.27029144  44.61010132  44.95963774  45.34958226  45.73988438
  46.11347978  45.01661839  43.91936448  42.82123038  42.27678097
  41.87571242  41.47410194  41.47379674  41.7677563   42.06153034
  42.51325655  43.24511852  43.97700676  44.68836555  45.2724244
  45.8568837   46.44176605  46.62369032  46.77341436  46.92337657
  46.50460901  45.8516955   45.19862308  45.05348518  45.43504212
  45.81679103  46.36047669  47.33383475  48.05434085  48.86755192
  47.35740669  45.89619794  44.52951885  42.19858334  39.87609721
  37.58608693  38.29726776  40.92197881  43.53442259  45.09989719
  45.59899876  45.85679357  46.1883994   45.69095033  45.0487767
  44.51414235  44.81305453  44.72884307  44.81759511  45.35279682
  46.24230701  47.0955046   47.77853402  48.60653145  48.96386371
  48.69576726  47.58142099  46.66612709  45.84980693  45.41261923
  45.14306916  44.80051285  45.14740853  45.92895929  46.3329846
  46.59392768  46.78348654  46.97348262  46.71038304  45.89617295
  45.08202341  44.64866275  45.15678555  45.66339582  46.39463827
  47.49762995  48.67311152  49.8855433   49.28286325  48.25419081
  47.51073066  46.23903326  44.74169222  42.92708705  41.94406418
  42.08716409  42.4523843   43.15152859  44.70762885  46.64915669
  48.2283579   48.16788639  47.96820679  47.43137703  47.11634735
  46.74248789  46.6982266   46.61624428  46.12274874  45.62932552
  44.81444576  43.46297306  42.26563335  41.23548722  42.15148752
  42.91795809  43.68464793  43.91223387  44.04188667  44.17123697
  43.26572682  41.74831423  40.22996568  38.99482535  38.1646371
  37.3338287   36.78622076  37.41270202  38.03917552  38.66518291
  38.06290923  37.43215431  36.80141701  37.21073397  37.94803325
  38.6853201   39.72058598  41.00674695  42.29288807  43.81774017
  45.83570997  47.85364928  49.68638152  49.99849409  50.31059729
  50.62307474  49.46988931  48.13816929  46.80646317  45.01741116
  43.00740017  40.99766016  40.84298495  42.8919349   44.94084875
  46.5650493   46.84613476  47.12741822  47.39657973  47.15413792
  46.91169525  46.6692518   44.41492727  41.67622023  38.93763513
  36.45736322  34.15769089  31.85805671  31.33832474  33.82872549
  36.31928607  38.74611733  40.8255987   42.90852939  44.99176561
  45.68494538  46.28550915  46.88578939  46.25144385  45.13701744
  44.02242095  44.27582253  45.8819575   47.4879669   48.70380903
  48.94400508  49.18423047  49.44825886  50.03545406  50.62245134
  51.20946749  51.95013554  52.7177023   53.48537394  53.18066443
  52.25716929  51.33338454  50.6575934   50.32847118  49.99929574
  49.58835662  48.85037372  48.11205914  47.37363357  47.37557024
  47.39021792  47.40495799  48.19575101  49.22345219  50.25129261
  49.43158573  47.09251171  44.75312157  42.98847784  42.38172519
  41.77488266  41.43683475  43.1790301   44.92146273  46.66451103
  46.96044083  47.09078529  47.22114217  47.33614178  47.44392288
  47.55171316  47.99607314  48.83007216  49.66417952  50.11842409
  49.4068288   48.69513074  47.99368077  47.62946037  47.26518496
  46.90085467  46.49058337  46.06940728  45.64824116  46.07379986
  47.07756323  48.08143668  49.07052292  50.03511456  51.00008162
  51.57861011  50.13310508  48.68742983  47.24158484  48.11462589
  49.12770136  50.14093403  50.6465784   50.96073596  51.27492287
  51.26508635  50.94253213  50.62014222  50.46914532  50.73523695
  51.00135221  51.22993832  50.99210032  50.75460499  50.5166801
  50.09176282  49.63568354  49.17954869  49.12047911  49.28501615
  49.44916162  50.10107715  51.41836852  52.73579608  53.46714997
  51.93743972  50.40716209  48.8766935   49.85669777  50.86550784
  51.87441929  52.51853689  53.05434957  53.59010446  53.67013186
  53.38376509  53.09736208  52.48316304  51.22411281  49.96473032
  48.81992381  48.51332379  48.20668639  47.90015033  47.8293959
  47.7836317   47.73785726  48.19810831  48.8899908   49.58183113
  50.09439713  50.40320153  50.71202908  50.86658465  50.56245527
  50.25829181  50.00403707  51.13317813  52.26241761  53.39175513
  54.23578419  55.01612098  55.79698636  55.90261601  55.55876243
  55.21487128  54.34882904  52.64179319  50.93495771  49.80246584
  51.55986855  53.31742252  55.07512716  55.16486092  55.16446521
  55.16449992  54.50736762  53.60917099  52.71088931  52.44099999
  52.76436292  53.08808034  53.28911971  53.20048219  53.1118309
  53.08578641  53.77586183  54.46624074  55.15663283  55.40764157
  55.16107546  54.20770487  54.228762    54.79821815  55.46751392
  56.6276987   56.70364111  56.62333647  57.03574479  56.97959611
  56.94319024  56.95598309  55.59289495  54.49753687  53.75069868
  52.68665367  53.0066488   52.77422497  52.94979032  53.96565755
  54.04950612  54.34290311  54.16669376  53.44225014  53.32787637
  52.51565923  51.48604326  50.7785812   50.26334561  49.50200808
  48.76626341  48.83942424  49.26033389  49.53796193  49.81753047
  49.93940712  50.04456934  50.56686958  52.06922246  53.52739925
  54.91946249  54.7142725   54.41821507  54.12938751  54.13807527
  54.17123682  54.20425164  53.93742895  53.6513707   53.16746638
  52.68659728  52.27529979  51.86399248  51.5592325   51.76591524
  51.97260497  52.1793016   52.36696967  52.55373894  52.74096147
  53.63996765  54.79255766  55.94521135  56.44417587  56.34045228
  56.23717034  55.9287238   55.14963623  54.3704962   53.72681468
  54.52355095  55.32050659  56.11798818  55.93695412  55.60823047
  55.27947826  55.34633477  55.62467503  55.90343286  56.07163667
  56.09630103  56.12096057  55.9228347   54.92396828  53.92532969
  52.92681765  52.60633736  52.28583027  51.9652965   52.14733294
  52.46858834  52.78990596  53.37741252  54.16909341  54.96081807
  55.33847915  54.94386869  54.54945942  54.17347162  53.92127411
  53.66905481  53.41681381  53.54033034  53.69930863  53.85785382
  53.96067969  54.03934174  54.11800231  54.16376598  54.17440657
  54.18457591  54.32843162  54.84654955  55.36469164  55.89060995
  56.57764511  57.26428119  57.95092608  57.67709385  57.20493594
  56.73274441  56.61185166  56.71348698  56.81499943  56.88384832
  56.90311468  56.92257622  56.98492362  57.2444334   57.50373596
  57.76305273  57.63837733  57.4979142   57.35760664  57.16222931
  56.94745194  56.73265071  56.73276001  56.92638049  57.12008374
  57.1587575   56.84961454  56.54044063  56.22650989  55.86584706
  55.50514963  55.1448964   54.85908882  54.86930876  54.43287216
  54.55758072  54.71038235  54.99553722  54.47648654  53.36819712
  52.61454955  51.78136378  51.95826724  52.18551395  52.05990112
  53.02282492  54.12447571  54.98031194  55.13037359  54.92969486
  54.44618697  54.74229185  55.27984817  55.92902567  56.39164068
  56.8944938   57.47013731  57.7086229   56.92543539  55.82482903
  54.72327022  53.35573823  51.96507815  50.57479442  50.63674082
  51.31091624  51.98506809  52.78247603  53.59223038  54.05664917
  54.44784601  54.60317469  54.86310014  55.37746335  55.41601157
  54.98277066  54.47821034  54.27078634  54.04658877  53.82284346
  54.04931635  54.5545113   55.05932754  55.27703686  54.76272302
  54.70364795  54.66171239  54.53714323  54.41240642  54.28752695
  54.51084841  54.74634428  54.98181812  55.03963255  54.78572641
  55.03567136  54.60542461  53.78177075  52.78319564  52.38872315
  51.98682507  51.80615479  51.9727932   52.2653209   52.55775253
  52.84982903  52.4719143   52.19134618  52.03835606  52.52875017
  53.19119992  53.74913321  54.03044834  53.96864159  53.84716597
  53.6690948   54.85303913  55.84030949  56.7215482   56.97651702
  57.23097613  57.48586588  57.53655113  57.53451449  57.53247019
  57.03223948  56.16795023  55.3039951   54.45655654  53.63837277
  52.82024107  52.21357834  52.87369031  53.53374666  54.19374711
  54.39387994  54.55644197  54.71883224  54.98245176  55.28753888
  55.59258522  55.76419016  55.79783307  55.83183948  55.9018734
  56.06704801  56.23219669  56.40275042  56.67046903  56.93815005
  57.20579339  57.32481434  57.41537504  57.50596831  57.1933627
  56.63722564  56.08114386  55.72426922  55.65792677  55.59206098
  55.62268748  56.06678614  56.51082604  56.95437021  56.06640491
  55.14030276  54.21430049  53.70332347  53.32695764  52.95048712
  53.28020394  54.21667792  55.15303424  55.87664186  56.14896553
  56.42175486  56.72540241  57.29696565  57.86845281  58.43951921
  58.68533412  58.88953094  59.09369504  58.97231084  58.68984944
  58.40704344  58.03344746  57.54919434  57.0649923   56.61621671
  56.28374213  55.95226653  55.6268841   55.63389714  55.64090197
  55.6476704   56.38298734  57.29984567  58.21664471  58.92763659
  59.49176574  60.05530624  60.06828882  59.12839989  58.18855669
  57.4335049   57.73286434  58.03248685  58.33208357  58.25544643
  58.15139356  58.04680706  57.70502012  57.26845122  56.83190055
  56.74617811  57.01402169  57.2820996   57.54549964  57.79661014
  58.04769684  58.30511388  58.65803124  59.01131974  59.36457751
  59.6360622   59.89267236  60.14870396  59.62610767  58.64419338
  57.66233445  57.03739887  56.92162894  56.80591185  56.73524024
  56.84980423  56.96435247  57.07885855  56.6957791   56.30200629
  55.9082521   56.0221436   56.29563286  56.56865051  56.60863212
  56.45410217  56.29958646  56.02833619  55.51607554  55.00373151
  54.56590948  54.73218199  54.89842243  55.06463073  55.18727053
  55.30519345  55.42309112  55.08918203  54.53777068  53.98610676
  53.59563819  53.39602182  53.19642744  52.68509583  51.19004351
  49.69488737  48.2031475   46.82785935  45.45277113  44.07788339
  41.88950941  39.50647879  37.12382277  37.64706673  40.19628758
  42.74493485  44.98761362  46.7144196   48.44095451  49.8415057
  49.46392089  49.08592749  48.70828519  49.07389377  49.48857809
  49.90318436  50.69470799  51.6324536   52.57014951  53.4065124
  54.14303864  54.87930106  55.30077493  54.93966112  54.57860184
  54.19975726  53.58153035  52.9629049   52.34488351  52.16774356
  52.06708338  51.96631079  51.87607028  51.79239274  51.70872231
  52.52570129  54.59721489  56.66781891  58.36733177  58.5880607
  58.80874174  59.02937479  58.40277907  57.76215875  57.12189295
  56.85808777  56.70905207  56.56000797  56.75451384  57.23184184
  57.70907513  57.63829981  56.46535521  55.2921691   54.29222628
  54.6228692   54.95344372  55.28394968  55.94607286  56.64628944
  57.34673961  56.15691316  54.08139227  52.00617218  50.74217616
  50.41718755  50.0922401   50.08682207  51.05769115  50.47582607
  46.07409525  42.29313843  38.34550682  36.54455599  39.3362391
  41.45150923  44.15787539  44.68677646  45.08572492  45.5613041
  47.31870048  49.75093041  50.82500949  51.32106133  48.92966661
  46.82334922  46.00560831  45.04341055  48.10684142  47.95115994
  49.52211727  51.47322942  49.53358157  51.69542289  52.292666
  50.69856773  52.76158245  53.35769346  51.6534946   53.15453456
  53.4260345   51.8083628   51.9162038   51.49584757  49.93734555
  48.38191406  49.99527422  51.80780421  53.5355298   54.9578261
  55.14846897  55.14326685  54.96648634  53.82327233  52.89970346
  52.00470896  52.58577681  53.28056435  53.02516244  53.49716714
  54.04400555  55.07261257  55.7449047   56.12036682  55.820815
  55.61825661  54.19825579  52.58582366  52.09226819  51.28495084
  50.70997286  49.56184323  48.8822363   48.58976239  47.97505044
  49.34805474  51.34482977  52.92631221  53.27549337  53.08973662
  52.88244901  52.6794184   52.76953142  53.09569085  53.40377077
  54.14868482  54.8844764   55.12857235  54.72699166  53.83212087
  52.93756423  52.32409793  51.89713775  51.47024423  51.00668626
  50.48304929  49.95995018  49.26346099  50.19201038  51.3141135
  51.96002945  51.43849063  50.86037116  49.94708922  49.09783973
  48.53868641  47.94121645  47.85663465  48.26023974  48.55556776
  48.81206923  48.93722335  49.2787831   49.52387661  50.18786187
  50.80140555  50.76135963  50.99073175  51.1207432   51.77140525
  51.98437646  52.30300942  52.65353548  53.18836924  53.54398461
  54.26017687  54.61149214  53.82744707  53.58751713  52.72039031
  51.65675602  50.64503697  49.3151223   48.19431452  47.62501182
  46.92477406  48.31775116  51.4806315   53.92949127  55.46129919
  55.24411456  54.59517865  53.93964114  52.67676625  51.70607917
  50.88037328  51.90990577  52.79660437  53.54451158  54.26907719
  54.98315149  55.05648544  55.47834466  55.73003237  56.14239926
  56.65257581  56.63406695  56.47253988  56.15544937  54.91910739
  53.58477234  52.2897722   52.21619624  52.44426931  52.78206076
  52.94993645  53.20884941  53.3004095   53.28901098  53.23048707
  52.9173711   52.98324452  52.36292445  52.03390466  51.71940788
  50.88436951  50.06239011  49.01066572  49.37559237  50.24246501
  51.10894025  51.86901701  52.53122817  53.19313104  53.7352871
  54.00367273  54.27187773  54.55281228  54.96906147  55.38512702
  55.80095503  55.37292591  54.81843313  54.03213842  53.24301317
  51.97349852  50.704526    50.44055772  51.47988326  52.51877037
  53.33683214  53.36425007  53.39163976  53.41837602  52.75600113
  52.09382978  51.43191712  51.39843719  51.53829521  51.67803142
  52.16930144  52.92927708  53.68895147  54.09661352  54.74279552
  55.15746013  55.48780313  55.26603614  55.04434667  54.82277166
  53.72488173  52.54612168  51.36784129  50.78794393  50.4284586
  49.85239252  49.68081354  49.6966508   49.60046694  49.91092197
  50.36071563  50.88755915  51.42518373  51.79874344  51.91482956
  52.31970198  51.81103022  51.13708694  50.40447159  49.80303116
  48.96901886  47.75607329  47.28311797  46.69555102  46.98610747
  45.9304687   45.61251874  45.48912431  43.93054733  45.24219534
  45.80472618  45.94848597  46.60613591  45.61268859  43.69441802
  41.73237148  41.66814946  42.97917312  45.73048782  47.15195943
  47.8451945   46.35509238  45.71848046  47.28566435  46.57084315
  47.06739922  43.65135111  42.28294995  40.92814945  38.2037914
  37.34511428  36.49177346  37.78348871  38.91144553  40.46595473
  41.30166487  41.69240194  42.46609441  44.64210336  46.737233
  48.88194098  49.44899144  49.88648779  50.01565214  47.56605631
  44.98944592  41.94225718  40.33978718  42.37873949  43.34022596
  44.11022081  44.30203902  44.04157832  43.49979784  43.65196208
  44.5701798   44.99794259  43.9575293   43.77568343  42.34026067
  42.50944713  44.49552976  44.68794465  46.80479214  47.39008884
  48.37826342  47.01325541  45.1188806   44.85108863  44.61824433
  44.93435035  44.85456244  43.31394072  43.18487689  44.05632017
  43.79373163  43.48658923  45.04821834  46.78210656  48.13088461
  49.37703713  48.23914431  45.99788557  46.3953691   45.82383674
  44.89696289  45.92410514  46.7540267   48.18742969  49.499197
  48.57630981  47.36397094  46.07424873  44.72116064  43.79985759
  41.69612218  42.99140679  44.78202135  46.17523461  46.7623027
  47.04285114  47.0300594   47.58921831  48.56607805  48.83924268
  47.84841471  47.92344649  48.51967235  49.65025158  50.66265466
  50.23255341  49.80986142  49.0466314   49.12499976  49.71133541
  48.93696735  47.80968037  46.40527033  46.42637166  47.09959739
  48.10666187  48.68042966  48.97155868  48.77618622  48.9234589
  50.16581844  50.83605586  52.2625633   51.23188631  49.9931784
  49.45547803  47.93719515  46.43530993  44.99030238  43.91392213
  43.6966539   43.07578638  42.55897596  42.38320423  42.04010226
  41.87518683  43.26352734  44.641369    46.06243662  46.84949842
  47.39508542  47.56343889  48.44668208  49.3799      50.25436518
  50.5822593   49.65793588  48.78541487  48.20328495  48.66425159
  48.83240113  49.18192625  50.43003176  51.5495231   52.99948851
  53.58582366  53.80191288  53.92162319  53.6344122   53.21541885
  52.73992931  51.99694598  50.50373512  49.25929541  48.25706676
  48.50471436  48.77650253  48.48898166  49.05641631  49.86505436
  50.80510874  51.61103679  52.15031256  52.75018937  53.05932717
  53.19854557  53.46421584  53.45363677  53.5501055   53.6464592
  53.73095755  53.19536526  52.6601168   52.12509215  51.78098227
  51.48435523  51.18793673  51.19673097  51.42251558  51.64816292
  51.53261085  50.82842687  50.12462636  49.34268803  48.11617621
  46.89031166  45.66513169  45.59433486  45.60706286  45.61974409
  46.72898188  48.27318346  49.81645422  50.79357934  51.20088434
  51.60799275  51.71100963  51.03812107  50.36560355  49.71580947
  49.39319322  49.07074652  48.74847234  49.21312769  49.81950981
  50.42552121  50.3904988   49.97855061  49.56678135  49.45968898
  49.78584582  50.11180006  50.52920934  51.32283341  52.11601482
  52.90869662  53.28335513  53.64853754  54.01353988  53.89593457
  53.62735865  53.35892121  52.83659617  52.10159367  51.36700557
  50.7471446   50.36264489  49.97838313  49.584498    49.11141335
  48.63863089  48.16606242  47.7188254   47.2748634   46.83116437
  47.67355226  49.13332669  50.59224451  51.39458897  51.42237116
  51.45011772  51.39281012  51.06796265  50.74461052  50.43111831
  50.36019642  50.28925277  50.21835264  50.40294995  50.64862678
  50.89425278  50.61703558  49.97661728  49.33640751  48.83588043
  48.57048379  48.30514596  48.03484734  47.736842    47.43897754
  47.1411921   47.18745788  47.25616972  47.32483695  47.67577346
  48.13564053  48.59534548  48.19821974  46.95972909  45.72177369
  44.92493052  45.22336015  45.52163208  45.82704132  46.22830858
  46.62938278  47.0303306   47.77901427  48.58753413  49.39567582
  49.89941905  50.22874172  50.56175695  50.65668924  50.41943787
  50.18224778  49.94861681  49.72918079  49.50973361  49.29035872
  49.48402325  49.68438438  49.88471468  49.64548531  49.27290054
  48.90040947  48.55281104  48.22558441  47.89841818  47.59057001
  47.32128667  47.05210463  46.93073753  47.93653783  48.94207132
  49.94357532  50.68879446  51.40487799  52.12067697  52.04324825
  51.59560472  51.14814184  50.2773708   46.87729968  39.20629003
  30.69764903  24.40927603  20.22945603  17.66121192  17.18249135
  13.87745779  12.34812039  12.5059861   11.82490317  11.74227025
  12.24045207  12.88780572  15.43513572  16.47139273  20.84570506
  21.3330657   25.86023202  33.62069732  37.34732321  40.02666776
  39.55946299  33.00866786  27.26484205  28.77539421  23.49462935
  23.06735712  26.58227075  21.94372438  22.8372997   26.04861426
  21.88509809  22.18358974  25.5559588   25.02107462  25.26204093
  27.77662449  29.23883829  26.59007819  28.1976873   31.43189558
  32.03445638  32.58330312  33.75957441  34.15544478  34.33582389
  35.32842317  36.49094422  37.27294257  38.14682187  39.63230446
  39.78957769  39.84388605  41.36067141  42.65305156  41.71015944
  41.72114451  41.8275381   44.23638555  44.58178877  43.2124105
  42.96078909  43.30198747  44.59902335  43.97234392  43.69582077
  44.0514537   45.5275393   46.24943101  45.21823337  44.76222367
  44.34320348  45.4870926   45.73724277  45.85900623  46.26314694
  47.19188255  48.62838645  48.86275617  48.32348689  48.40076043
  48.50086252  48.80709679  48.9871397   48.14992568  47.42872072
  46.57376052  45.81744159  45.96475322  46.6305915   47.29615053
  47.84970756  47.84791091  47.84607506  47.84422111  47.80283936
  47.75934516  47.71591036  48.03117806  48.47693693  48.92244651
  49.0651436   48.92362055  48.78233004  48.63964839  48.49358061
  48.34760367  48.25225735  48.72892413  49.20540978  49.68161194
  49.70628013  49.66009512  49.61394724  49.37697314  49.03592223
  48.69508555  48.50732369  48.52233872  48.53729296  48.53206365
  48.45210202  48.37217216  48.2922371   48.04764279  47.8024838
  47.55739795  47.4070921   47.28374257  47.16043432  47.12985467
  47.17165981  47.21347051  47.23013569  47.19912272  47.16805136
  47.1746126   47.43933062  47.70387691  47.96831864  48.12010769
  48.26075957  48.40126607  48.37907056  48.28476157  48.18952426
  47.95843347  47.57794388  47.19767712  46.65388464  45.64088638
  44.62844292  43.67586478  44.09123296  44.50631348  44.9211861
  45.25832853  45.57875097  45.8990113   46.25705111  46.63951095
  47.02168997  46.99913312  46.34337221  45.68795213  45.1419463
  45.11747373  45.09305101  45.06856963  46.137839    47.25667614
  48.37486175  48.76531611  48.89826489  49.03117322  49.12267738
  49.17686485  49.23100278  48.91150234  47.7383624   46.56578879
  45.50363694  45.58731626  45.6709644   45.75456051  46.13374301
  46.5569529   46.97987774  46.83567579  46.39049705  45.94556095
  45.73400489  45.824495    45.91489279  46.13840614  46.83719455
  47.53555955  48.23248288  48.1265028   48.02055893  47.91463868
  47.47045067  46.93361495  46.3970272   46.09826448  45.98106358
  45.86389394  45.7509399   45.64574686  45.5406364   45.48348488
  45.73969743  45.99569589  46.25156809  46.35940639  46.45354937
  46.54766059  46.35845534  46.60269929  46.61835545  46.40164098
  46.46064128  46.37125974  46.13874595  45.54597011  44.95352441
  44.25393608  43.8485056   43.52307389  43.18293774  43.40867064
  43.66262454  43.81816697  44.33938079  44.80970969  45.33026127
  45.53337521  44.94879933  44.69450553  44.69505348  45.6209675
  46.30370021  46.29342547  46.4179219   46.53544348  46.87394871
  47.44409164  47.34905024  47.23809174  46.68790841  46.2752676
  45.67166555  45.39632496  45.03114203  44.58221279  44.94018828
  44.74845878  44.43479547  44.37065458  44.56230853  44.80491794
  45.56895471  45.94276453  46.328663    46.71428428  46.87931806
  46.7659077   46.65255069  46.48046469  46.10522832  45.73016309
  45.35590551  45.06544294  44.77509721  44.4848902   44.53801358
  44.68223429  44.82635557  44.5236695   43.76873065  42.92129512
  42.34353894  41.9905403   41.66034027  41.5893291   42.50899856
  43.60307827  44.66400202  45.216493    45.55559936  45.74196948
  46.17142434  46.56842701  46.72866055  47.09114215  47.35905881
  47.62676496  47.7324869   47.40130337  46.92971898  46.41238207
  46.29490339  46.18875845  46.30570302  46.39546472  46.29905019
  46.20263948  46.35419071  46.65804498  46.96175434  46.87000549
  46.66063889  46.2159791   46.08067661  46.15883188  46.27533822
  46.60427215  46.26812365  46.05261716  46.1726046   46.13593601
  46.19162554  46.04755313  45.86528619  45.84322388  45.84314978
  46.02666534  45.62692434  45.08700874  44.34963018  44.52163767
  44.79431278  45.25558721  45.55152897  45.78890193  46.07253175
  45.71719693  45.14040676  44.48351803  44.30383151  44.84836475
  45.45355604  46.22898095  46.64234793  47.02445441  46.86934425
  46.43795562  46.10584621  45.92488263  46.0385817   46.07269365
  45.88497335  45.87055118  45.98204632  46.09346336  45.94630304
  45.34381265  44.74167044  44.15334063  43.6452521   42.98544775
  42.61835351  42.74987557  42.91869438  43.08739955  43.54355638
  44.1167007   44.68947948  44.97268341  44.95867341  44.94467524
  45.03777327  45.41186604  45.78567677  46.12190402  45.86266135
  45.60352811  45.10104702  45.38090885  45.90940067  46.40032571
  46.46058333  46.33795341  45.8419242   45.43916583  45.26321519
  45.05673949  44.8394218   45.09814695  45.38421302  45.67427311
  45.66666367  45.77310131  45.67762718  45.44331189  44.88863556
  44.4363821   44.47329834  44.75750933  45.19080181  45.14028454
  45.29433775  45.42657548  45.63714265  45.85693155  45.36029809
  45.01886627  45.02533047  44.74966257  45.06245535  45.27846758
  45.61359129  44.85608389  44.75630653  44.32316029  42.39400756
  42.02068316  41.99946323  42.2498194   43.92125342  43.88382838
  42.93529926  42.7791734   42.59024509  43.34255953  43.71651054
  42.43586456  41.26785829  41.2600974   41.29882802  41.27673453
  40.67759362  40.56653465  40.03986517  40.27618374  41.6834625
  38.77028749  37.89601126  36.03800568  34.62623938  37.06457564
  38.27518826  37.46344143  37.86896181  38.37056894  38.96373205
  41.74089021  43.06117844  40.30364635  37.84443659  36.82084199
  36.80555248  38.35059782  40.75154794  41.99466648  40.93751946
  42.40578582  40.59760091  39.76116692  40.93676337  39.67809368
  40.9804113   41.17536528  40.67947061  40.13383218  39.61201617
  38.45898656  38.05016409  40.52702218  41.19139024  42.22833998
  42.14256842  40.79709217  39.15369279  37.69041333  35.57632634
  34.1231741   33.23245344  34.4746281   35.72536183  36.09066067
  36.00219151  35.14329026  35.16476212  35.56283813  36.56356612
  36.7109638   33.7102092   32.46843652  30.92332541  30.83111886
  34.79035171  35.54664498  37.5752788   39.44630449  40.01933236
  41.42103555  41.45796604  41.87771195  40.09114758  39.8029303
  39.54726328  39.42303004  40.75290014  41.65064977  41.99061267
  41.93367396  41.63165577  41.65973351  40.12551506  39.96094229
  39.99821303  39.10530026  40.51586401  40.65159475  40.65992687
  41.46908018  41.18100755  41.45151363  41.7386057   41.89660045
  40.84550631  40.23693401  38.6873265   38.09292255  38.16848829
  38.96369432  39.4766739   39.72151387  38.82374875  38.70099084
  39.67691995  40.2043038   40.52920936  39.05229162  38.62427119
  38.43267653  40.14423679  38.93216075  39.05274055  38.99255146
  39.00458042  40.49542604  40.13521444  40.09600144  39.90355204
  38.8061096   38.59411296  38.69261192  39.18947322  41.10593259
  42.1795711   41.16477397  41.14782993  41.18959302  40.50527165
  40.52368548  39.78458032  39.83514728  38.47887755  39.01023596
  39.65223553  40.09098634  41.97029277  42.47289334  41.81953064
  40.8037872   40.40580396  39.86920958  39.643314    39.74114017
  40.06572259  40.17764707  39.80304287  39.89655515  39.16459525
  39.34302496  39.89311684  40.14228878  40.62155589  40.5030107
  40.44075287  40.61037943  40.71536812  40.9195552   41.0053044
  40.78170954  40.4299702   40.71046219  40.715337    40.58867799
  40.46641629  40.27625401  40.18529976  40.36280587  40.49554897
  40.53193508  40.43687265  40.802617    40.5835213   40.09031577
  39.46421809  38.95303012  39.2604642   39.81175842  40.51674165
  40.94329875  40.48847846  40.0350717   39.77311297  39.7336022
  39.83582884  39.98451985  39.97645962  40.03125308  39.64569724
  39.6705058   39.64811517  39.67337597  39.99191682  40.21510515
  40.594573    40.97855413  40.91896618  41.03873639  41.19612115
  41.12155856  41.17784162  41.36843587  41.57377623  42.11923853
  42.19635327  42.14555101  41.95018343  41.75112384  41.71487608
  41.6015498   41.61375768  41.56727678  41.71675989  41.86610176
  42.01230559  42.07657748  41.98297893  41.92978222  41.97682883
  41.94974277  41.90605395  41.69466325  41.38380813  41.15465709
  41.03325146  40.88121398  40.85486961  40.69893058  40.90324728
  41.1073664   41.31133177  41.18652092  41.04466265  40.90294842
  40.65419059  40.36680161  40.07956348  40.18263466  40.62014771
  40.90843053  41.27873279  41.41868287  41.65236019  41.94030285
  41.93579352  41.93133062  41.92681586  41.60545588  41.23488512
  40.86459425  40.59510779  40.38046159  40.16601569  40.02555668
  39.78680853  39.71655476  39.68878355  39.77313741  40.03285723
  40.08994738  40.07385467  40.05752574  40.04114505  39.94235341
  39.82025533  39.69823202  39.66303153  39.79142667  39.9281124
  39.97911628  40.00854167  40.15142632  40.23592777  40.03444947
  39.68198164  39.25584899  39.05486863  38.87613319  38.65721114
  38.69555222  39.1413424   39.61122823  39.94594504  40.30806678
  40.48380954  40.38967639  40.54750014  40.54260569  40.53662163
  40.5054729   40.4743271   40.44318424  40.24711702  40.01610931
  39.78519303  39.41819339  38.96354745  38.50914344  38.40461278
  38.84576203  39.11993257  39.24267447  39.13576849  38.98774101
  38.98308644  39.40876825  39.83065379  40.19876242  40.02105362
  39.68819966  39.35548442  38.72480942  37.74986116  36.71315634
  36.3156702   37.27637135  38.0311512   38.73461067  38.9065522
  39.07840516  39.25016945  39.42533906  39.60093698  39.77644413
  39.62018799  39.28838597  38.95679342  38.82992654  38.96729091
  39.10458165  39.16575463  38.95661185  38.74755425  38.53864055
  38.3797049   38.2208553   38.06206823  37.36032288  36.51038627
  35.66083224  35.38207472  35.53766293  35.69316907  35.95013679
  36.39471976  36.8391425   37.18356404  36.87970108  36.57596939
  36.27236913  36.68859845  37.17012625  37.65141817  37.79697501
  37.79800071  37.79907513  37.8615572   37.9899245   38.11822055
  38.25487775  38.41487338  38.5747825   38.71820492  38.53615483
  38.35422443  38.17236927  37.87513423  37.55445713  37.23392167
  36.90257044  36.56446724  36.22651469  36.22456551  36.73315854
  37.2415396   37.685753    37.83717682  37.98851705  38.1397736
  37.96139434  37.77022568  37.57913806  37.79035541  38.1391386
  38.4877861   38.68175629  38.73759495  38.79339522  38.81173713
  38.74702407  38.68233104  38.58157327  38.13216131  37.52993541
  36.91860744  36.36458815  35.94096889  35.62649746  35.7190941
  36.0845607   36.2450454   36.32881435  36.31594804  36.30307723
  36.33005621  36.49416225  36.65817645  36.82077962  36.81167677
  36.80256739  36.79345149  36.33849943  35.76592724  35.19362859
  35.1262214   35.37733347  35.50375796  35.83432295  36.27916934
  36.81264962  37.06953076  36.6233724   36.17749371  35.73182757
  35.58055376  35.4541785   35.32785597  35.21263892  35.10208611
  34.99157831  35.11086456  35.47121126  35.82836454  36.0619626
  35.9637859   35.86566335  35.75288114  35.379867    35.00709514
  34.6345657   34.46600394  34.33734786  34.20878343  34.39359149
  34.77090054  35.14793793  35.53718447  35.94468509  36.35189227
  36.66688938  36.57654682  36.48629045  36.39608314  36.38290153
  36.37225984  36.36161229  36.39167518  36.43523467  36.47874055
  36.42609255  36.28961309  36.15321516  35.94095875  35.5651528
  35.1895954   34.84920226  34.82546494  34.80173137  34.77799184
  35.1711625   35.6195892   36.06768906  36.35920131  36.57181252
  36.78426113  36.83610762  36.69043777  36.54485661  36.3891459
  36.19945434  36.00994055  35.82084009  35.6527183   35.48470178
  35.31679059  35.18867203  35.07077536  34.95294892  34.85512206
  34.77191836  34.68876054  34.75046118  35.06719068  35.38368187
  35.69048783  35.94147152  36.19226286  36.44286177  36.2575524
  36.03849801  35.81958632  35.60352896  35.38871491  35.17404106
  34.95199987  34.53543837  34.27680383  34.17766659  34.57356386
  34.76650841  34.96769731  35.30088218  35.63381349  35.96649111
  36.13590547  36.27465908  36.41326034  36.45451669  36.43753688
  36.33025043  36.18037765  36.16446985  36.24425321  36.26989838
  35.85205953  35.43451037  35.01721424  35.06548543  35.12636166
  35.18717972  35.36786515  35.58694132  35.80584343  35.77655911
  35.53545031  35.29448703  35.19024275  35.37306167  35.55573245
  35.74220636  35.9622249   36.18206739  36.40173373  36.27260847
  36.0996503   35.70799378  35.43884022  35.22230443  35.09185224
  35.02720611  34.72574399  34.42449113  34.09622771  33.80168789
  33.63691104  33.68432919  33.97269551  34.26088259  34.54884133
  34.87397832  35.20805555  35.247245    35.37587938  35.36245431
  35.38450765  35.81794434  35.96651231  36.1149543   36.22792149
  36.14178273  36.0556938   35.96965474  35.82122127  35.66847021
  35.51575341  35.38553593  35.59283058  35.50582753  35.48416845
  35.610248    35.80859152  35.90949407  35.94772132  35.98590465
  35.99608273  35.55847185  35.13184013  34.83017703  34.84756189
  34.93767767  34.8603653   34.75580058  34.68691953  34.650677
  34.67518865  34.84811579  34.71145016  34.67946391  35.07460186
  35.13870523  34.7902483   34.31479913  34.00098396  33.60142458
  33.8633751   33.91105875  33.95953164  34.59722722  34.13843483
  33.87617862  33.64425678  33.66096575  33.98920925  33.70764892
  33.33125139  32.78212493  32.66249515  32.48363491  32.44653912
  31.5044333   30.99729845  32.36020993  32.38417023  34.07792948
  34.55637664  32.7062389   31.48473536  29.81866315  28.02228772
  29.21348403  30.8710435   32.14548473  31.81270816  30.80828469
  29.76456857  28.76653379  30.46942528  31.67089302  32.45305854
  31.58791873  31.28067367  31.63462647  32.26899264  33.77247952
  31.55218088  28.36678786  26.12201193  23.35550862  22.36190587
  25.01753523  26.5317237   29.54722109  33.08517454  33.34830287
  30.61992769  29.11153168  28.87058329  26.66175287  29.26657353
  29.62230786  27.99851115  29.9280286   29.84668554  29.08636687
  29.87929231  30.64167228  30.26645128  29.25998118  28.80513145
  28.68274904  29.09162672  31.955727    30.70575346  30.32791694
  27.47539116  28.24889202  29.66479787  29.79381374  31.52088856
  31.41387133  31.76297482  31.76312204  32.57361815  32.6197389
  32.46046414  32.37372652  32.13856487  31.12767021  31.05029113
  31.55981927  31.76635992  32.44308373  32.00485695  31.40055747
  30.74534647  28.5492814   27.76457018  27.630353    28.02499425
  29.46836687  28.9523743   28.84032529  28.67673412  27.93441066
  28.53432897  29.56721979  30.59903496  29.71127068  29.30796045
  28.00174803  26.35209907  27.34487767  27.57714279  29.4375033
  30.78230775  30.35684512  27.84502308  26.47401864  26.44143894
  28.0969146   29.94199161  27.51100065  27.31716154  26.85873417
  27.17481037  29.91492286  29.18974482  28.70403983  28.79410525
  29.13747722  29.53451527  27.40307178  26.72103659  27.04440807
  27.76628629  28.92034667  28.17536073  26.11277355  25.92473694
  27.45290536  29.32246318  31.19482669  31.42435924  31.1776684
  30.34406468  28.25430883  26.0776073   26.27257482  27.20805443
  29.12034216  29.85368889  29.53771669  28.99087259  28.1588091
  26.40970969  24.58786456  24.45873149  24.73443708  25.10533024
  23.53043304  22.45748642  23.07914918  24.13760119  26.81878737
  27.27880204  25.85586369  25.03167082  24.06563471  23.29890409
  22.27166043  20.86783606  19.83093813  19.3608065   20.2298043
  19.32602185  20.83922572  23.27358176  24.0174678   26.15437669
  26.49339208  26.14708228  26.95503632  27.72648407  27.30462918
  27.1232188   27.36972878  27.16662716  27.28871131  25.00594165
  23.38877859  22.52051608  22.98858126  25.77015649  26.91504318
  28.3249792   28.20927792  26.92447934  26.60019142  26.62253213
  27.18439609  28.56201955  28.48280677  27.55794611  27.05055784
  26.2053129   25.31885532  26.15795582  26.472199    27.97736187
  29.36512271  29.49083989  29.73008233  29.42660512  28.85226517
  27.9328166   27.46376638  27.54652077  27.84126436  27.62143827
  27.19213108  26.85856334  25.5822671   26.31403996  27.12282226
  27.68308274  28.83537587  29.06855702  28.30105201  28.2520324
  28.56426715  28.31236052  28.80087976  28.5083787   27.96630917
  27.80355999  27.20825241  27.19164317  26.93234549  26.34264612
  26.76466735  26.89073128]
