[   5.01610689    5.07259604    5.12927122    5.18612587    5.24316785
    5.30038629    5.35779138    5.41537922    5.47315406    5.53110689
    5.58924592    5.64757151    5.70608261    5.7795034     5.969448
    6.1600556     6.35132004    6.54324372    6.73582477    6.92907595
    7.12298488    7.31756047    7.51279542    7.7087055     7.90527496
    8.10251778    8.30042449    8.49900989    8.69825648    8.89818203
    9.09877776    9.30005497    9.50199658    9.70461957    9.90792119
    9.93713592    9.87842919    9.81947863    9.76028844    9.70085126
    9.64116447    9.58122777    9.52105423    9.46062774    9.39995465
    9.33902744    9.27786265    9.21644086    9.15477465    9.09285189
    9.03068915    8.96826603    8.9055989     8.84267595    8.77950911
    8.71608014    8.69790211    8.84367107    8.98990521    9.13659069
    9.28374057    9.43135565    9.57943454    9.72797125    9.87697074
   10.02644281   10.17637681   10.32677563   10.47763569   10.62897504
   10.78077453   10.93304635   11.08577933   11.23899491   11.3926703
   11.54682409   11.70144263   11.85399326   11.92010607   11.96096552
   12.0018912    12.04289602   12.08398005   12.1251434    12.16639783
   12.20772217   12.24912403   12.29060556   12.33216754   12.37382191
   12.41554302   12.45734416   12.49922541   12.5411946    12.58324273
   12.6253649    12.66756754   12.70985074   12.75222887   12.82469889
   12.96056109   13.09674503   13.2332511    13.3700879    13.50724627
   13.64443379   13.78190158   13.91968715   14.05780651   14.1962289
   14.33497019   14.47403077   14.61341506   14.75312766   14.8931485
   15.03349014   15.17415295   15.31513731   15.45646071   15.59808946
   15.7400409    15.74732157   15.73524932   15.72312188   15.71091748
   15.69864905   15.6863165    15.67370663   15.66085874   15.64794306
   15.63496382   15.62192093   15.60883144   15.59566097   15.58242658
   15.5691282    15.55576573   15.54235186   15.52886519   15.51530991
   15.5016902    15.48802204   15.47891838   15.47599894   15.47304123
   15.4700452    15.46701838   15.46395481   15.46084347   15.45769359
   15.4545051    15.45127796   15.44802887   15.44472422   15.44138074
   15.43800088   15.43459378   15.43113346   15.42763407   15.42409557
   15.42051789   15.41691681   15.41326144   15.40956589   15.46272984
   15.51717847   15.57173969   15.62638762   15.6811366    15.73598673
   15.79094916   15.8460079    15.90116217   15.95641802   16.01177555
   16.0672521    16.12281336   16.17847663   16.234242     16.29010959
   16.34609087   16.40216938   16.45834431   16.51462188   16.5710022
   16.61702396   16.65387199   16.69077592   16.72773579   16.76475791
   16.80184146   16.83896953   16.87615376   16.9133942    16.9506909
   16.98806194   17.02547137   17.06293721   17.10046044   17.13805653
   17.175692     17.2133841    17.25113289   17.28893842   17.32681629
   17.36458784   17.40220987   17.45021931   17.4983069    17.54648841
   17.59472978   17.64304859   17.69144491   17.73992906   17.78848904
   17.83711835   17.88582547   17.93461045   17.98347431   18.03243319
   18.08145225   18.13054946   18.1797249    18.22942054   18.27978454
   18.33022341   18.38074581   18.4313518    18.47041194   18.50285527
   18.53534009   18.56786643   18.60043918   18.63306322   18.66571439
   18.69840722   18.73114175   18.76391802   18.79675554   18.82961541
   18.86251712   18.89546069   18.92845107   18.96149321   18.99456264
   19.02767408   19.06082756   19.0940379    19.12728053   19.16298356
   19.20914771   19.25538351   19.30169598   19.3480902    19.39454137
   19.44106446   19.48766853   19.53434669   19.58108595   19.6278974
   19.6747811    19.72173711   19.76878575   19.81588663   19.86306004
   19.91030604   19.95763386   20.00503648   20.05250068   20.10003773
   20.14764771   20.20022555   20.25457042   20.30898909   20.36347777
   20.41805455   20.47272887   20.52749359   20.58233522   20.63726529
   20.69228388   20.74741105   20.80260804   20.85789274   20.91326631
   20.968732     21.02430161   21.0799423    21.13567219   21.19149135
   21.24741382   21.30341935   21.35722478   21.4056222    21.45409182
   21.50263696   21.55126963   21.59995631   21.64871546   21.69755478
   21.74576264   21.79331422   21.84093301   21.88861904   21.9363724
   21.98421513   22.03210331   22.0800921    22.12807997   22.17611316
   22.22435806   22.27260428   22.3208404    22.36926681   22.42043176
   22.47205914   22.52376099   22.57570586   22.62761342   22.67953948
   22.73154028   22.7838308    22.83599296   22.88821873   22.94071282
   22.99312314   23.04557446   23.09810095   23.15093176   23.2036092
   23.256362     23.30919024   23.36232468   23.41530437   23.46835969
   23.50227504   23.50662026   23.51093981   23.51524522   23.51973316
   23.52397539   23.52819178   23.53261355   23.53677812   23.54091676
   23.54506408   23.54934702   23.55340758   23.55744206   23.56153117
   23.56566327   23.56961923   23.57360658   23.57768284   23.58155995
   23.58541073   23.58933871   23.61647549   23.64470018   23.67294873
   23.70137119   23.72974846   23.75791966   23.78623572   23.81455246
   23.84278877   23.87104875   23.89950635   23.92787183   23.95620304
   23.98470903   24.01316918   24.04157173   24.06999804   24.0986462
   24.12715517   24.15565297   24.18417457   24.2217973    24.26796108
   24.31418441   24.36069039   24.40704507   24.45344771   24.49991011
   24.54666841   24.59325078   24.63989305   24.68660712   24.7335949
   24.78041747   24.82730012   24.87448133   24.92148463   24.96854815
   25.01570785   25.06309582   25.11034063   25.15765788   25.19987265
   25.15110172   25.1021975    25.05321959   25.00422701   24.95492149
   24.90548212   24.85601525   24.80643733   24.75659501   24.70670048
   24.65674129   24.60649476   24.55611341   24.50572498   24.45517762
   24.4043904    24.3534678    24.3025823    24.25144549   24.20011535
   24.14879772   24.17071016   24.23990166   24.30919844   24.37879617
   24.44833884   24.51795254   24.58767189   24.65772923   24.72766068
   24.79769803   24.8680636    24.93832529   25.00868146   25.07947078
   25.15077775   25.22195821   25.2932478    25.36488441   25.43639312
   25.50801126   25.57973891   25.63286142   25.58679537   25.54060038
   25.49431204   25.44806069   25.40147751   25.35477668   25.30815859
   25.26118601   25.21408353   25.16690961   25.11972216   25.07222863
   25.02460466   24.97695459   24.92919647   24.88117981   24.83311284
   24.78457117   24.73533898   24.68420582   24.63277096   24.76333553
   24.96716283   25.17155899   25.37611886   25.58113438   25.78646553
   25.99206401   26.19815835   26.40453297   26.6111254    26.81824246
   27.02545238   27.23325209   27.4412048    27.64962508   27.85836203
   28.06736373   28.27687597   28.48647033   28.69666923   28.90698702
   29.10562663   29.270729     29.43606654   29.601802     29.76755548
   29.9338311    30.10037104   30.26689825   30.43396608   30.60106079
   30.76861536   30.93635003   31.10432062   31.27269841   31.4410836
   31.61000662   31.77892055   31.94836088   32.11792153   32.28777722
   32.45798777   32.62825739   32.68145034   32.70819475   32.73524998
   32.76231837   32.78911665   32.81606677   32.84233614   32.86864757
   32.89506083   32.92127724   32.94775986   32.97395579   33.00046298
   33.02678798   33.053215     33.07968423   33.10601592   33.13258462
   33.15886576   33.18545904   33.21183956   33.23620318   33.25694379
   33.27749136   33.29813122   33.3188033    33.33932725   33.36007882
   33.38053182   33.4012877    33.4218201    33.44250505   33.46316203
   33.4837308    33.5044974    33.52412676   33.5440252    33.56366885
   33.58352478   33.60329161   33.62302959   33.64293475   33.66273568
   33.70702306   33.7536094    33.79993866   33.84661571   33.89308062
   33.93980304   33.98647983   34.03317159   34.08006086   34.12672159
   34.16463999   34.16569034   34.16698543   34.16809851   34.83947922
   35.52433581   36.21006219   36.21889955   36.01896431   35.8183794
   36.18616071   37.0240912    37.86365709   37.98376854   36.64302758
   35.30015097   34.11003317   34.13353329   34.15673773   34.18025193
   34.45229546   34.75368541   35.05556774   35.79132095   36.73361796
   37.67709435   38.03749836   37.71632839   37.39426696   36.89591187
   35.8525357    34.80752215   33.82097309   34.96120249   36.10348996
   37.24728517   37.63496254   37.84538236   38.05631889   37.09541138
   35.32750205   33.55678184   32.36979765   32.15603224   31.94163628
   31.98529655   33.39758234   34.81199039   36.22889188   35.08875424
   33.78893492   32.48709218   31.76180555   31.25553022   30.74814362
   31.01045726   32.02075244   33.0326803    34.08870547   35.24954539
   36.4125863    37.37934428   35.84669725   34.31129354   32.77332262
   33.53774296   34.69067854   35.84547526   36.77843029   37.58605101
   38.39529406   38.82307033   38.72729165   38.63114813   38.43743023
   37.86472206   37.29079492   36.71615221   37.64890851   38.60253146
   39.55748874   40.410859     41.23412039   42.05536938   42.20664543
   41.81543852   41.42336953   40.80156517   39.7248714    38.64690429
   37.65360592   37.30040066   36.94667794   36.59224718   36.96553521
   37.4181171    37.87165868   37.85788081   37.62888855   37.3994981
   37.37170824   37.57415654   37.77655041   38.25990174   39.5830357
   40.90774005   42.16611155   41.44068668   40.71434561   39.98687246
   39.66928867   39.44403544   39.21808491   39.72604423   40.72593013
   41.72749158   42.44152791   42.68874824   42.93648103   43.02770043
   42.32538785   41.6233292    40.92107541   40.84926706   40.81196519
   40.7748143    39.35305884   37.41771078   35.47945452   34.22781747
   33.62924558   33.02943715   33.06786673   34.62621282   36.18699456
   37.73927636   39.16523604   40.5936739    42.0239628    41.6681057
   41.02512958   40.381221     40.17267813   40.2039505    40.23527226
   39.89715112   39.06353096   38.22886055   37.47524418   37.03094881
   36.58572678   36.13987493   37.14823145   38.16754286   39.18864897
   39.6372801    39.92146498   40.2058058    40.68930058   41.33017038
   41.97189499   42.04961361   41.03894551   40.02650608   38.9993567
   37.87650508   36.75220359   35.62589899   36.84156841   38.29769511
   39.75594435   40.14088938   40.04348405   39.94623143   40.01141006
   40.25829156   40.50542068   40.73308092   40.90373963   41.07432013
   41.20359576   40.30061434   39.39587271   38.4900353    38.30607509
   38.27865902   38.2510737    38.14176967   37.97909913   37.8158629
   38.43923488   40.30573906   42.17537927   43.75945246   43.94430983
   44.12952558   44.31473303   43.73774694   43.12225992   42.50615317
   42.32124649   42.29055222   42.26009291   41.84214298   41.06466263
   40.28605919   39.88123935   40.34390588   40.80691336   41.34571058
   42.69211321   44.04064434   45.39124035   44.56682655   43.40921657
   42.24944717   41.1089301    39.97751598   38.84451024   38.47943898
   39.11937511   39.7590516    40.55284807   41.90339759   43.25606375
   44.61023051   44.47726251   44.34237674   44.20745506   44.78010969
   45.5506423    46.3224618    46.92213065   47.3898671    47.85789184
   48.08551574   47.86067426   47.63544856   47.49601775   47.92803816
   48.36050818   48.79380416   48.68431303   48.52362218   48.36233808
   48.28402473   48.2416406    48.19912572   47.86810582   47.22239909
   46.57613226   46.15939685   46.39279136   46.62628903   46.84837369
   46.820908     46.79310598   46.76555779   46.91428405   47.09956878
   47.28544167   46.09066933   44.01346456   41.93317907   40.5665614
   40.30367549   40.04017132   39.82596678   39.842222     39.85879603
   39.87515626   40.41506314   40.97806487   41.54164794   41.67568357
   41.65993027   41.64446457   40.92267514   39.5603168    38.19638086
   37.13094066   36.7401738    36.34887467   35.97099299   35.73438381
   35.49713849   35.25680461   36.83547874   38.67985794   40.52563147
   41.95195611   43.15910538   44.36706745   45.51242879   46.57734049
   47.64295856   48.62415553   49.30555483   49.98771318   50.66035285
   49.35444131   48.0474973    46.73915377   45.79225272   44.94222338
   44.0912458    43.51218654   43.13769452   42.76303703   42.57661191
   42.73576238   42.89514277   43.17034232   44.18080731   45.19217429
   46.20420464   45.93117703   45.54465755   45.15797169   44.63574176
   44.0559615    43.47577214   44.16271427   46.19654221   48.23215954
   50.2480597    52.20783644   54.16925667   55.98692051   55.09222502
   54.19644897   53.30001262   50.77799109   47.92965692   45.07888146
   44.78903399   46.09462837   47.40130342   48.75444534   50.17760631
   51.60172953   52.85265621   53.32039638   53.78871801   54.25747396
   52.72505617   51.11890074   49.51130009   48.67218204   48.09236017
   47.51190796   47.53913366   48.10390143   48.66931586   49.66679273
   51.61028554   53.55566481   55.39809788   56.26062952   57.12418191
   57.98832738   58.61078381   59.19992108   59.78976202   59.49876856
   58.75773972   58.01631769   57.48474503   57.21501035   56.94532663
   56.59624758   55.97910402   55.36181731   54.75455715   55.13104537
   55.50759906   55.88470538   56.50574586   57.19046456   57.87605302
   57.27467786   55.72661584   54.1776091    52.93174028   52.22825446
   51.52392288   51.03089106   51.81487772   52.59933425   53.384722
   52.30628238   51.07564222   49.84420021   50.13498124   51.05526922
   51.97592497   53.31884668   55.10025805   56.88166798   57.98149526
   57.26758218   56.55295077   55.92451751   56.74323946   57.5629444
   58.38283112   58.91332499   59.3885478    59.8639209    57.80790319
   54.21324419   50.61558965   48.26572452   47.74981929   47.23377614
   47.02237219   48.13021552   49.23889282   50.34826109   52.53457106
   54.75474304   56.97653012   58.45759046   59.69682897   60.93698731
   59.61387489   56.07369609   52.5306411    49.45124276   47.3643897
   45.27575183   43.77572386   47.46040985   51.14784325   54.83813832
   55.5339938    55.84090236   56.14799736   55.36037615   54.02790319
   52.69423028   50.0059567    45.66604216   41.32251013   38.45084212
   40.41809653   42.38642009   44.3964951    48.80573217   53.21837596
   57.63405976   57.70741408   56.68941975   55.67047874   53.67307582
   50.97327897   48.27131002   45.63106267   43.09866826   40.56467492
   38.97842714   42.85525291   46.73506979   50.61749565   54.48031527
   58.3444752    62.211138     61.59515069   59.17969369   56.76243697
   55.7337979    56.11421534   56.49518399   56.87116967   57.23436023
   57.5980498    57.82895635   56.06058299   54.29115478   52.52039981
   51.02343011   49.57571053   48.12720407   49.22480215   51.83280484
   54.44288658   56.8262002    58.88356538   60.94263368   63.03499957
   65.2604679    67.48736597   69.7162042    71.05905148   72.38140963
   73.70502325   73.04902046   71.76467752   70.47965015   68.44247581
   65.77085513   63.09679673   61.17246612   60.80528318   60.43777708
   59.86955231   57.64504675   55.41898308   53.19150326   50.20752808
   47.12941562   44.0487207    44.50483775   46.67470228   48.84607216
   52.16248215   56.84178839   61.52447248   65.21959493   65.76869025
   66.31832142   66.89049962   68.42668482   69.96368923   71.50172154
   71.33391747   70.75242644   70.17056303   68.50633501   66.08205165
   63.6561844    62.41300952   63.17887724   63.94503169   64.41404413
   63.24411284   62.07305651   60.90120366   59.92475653   58.96058399
   57.99585412   56.38754707   54.52684748   52.6652369    51.35081754
   50.5792394    49.80688015   48.38362353   45.33020861   42.2749645
   39.40478875   39.09165551   38.77808116   38.46457238   40.19006177
   42.27411825   44.35952896   47.69219278   51.74726813   55.80507177
   59.20650722   61.68714586   64.16929012   66.41667562   67.71551239
   69.01546387   70.31598398   70.91453808   71.5011646    72.08784318
   72.40340464   72.63596408   72.86830746   72.30813946   71.09349371
   69.87809814   68.9981302    68.79870199   68.59935671   68.66677223
   70.81787984   72.97073273   75.12478331   74.97982523   74.56926818
   74.15807017   73.75988102   73.36696016   72.97399476   71.90716346
   70.05728809   68.20619783   67.16095491   68.59924607   70.03863938
   71.39282522   69.79051639   68.18659497   66.58171907   66.14475722
   65.98010745   65.81547904   64.68453596   62.89236108   61.09890227
   58.48841059   54.52701179   50.5623538    47.41055566   48.55269446
   49.69577383   50.83980209   54.78065391   58.89544775   63.01330334
   65.29195156   66.87455156   68.45824913   69.8887372    71.17001114
   72.45237466   73.60472184   74.43786147   75.27185843   75.95977517
   74.80475944   73.64918272   72.49269486   74.46476573   76.96168303
   79.46056653   81.49664988   83.27198515   85.04887854   85.83529464
   85.26637094   84.69738939   84.02429167   82.94951994   81.87460608
   80.79847625   79.53218435   78.26231051   76.99178497   77.08752028
   77.58889156   78.09094421   77.04573959   74.75301254   72.45920103
   68.92115569   62.93381356   56.94182809   50.91192868   44.62888407
   38.34112281   32.04900208   31.96763964   32.5579926    33.14892992
   38.20916093   45.32608707   52.44778167   58.30463992   62.72229114
   67.14282845   70.65845362   71.46476336   72.27138441   73.10733601
   74.75516701   76.3988613    78.04074029   78.90791853   79.60072932
   80.29297586   80.80372604   81.19296505   81.58174969   81.58976221
   80.9819934    80.37330993   79.75308645   79.07273116   78.39209205
   77.71138105   73.13610886   68.34631531   63.55442569   58.58909134
   53.55832096   48.52532037   43.10544422   37.32006266   31.53177732
   28.41321887   31.62621103   34.84080839   38.31384622   44.75947625
   51.20832649   57.65996681   62.80077713   67.73432003   72.67033595
   76.67111666   80.15805233   83.64663025   85.69344392   85.81245631
   85.93131472   86.3385349    87.82230402   89.30644628   90.79006703
   92.12334444   93.45698958   94.79121027   96.06949692   97.33304721
   98.59714146   98.76955946   98.08451864   97.39878526   96.89677409
   96.74775935   96.59832764   96.761231     99.10161993  101.44274342
  103.78462287  102.23339697  100.28839558   98.34215487   97.77409619
   97.82092343   97.86853016   98.99594531  101.32129095  103.64841974
  105.47877143  105.86889246  106.25991933  106.64488007  106.87777236
  107.11134205  107.34474869  108.03269218  108.81945735  109.60625206
  109.71963177  109.39454196  109.06908503  108.80442309  108.63700925
  108.46938353  108.47585084  109.33006002  110.18376198  111.03868404
  107.21848908  103.16991318   99.12033318   98.67276508   99.51227009
  100.35267084  102.78658395  106.6930767   110.6016961   113.24303015
  112.96286297  112.68304441  112.2335828   109.97486883  107.71583516
  105.45569461  102.87784925  100.25168105   97.62360553   99.76605955
  104.46465674  109.1644443   111.47036016  110.65237786  109.83329822
  108.76557086  106.79889051  104.83073698  102.86215795  102.91000583
  102.95807357  103.00667878  103.52810089  104.18073994  104.83425988
  103.77054105  101.38570286   99.00052991   97.94376737   99.37408833
  100.80574413  102.06534586  102.18693405  102.30860425  102.42963005
  101.8086551   101.117603    100.42565242   98.66097291   96.42853768
   94.19493097   93.4748324    94.39497667   95.31512427   96.66583047
   99.22240651  101.77949314  104.16799797  102.99470935  101.82018993
  100.6459329   102.09455915  104.0879243   106.08216641  106.20850274
  105.14746865  104.08609947  102.61490206  100.5150405    98.41448068
   96.03881407   92.3892782    88.73865044   85.08762085   80.17479016
   75.20678154   70.23606692   69.42675682   70.05999718   70.69302316
   74.08433454   79.96711832   85.85316058   90.36929558   91.80691776
   93.24569653   94.68463218   96.11755105   97.55149556   98.98628739
  100.98553645  103.06729835  105.15009003  105.25284935  104.321313
  103.38920954  102.7850793   102.60014292  102.41506908  102.4965047
  103.51126697  104.52648963  105.53287363  105.0581847   104.58256208
  104.10728963  103.3977044   102.62434174  101.85102095  101.18946017
  100.61105549  100.0326151   100.77339825  103.92000889  107.06812351
  109.99639286  111.5299079   113.06485992  114.60046502  111.84486578
  108.71493193  105.5835389   104.71794369  104.81961214  104.9206235
  105.57545914  106.81716366  108.05901253  108.79195102  108.13448285
  107.47601875  106.80310341  105.86562416  104.92706473  103.98797154
  104.51253758  105.32823087  106.14513535  107.63900067  109.55329765
  111.46961984  113.03529367  114.07320612  115.11266253  115.7559355
  114.62517491  113.49458198  112.36257476  111.8174738   111.29307047
  110.767741    108.22030687  104.99212958  101.76141455  100.67843978
  101.49138657  102.30447456  103.14812288  104.05850144  104.96869914
  105.87558617  106.73967721  107.60345357  108.4686113   109.42493906
  110.39336201  111.36325401  111.33547175  110.80027571  110.26493805
  110.34792191  111.20194438  112.05550822  112.93350401  113.91300036
  114.89339495  115.83182417  113.07663292  110.32045572  107.56206758
  106.19447248  105.18703384  104.17823391  104.1774673   104.91586033
  105.65378735  106.78847229  108.62682643  110.46524659  112.25209906
  113.71918856  115.18728397  116.65644201  117.1134151   117.48950489
  117.86619292  116.81429639  115.1742518   113.53380804  113.16923812
  114.12766582  115.08657572  116.45225235  118.89721726  120.70704676
  122.74974062  118.95642729  115.28603687  111.85309421  105.99804891
  100.16422752   94.41198178   96.19838725  102.79136332  109.35352542
  113.2858198   114.53950627  115.18705756  116.02001374  114.77047818
  113.15741095  111.81447018  112.56530362  112.35377401  112.57670905
  113.92107497  116.15542353  118.298559    120.01425132  122.09408682
  122.99166489  122.31823705  119.51912578  117.22001146  115.16950791
  114.07134206  113.3942629   112.53380035  113.40516289  115.36832965
  116.38319534  117.03865472  117.51480506  117.99205364  117.33117736
  115.2859741   113.2409229   112.15237015  113.4287169   114.70126439
  116.53806235  119.3086522   122.2613284   125.30681934  123.79295549
  121.20904717  119.34155969  116.14720026  112.38604961  107.82796751
  105.35872569  105.71817642  106.63556811  108.39173917  112.30048629
  117.17738374  121.14415784  120.99226025  120.49068778  119.14223238
  118.35091362  117.41182111  117.30064176  117.09471149  115.85510673
  114.61568366  112.56879824  109.1740523   106.16647094  103.57886084
  105.87974956  107.80503659  109.7308744   110.30254444  110.62821755
  110.95313081  108.67859214  104.86702404  101.05310492   97.95057271
   95.8652341    93.77833775   92.40280879   93.97645858   95.55008887
   97.12254832   95.60970523   94.02532051   92.44098005   93.46913777
   95.32114981   97.17313066   99.77360097  103.00429126  106.23493169
  110.06518699  115.13409794  120.20293233  124.80654757  125.59053889
  126.37450671  127.15941455  124.26274372  120.91761427  117.57251974
  113.07862426  108.02970493  102.98146629  102.59293973  107.73966929
  112.8863082   116.96611553  117.67217027  118.37872239  119.05482552
  118.44583922  117.83685077  117.22786035  111.56525317  104.68593212
   97.80691735   91.576756     85.80024028   80.02382038   78.7183127
   84.97391654   91.22992189   97.3258464   102.54926743  107.78135278
  113.01420557  114.75539444  116.26394241  117.7717782   116.17837426
  113.37906166  110.57932187  111.21583786  115.25026648  119.28437972
  122.33843707  122.94178227  123.54520116  124.20841049  125.68337816
  127.15784865  128.63236655  130.49284057  132.4208811   134.34918508
  133.58378939  131.26407449  128.94363212  127.24612152  126.41940387
  125.59255256  124.56032014  122.70659093  120.85202854  118.99718739
  119.00205206  119.03884539  119.07587076  121.06225303  123.64372166
  126.22554007  124.16652948  118.29104118  112.41475884  107.9821742
  106.45808045  104.93376094  104.08462298  108.46081984  112.83761272
  117.21595209  117.95929415  118.28670462  118.61414629  118.90301225
  119.17374613  119.44450308  120.5606849   122.65559571  124.75077867
  125.89178944  124.10434289  122.31663818  120.55467552  119.63979524
  118.72477679  117.80962046  116.77906556  115.72111906  114.66319758
  115.73215272  118.25349231  120.7751084   123.2595807   125.68252535
  128.10641302  129.55961089  125.92866642  122.29729438  118.66549595
  120.85847592  123.40320645  125.94833185  127.21845309  128.00758121
  128.79678303  128.77207481  127.96185525  127.1520484   126.77276133
  127.4411533   128.1096046   128.68378695  128.08636492  127.4898036
  126.8921633   125.82481935  124.6792      123.53344105  123.385065
  123.79836334  124.21067813  125.8482159   129.15710221  132.46633064
  134.30340854  130.46095013  126.61706652  122.77270323  125.23436264
  127.76837897  130.30264996  131.92060023  133.26650081  134.61225625
  134.81327599  134.09395519  133.37454336  131.83174511  128.66915394
  125.50572815  122.63010421  121.85995977  121.08972144  120.31973767
  120.1420106   120.0270561   119.91207592  121.06817429  122.80610452
  124.54392886  125.83143644  126.60711802  127.38285777  127.77108379
  127.00714534  126.24312128  125.60446224  128.44073636  131.27725768
  134.11402527  136.23413041  138.1942478   140.15569295  140.42102263
  139.55730151  138.69348599  136.51808622  132.23020604  127.94282916
  125.0981382   129.51253422  133.92731018  138.34246462  138.56786564
  138.56687167  138.56695885  136.91631714  134.66014922  132.40376765
  131.72583632  132.53808729  133.35122868  133.85621674  133.63356935
  133.41088739  133.34546659  135.07885768  136.81301108  138.54719762
  139.17770306  138.55835698  136.16359835  136.21649147  137.64690064
  139.3280956   142.24234801  142.43310672  142.23139058  143.26731345
  143.12627434  143.03482693  143.06696112  139.64303851  136.89162342
  135.0156507   132.34289047  133.1466819   132.56285963  133.00385986
  135.55560297  135.76622106  136.50320098  136.06058309  134.24086298
  133.95356907  131.91337187  129.32709347  127.55002914  126.25581583
  124.34342243  122.49531538  122.67908708  123.73636432  124.43373441
  125.13597885  125.44211914  125.70627469  127.01823359  130.7919734
  134.45474789  137.95145266  137.4360387   136.69237606  135.96687403
  135.98869671  136.07199474  136.15492422  135.48469593  134.7661501
  133.5506374   132.34274883  131.30961625  130.27645899  129.51093653
  130.03010011  130.54928123  131.0684797   131.53988058  132.00902378
  132.47930549  134.73750693  137.63268214  140.5280173   141.78135951
  141.52081763  141.26138512  140.48660244  138.52962296  136.57251167
  134.9556568   136.95696783  138.95882988  140.96201308  140.50727607
  139.68155959  138.85577137  139.02370735  139.72286647  140.42307448
  140.84558335  140.90753742  140.96947939  140.47180969  137.96277069
  135.45430396  132.94615512  132.14114502  131.33606762  130.53092318
  130.98817804  131.79513513  132.60224851  134.07799825  136.06661075
  138.05533319  139.00397492  138.01275825  137.02204697  136.07760831
  135.4441168   134.81057057  134.17696983  134.48722932  134.88656473
  135.28481224  135.54309914  135.74068929  135.93827571  136.05322885
  136.07995679  136.10550102  136.46685024  137.76830363  139.06981772
  140.39086478  142.11661907  143.84137094  145.56614492  144.87830945
  143.69230239  142.5062109   142.20254205  142.45783843  142.71282618
  142.88576677  142.93416167  142.98304686  143.13965644  143.79151553
  144.44285412  145.09422839  144.78105796  144.42823051  144.07579385
  143.5850282   143.04553185  142.50597553  142.50625009  142.99260274
  143.47916332  143.5763074   142.7997754   142.02316566  141.23460728
  140.32866323  139.42263222  138.51771702  137.79980086  137.82547217
  136.72919302  137.04244676  137.42626709  138.14254374  136.83874737
  134.05485022  132.1617731   130.06890509  130.51326649  131.08408442
  130.76855926  133.18731447  135.95453615  138.10429956  138.48123737
  137.97715521  136.76263829  137.50642013  138.85670057  140.48736071
  141.64939707  142.91250699  144.35845812  144.95750685  142.99022876
  140.22563057  137.45863995  134.02355491  130.53037473  127.03813988
  127.19374221  128.8871943   130.58058718  132.58358536  134.61759634
  135.78416358  136.76680562  137.15697362  137.80987682  139.10189881
  139.19872756  138.11047558  136.84307738  136.32205184  135.75889301
  135.19687018  135.76574437  137.03473672  138.30277778  138.84963887
  137.5577409   137.40935103  137.30401368  136.99111009  136.67778538
  136.36410235  136.9250605   137.51659937  138.10808292  138.25330619
  137.61552282  138.24335613  137.16262515  135.0937002   132.58539295
  131.59452283  130.58500052  130.13117728  130.54975404  131.28455042
  132.01910544  132.75276844  131.80348955  131.0987343   130.71444051
  131.94625482  133.61025337  135.01171842  135.71835007  135.56309855
  135.25796557  134.81067102  137.78460473  140.26451575  142.4780873
  143.11854003  143.75771239  144.3979665   144.5252821   144.5201663
  144.51503124  143.25850852  141.08751207  138.91735491  136.78868549
  134.73350078  132.67844684  131.15457897  132.81270527  134.47069186
  136.12853805  136.63124897  137.03958633  137.44749226  138.10967454
  138.87601876  139.6422605   140.07331263  140.1578198   140.24324005
  140.41915729  140.83405714  141.24889188  141.67730348  142.34978222
  143.02216655  143.69445622  143.99342333  144.22090151  144.44846154
  143.66323174  142.26627859  140.86946431  139.97303577  139.80639105
  139.64094367  139.71787397  140.83339935  141.94877717  143.06290975
  140.83244175  138.50617832  136.18016578  134.89664955  133.95126134
  133.00561013  133.83382135  136.18613762  138.53815836  140.35577853
  141.03982467  141.72504047  142.48776863  143.92347059  145.35898142
  146.79343538  147.41089451  147.92381373  148.43665075  148.13174742
  147.42223648  146.71185993  145.77342925  144.5570404   143.34077988
  142.21350655  141.37836816  140.54573911  139.7284154   139.74603137
  139.7636267   139.78062821  141.62766087  143.93070487  146.23359994
  148.0195308   149.43655914  150.85210888  150.88471964  148.5238254
  146.16304602  144.26644167  145.01839858  145.7710163   146.52356925
  146.33106545  146.06969645  145.80698704  144.94845706  143.85184556
  142.75527986  142.53995485  143.21274749  143.88612874  144.54775974
  145.1785208   145.80922208  146.45582445  147.34231278  148.22973336
  149.11707675  149.79901548  150.44359105  151.08671335  149.77401083
  147.30755363  144.84123551  143.2714683   142.98066739  142.68999919
  142.51248014  142.80025189  143.08798406  143.37561032  142.41335824
  141.42424566  140.43517985  140.72126237  141.40823632  142.09402567
  142.19445493  141.80629325  141.41816732  140.73681747  139.45007688
  138.16312686  137.06336764  137.48102531  137.89860242  138.31609879
  138.62415605  138.92036502  139.21651057  138.37776886  136.99268616
  135.60696906  134.62615635  134.1247427   133.6233843   132.33897735
  128.58357572  124.82791329  121.08083216  117.62626452  114.17219908
  110.71863721  105.22169032   99.23578803   93.25082669   94.5651561
  100.96850938  107.37042187  113.00377624  117.34131675  121.67817637
  125.1962019   124.24775174  123.29827524  122.34968068  123.26804791
  124.30968783  125.35113169  127.33934916  129.69485962  132.05024526
  134.15109386  136.00116411  137.8505717   138.9092662   138.00218931
  137.09524942  136.14363485  134.59071908  133.03680218  131.48440265
  131.03944722  130.78660028  130.53347096  130.30679706  130.09660857
  129.88643795  131.93859639  137.14200327  142.34312543  146.61210871
  147.16655473  147.72088043  148.27508559  146.70114832  145.09198282
  143.48370784  142.8210592   142.44669843  142.07231658  142.56089324
  143.75988698  144.95864281  144.78086322  141.83455959  138.88764933
  136.37590652  137.206444    138.03680964  138.86700309  140.53018131
  142.28904584  144.04849711  141.05978821  135.84631544  130.63359826
  127.4585838   126.64224933  125.82601823  125.81240875  128.25112162
  126.78954263  115.7328947   106.23556058   96.31955829   91.79577434
   98.80816526  104.12148359  110.91956803  112.24810746  113.25022067
  114.44482156  118.85920169  124.96868706  127.66665173  128.91267761
  122.90576565  117.61493559  115.56086329  113.14393179  120.83892223
  120.44786802  124.39393443  129.29490656  124.42273145  129.85303133
  131.35323819  127.34904439  132.53110307  134.02846623  129.74771223
  133.51815412  134.20013116  130.13672355  130.4076079   129.35172079
  125.43694072  121.52987345  125.58245095  130.13532044  134.4751709
  138.04781769  138.52669092  138.51362378  138.06957123  135.19794748
  132.87804735  130.6299228   132.08949926  133.83472665  133.19318605
  134.37880827  135.75240424  138.33614827  140.02486975  140.96798795
  140.2155478   139.70674412  136.13986334  132.08961693  130.84986166
  128.82197215  127.37769276  124.49372153  122.7866261   122.05196485
  120.50787825  123.95670911  128.97238122  132.94488551  133.82198893
  133.35538906  132.83470614  132.3247163   132.55106997  133.37034542
  134.14420719  136.01534669  137.86357156  138.47671287  137.46798779
  135.220174    132.97314929  131.43219162  130.35971614  129.28740812
  128.12300312  126.80768653  125.49372098  123.74421922  126.07662984
  128.89522544  130.51769296  129.20764666  127.75547622  125.46141569
  123.32819743  121.92366779  120.42289112  120.21043123  121.22424138
  121.96607183  122.6103744   122.92474732  123.78270662  124.39835368
  126.06620927  127.60736131  127.50677051  128.08292721  128.4095012
  130.04389039  130.57884988  131.37921968  132.25970135  133.60314301
  134.49640843  136.29540206  137.17786612  135.20843394  134.60575717
  132.42763309  129.75590454  127.2145812   123.87398659  121.05864472
  119.62862099  117.86970326  121.36870354  129.31349974  135.46475739
  139.31248492  138.76694178  137.13688847  135.49025271  132.31805439
  129.87979869  127.80571928  130.39178798  132.61907414  134.49773211
  136.31775865  138.11143218  138.29563874  139.35530119  139.98751213
  141.02333093  142.30483648  142.25834434  141.85260668  141.05611134
  137.95056069  134.59886259  131.3459693   131.16115484  131.73404849
  132.58254225  133.00422691  133.65458688  133.88457541  133.85594363
  133.70893821  132.92242645  133.087893    131.52971944  130.7032591
  129.9132789   127.81575734  125.75103846  123.10922622  124.02588053
  126.20336614  128.37985354  130.28908004  131.95247928  133.6151041
  134.97693856  135.65109279  136.32479328  137.03046896  138.07603966
  139.12114906  140.1656618   139.09050126  137.69767837  135.72259536
  133.74040235  130.55152573  127.36401087  126.70095253  129.31162026
  131.92118668  133.97606495  134.04493568  134.11373546  134.18089392
  132.51708342  130.85378419  129.19113477  129.10703697  129.45834444
  129.80934594  131.04336044  132.95233293  134.86054871  135.8845495
  137.5076853   138.5492757   139.3790598   138.8220063   138.26514754
  137.70857627  134.95080145  131.98989008  129.03018354  127.57354724
  126.67056091  125.22354835  124.79256143  124.83234284  124.5907399
  125.37056769  126.50039827  127.82376935  129.17422124  130.11256081
  130.40415597  131.42114951  130.14342382  128.45055483  126.61030827
  125.09955823  123.00461405  119.95783252  118.76982247  117.29392101
  118.02376582  115.37212111  114.57346694  114.26351413  110.34854578
  113.64325661  115.0562702   115.41737844  117.06932041  114.57389357
  109.75541576  104.82697767  104.66565927  107.9588018   114.86979187
  118.44036711  120.18169488  116.43872758  114.83963074  118.77621869
  116.98066901  118.22796147  109.64723658  106.20996826  102.80686328
   95.96358525   93.80668584   91.66319062   94.90783263   97.74113206
  101.64588263  103.7450916   104.72657872  106.67000635  112.13589371
  117.39862143  122.78588428  124.21025064  125.3091918   125.63363797
  119.48053146  113.00837877  105.35418673  101.32896406  106.4505807
  108.86572554  110.79986514  111.28169069  110.62744301  109.26655197
  109.64877126  111.9552299   113.02972143  110.41632142  109.95954524
  106.35392627  106.77890346  111.76771748  112.25104183  117.56832232
  119.03852115  121.52070345  118.09195837  113.33350399  112.66084096
  112.07596252  112.86998496  112.6695668   108.79969998  108.47550631
  110.66447286  110.00488027  109.23337345  113.1560084   117.51133871
  120.899316    124.02950961  121.17125205  115.54146464  116.53989812
  115.10427376  112.77607189  115.35613658  117.44080529  121.04135082
  124.3363613   122.01817351  118.97291595  115.73328023  112.33447662
  110.02026798  104.73592355  107.98953139  112.48735181  115.9869453
  117.46159366  118.16629948  118.13416807  119.53871176  121.99247248
  122.678631    120.18978369  120.378255    121.87590664  124.71579327
  127.25883482  126.17846932  125.11671507  123.19956792  123.39642035
  124.8692289   122.92410427  120.09248742  116.5647689   116.61777303
  118.30883962  120.83847122  122.27971075  123.01099378  122.52024035
  122.89017259  126.01083866  127.69439895  131.27762363  128.68868008
  125.57718649  124.22654423  120.41279006  116.64022496  113.0105301
  110.30678514  109.76103203  108.20148335  106.90331425  106.46179562
  105.59996246  105.18571363  108.67306731  112.13404907  115.70360956
  117.6806194   119.05107198  119.47395679  121.69256337  124.0367008
  126.23325802  127.05689081  124.73509536  122.54342168  121.08117743
  122.23907326  122.66144581  123.53941323  126.67451252  129.48654762
  133.12869605  134.60150337  135.14429495  135.44499365  134.72355225
  133.67108855  132.47671283  130.6104231   126.859647    123.73375576
  121.21627122  121.83833387  122.52103489  121.79881512  123.2241465
  125.25535346  127.6166633   129.64106302  130.99566252  132.50248493
  133.27900398  133.6287048   134.29603834  134.26946491  134.5117834
  134.75381296  134.96606321  133.62071623  132.27623287  130.93231171
  130.06794678  129.32285335  128.57828373  128.60037386  129.16751915
  129.73431966  129.44406598  127.67523578  125.90736883  123.94322855
  120.86237016  117.78313762  114.70562469  114.5277911   114.55976238
  114.59161618  117.37789555  121.25675455  125.13327543  127.58770275
  128.61080665  129.63341676  129.89218346  128.2019638   126.51267617
  124.88046724  124.07009187  123.26014237  122.45062624  123.61778768
  125.1409507   126.66318252  126.5752102   125.54044315  124.50612553
  124.23712167  125.0563906   125.87515063  126.92363535  128.91712887
  130.90951048  132.90063714  133.84173677  134.75903353  135.67587795
  135.38046677  134.70583456  134.03155019  132.719529    130.8732862
  129.02808432  127.47106397  126.50524437  125.54002246  124.55062773
  123.36229282  122.17471697  120.98767865  119.86427006  118.74908792
  117.63456634  119.75054906  123.41733664  127.08197254  129.09737069
  129.1671564   129.23685261  129.09290241  128.27692246  127.46469864
  126.6772418   126.49909406  126.32089169  126.14279861  126.60648608
  127.22359837  127.84058301  127.14424489  125.53558683  123.92745261
  122.67018541  122.0035392   121.33704071  120.65808126  119.9095257
  119.16132401  118.41332081  118.52953519  118.70213153  118.8746158
  119.75612847  120.91126232  122.06598894  121.06845419  117.95750632
  114.84790295  112.84632342  113.59594474  114.34516997  115.11232328
  116.12026108  117.12771392  118.13484931  120.01545764  122.04636772
  124.07632786  125.34167365  126.1688948   127.00539124  127.24385036
  126.64790187  126.05210731  125.46525283  124.91405448  124.36282807
  123.81178328  124.29824658  124.80153097  125.30473794  124.70382094
  123.7679303   122.83227505  121.95914727  121.13719113  120.31538671
  119.54210708  118.86569792  118.18954321  117.88468283  120.41113896
  122.93692487  125.45258919  127.32449502  129.12321553  130.92122129
  130.72672913  129.60229942  128.47832348  126.29104553  117.75045302
   98.48174795   77.10900807   61.31332927   50.81409611   44.3629586
   43.16046687   34.85859794   31.01707607   31.41361679   29.70281383
   29.49524932   30.74662547   32.37270432   38.77130799   41.37426791
   52.3620437    53.58623827   64.95796593   84.45137341   93.81223443
  100.54244365   99.36887831   82.91402491   68.48618679   72.28052228
   59.01584068   57.94258135   66.77164522   55.12014352   57.36470326
   65.43116072   54.97288095   55.72265806   64.19366615   62.85009784
   63.45537784   69.77172618   73.44464119   66.79125662   70.82938813
   78.95335202   80.46691633   81.845557     84.8002169    85.79459831
   86.24769014   88.7409868    91.66110765   93.62539869   95.82048427
   99.55184783   99.94690032  100.08331674  103.8933093   107.13962148
  104.77118354  104.79877681  105.06602542  111.11677665  111.9843903
  108.5446676   107.91262319  108.76967478  112.02768161  110.45353406
  109.75893932  110.65224884  114.36000822  116.17331823  113.58306685
  112.43762228  111.38509115  114.2584107   114.88675953  115.19261552
  116.20777107  118.54064945  122.14898412  122.73769424  121.38311104
  121.57721339  121.82865847  122.59788418  123.05013153  120.947145
  119.13556004  116.98799711  115.08820985  115.45823994  117.13075007
  118.80255878  120.19303118  120.18851818  120.18390675  120.17924982
  120.07530357  119.96605107  119.85694779  120.64886445  121.76856011
  122.88762958  123.24606847  122.89057863  122.53567292  122.17727282
  121.81036715  121.44368965  121.20419053  122.40152334  123.59840118
  124.79456693  124.85653063  124.74051911  124.62460088  124.02934886
  123.17266771  122.31652467  121.8448882   121.88260427  121.92016762
  121.90703216  121.70617764  121.50540291  121.30461511  120.690222
  120.07441045  119.45878263  119.0812314   118.7713914   118.46165508
  118.38484247  118.48985224  118.59487595  118.63673699  118.55883593
  118.48078822  118.49726931  119.16221091  119.82672113  120.49096872
  120.8722456   121.22554714  121.5784835   121.52273092  121.28583743
  121.04661212  120.4661383   119.51039168  118.55520475  117.1892598
  114.64472322  112.10158023  109.70881213  110.75216982  111.79480495
  112.83691785  113.68378135  114.48864612  115.29310372  116.19245906
  117.15315474  118.11314503  118.05648479  116.40928785  114.76294705
  113.3914424   113.32997009  113.268623    113.20712854  115.89301177
  118.70340361  121.51215886  122.49293588  122.82688809  123.16073872
  123.3905868   123.52669956  123.66268788  122.86013908  119.91334479
  116.96797304  114.2999682   114.51016115  114.72027579  114.93025973
  115.8827231   116.94577827  118.00811745  117.64589853  116.5276601
  115.41003113  114.87862634  115.10592721  115.3329962   115.89443636
  117.64971347  119.40392705  121.15451929  120.88830939  120.62219041
  120.35613076  119.24038095  117.89191057  116.54406308  115.79360507
  115.49920972  115.20489288  114.92116516  114.65693219  114.39290665
  114.24934854  114.89292535  115.53596441  116.17868633  116.44956389
  116.68604037  116.92243706  116.44717495  117.06068801  117.10001451
  116.55565237  116.70385444  116.47933815  115.89528991  114.40630433
  112.91814801  111.16086159  110.14246625  109.32501877  108.47063538
  109.0376508   109.67555414  110.06625908  111.37548899  112.55690178
  113.86446821  114.37466738  112.90627914  112.26752202  112.26889838
  114.59468926  116.3096363   116.28382731  116.59654819  116.89174905
  117.74203576  119.17417004  118.93543685  118.65672168  117.27472366
  116.2382168   114.72203699  114.0304127   113.11311467  111.98545539
  112.88464918  112.40304644  111.61515982  111.45404519  111.93545815
  112.54486544  114.46403904  115.40300684  116.37233998  117.34097684
  117.75552296  117.47064901  117.18590908  116.75364858  115.81109744
  114.86897618  113.92888363  113.19927466  112.46995915  111.74099211
  111.87443201  112.23669805  112.59871433  111.83840131  109.94208065
  107.81341883  106.36216093  105.47546842  104.64604346  104.46767146
  106.7777767   109.52598068  112.19090064  113.57869525  114.43049191
  114.89863248  115.97737431  116.97459994  117.3770884   118.287601
  118.96057725  119.63302469  119.89858618  119.06669077  117.88212434
  116.58263277  116.28753967  116.02091564  116.31466711  116.5401383
  116.29795596  116.05578321  116.4364627   117.19971011  117.96259354
  117.73213083  117.20622572  116.08929082  115.74942632  115.9457435
  116.23839419  117.06463886  116.22027202  115.67894418  115.98033899
  115.88823168  116.02811744  115.66622392  115.20839006  115.15297204
  115.15278592  115.61375615  114.60965217  113.25344548  111.4012343
  111.83329756  112.51822648  113.67689547  114.42026755  115.01652147
  115.72896736  114.83640666  113.38757525  111.73754536  111.28619324
  112.65399888  114.17417069  116.12194999  117.16028089  118.12008898
  117.73046987  116.64687064  115.8126495   115.35808954  115.64368869
  115.72937404  115.25784197  115.22161512  115.50167824  115.78154519
  115.41189517  113.89850775  112.38599489  110.90817724  109.63191655
  107.97456297  107.05246392  107.38283239  107.80688607  108.23065431
  109.37646846  110.81614189  112.25489713  112.96627326  112.93108171
  112.8959199   113.12977159  114.06945015  115.00842024  115.8529849
  115.20179676  114.55088348  113.28870804  113.9916892   115.31920062
  116.55234858  116.70370887  116.39567642  115.14970738  114.13802411
  113.69605607  113.17741256  112.63153522  113.28142341  113.99998889
  114.7285869   114.70947286  114.97683212  114.73701193  114.14843855
  112.75515459  111.61914525  111.71187465  112.42578038  113.5141619
  113.38726826  113.77423242  114.10639858  114.6353194   115.18740415
  113.9399173   113.08227936  113.09851668  112.40607023  113.19177017
  113.73436836  114.57616106  112.67338849  112.42275909  111.33474493
  106.48893238  105.55118386  105.49788181  106.12674808  110.32520053
  110.23119306  107.84859563  107.45642521  106.98185875  108.87158718
  109.81090965  106.59407239  103.66017331  103.64067883  103.73796574
  103.68246939  102.17749548  101.89852795  100.57559405  101.16919944
  104.70412386   97.38655909   95.1904765    90.52337748   86.97718087
   93.10200463   96.14292606   94.10391021   95.12253135   96.3825115
   97.87246986  104.84837577  108.16478985  101.23818241   95.06092678
   92.48977339   92.45136788   96.33234632  102.36326034  105.48583293
  102.83039966  106.51851801  101.97656287   99.8755357   102.82850045
   99.66686513  102.93813909  103.42784137  102.18221026  100.8116285
   99.50088594   96.6046065    95.57769089  101.79927712  103.46809425
  106.07279421  105.85734581  102.47766228   98.34962967   94.67403783
   89.36369142   85.71353803   83.47614889   86.59635056   89.73805165
   90.65564083   90.43341637   88.27595396   88.32988885   89.32981056
   91.84352561   92.21377184   84.6762171    81.55702514   77.67588152
   77.44426913   87.3894124    89.28913521   94.38483298   99.08463703
  100.52401795  104.04493719  104.13770237  105.19205644  100.70440963
   99.98044057   99.33823403   99.02617424  102.36665691  104.62170202
  105.47565022  105.33262664  104.57399125  104.64451934  100.79073684
  100.37734874  100.47096859   98.22807312  101.77124906  102.11218927
  102.13311861  104.16561984  103.44201411  104.12149465  104.84263732
  105.23950219  102.5992731   101.07060858   97.17817051   95.68509528
   95.87490786   97.8723751    99.16092152   99.77593173   97.52084771
   97.21249378   99.66391686  100.98864521  101.80477107   98.09492143
   97.01978274   96.5385187   100.83776369   97.79316635   98.09604909
   97.94486094   97.97507633  101.71991122  100.81510057  100.71660198
  100.23319094   97.47654016   96.94402867   97.19144688   98.43950605
  103.25343432  105.95029234  103.40123719  103.35867569  103.46357982
  101.74464226  101.79089572   99.93434749  100.06136595   96.65457042
   97.98928241   99.6019124   100.70400462  105.42460894  106.68708449
  105.04591159  102.49447941  101.49479072  100.14692658   99.57950253
   99.82523076  100.64054495  100.92168652   99.98072332  100.21561554
   98.3770154    98.82521057  100.2069789   100.8328705   102.03673508
  101.73896302  101.58257842  102.00866107  102.27238074  102.7852755
  103.00066773  102.43902284  101.55549358  102.26005759  102.27230257
  101.95414952  101.64704201  101.16937595  100.94090922  101.38678441
  101.72022001  101.81161777  101.57283173  102.49154     101.9411965
  100.70232023   99.12963394   97.84558782   98.61782732  100.0026158
  101.7734536   102.84491659  101.70245968  100.56355338   99.90554281
   99.80629625  100.06307794  100.43657287  100.41632649  100.55396144
   99.58548896   99.64780526   99.59156253   99.65501479  100.45515324
  101.01577696  101.96895711  102.9334741   102.78379593  103.08464511
  103.47997775  103.292685    103.43406164  103.91281276  104.42860442
  105.79874377  105.99244725  105.86483773  105.37409657  104.87408147
  104.78303122  104.49836848  104.52903329  104.41227853  104.78776313
  105.16289296  105.53014036  105.69158405  105.45647514  105.32285104
  105.44102678  105.37298967  105.26324832  104.73225889  103.95142613
  103.37582474  103.07086758  102.6889667   102.62279264  102.23109151
  102.74431185  103.2570359   103.76937374  103.45586305  103.09953119
  102.74356115  102.11870973  101.39682125  100.67531168  100.93421479
  102.03319788  102.75733159  103.68748882  104.03902751  104.62599841
  105.34927767  105.33795075  105.32674044  105.31539987  104.5081801
  103.57734845  102.64721983  101.97030043  101.43113357  100.89246982
  100.53965273   99.9399445    99.76347502   99.69371689   99.90560421
  100.55799089  100.70139487  100.66097182  100.61995539  100.57880894
  100.33065558  100.02395906   99.71745036   99.62903072   99.95154474
  100.29488379  100.42299972  100.49691296  100.85582297  101.06808101
  100.56199042   99.67663125   98.60623443   98.10139459   97.65243148
   97.10252413   97.19883258   98.31860689   99.49890674  100.33967735
  101.24928601  101.69073189  101.45428009  101.85071542  101.83842112
  101.82338986  101.74514779  101.66691307  101.58868574  101.09618715
  100.51592201   99.93588655   99.01402512   97.87200617   96.7305949
   96.46802576   97.57614257   98.26482782   98.57314154   98.30460584
   97.93277763   97.92108589   98.99035026  100.05007882  100.9747259
  100.52834157   99.69225022   98.85650733   97.27232336   94.82336404
   92.21927928   91.22083924   93.63401141   95.52993268   97.29694297
   97.72884057   98.16051568   98.59196808   99.03197424   99.47305628
   99.91391029   99.52141263   98.68796364   97.8550408    97.5363656
   97.88140931   98.22626805   98.37992764   97.85458472   97.32945578
   96.80468828   96.40546      96.00644782   95.60759275   93.84488812
   91.70994389   89.57596064   88.8757534    89.26657331   89.65718707
   90.30266082   91.41940273   92.53574219   93.40088998   92.63762074
   91.87468124   91.11207185   92.15759264   93.36713579   94.57608643
   94.94170869   94.94428512   94.94698393   95.10393181   95.42637588
   95.74864099   96.09190837   96.49379921   96.89547276   97.2557336
   96.79844444   96.34145594   95.88465642   95.13803577   94.33253131
   93.52738265   92.69506599   91.84578914   90.99689071   90.99199459
   92.26952252   93.54651801   94.66233161   95.04269106   95.42284053
   95.80277982   95.35471135   94.87451741   94.394527     94.925081
   95.80118476   96.67694769   97.16417876   97.30443913   97.44460307
   97.49067589   97.32812401   97.16562247   96.91253041   95.78365861
   94.27093553   92.7353491    91.34371557   90.2796321    89.48971556
   89.7223078    90.64031841   91.04343775   91.25385585   91.22153712
   91.18920713   91.25697525   91.66919098   92.08117603   92.48961671
   92.46675139   92.44386967   92.42097156   91.27818367   89.83994735
   88.40239812   88.23307894   88.86384392   89.18140788   90.01174959
   91.12915322   92.46919508   93.11445134   91.99375221   90.87375559
   89.75429283   89.37431023   89.05686992   88.73956207   88.45014993
   88.17245383   87.89487078   88.19450428   89.09965428   89.99678274
   90.58355455   90.33694584   90.09047312   89.80717701   88.87020786
   87.93384729   86.99809565   86.57468764   86.25151818   85.92857894
   86.39279579   87.34055327   88.28762839   89.2653715    90.28896677
   91.31182495   92.10306192   91.87613167   91.64941791   91.42282741
   91.38971669   91.36298599   91.33624055   91.4117551    91.52117159
   91.63045344   91.49820762   91.15538673   90.81277062   90.27960662
   89.33562476   88.39226721   87.53723831   87.47761286   87.41799681
   87.35836581   88.34596586   89.47236282   90.59793876   91.33018442
   91.86423965   92.39788643   92.52811893   92.16221281   91.79652946
   91.40540183   90.92891819   90.45288106   89.97788218   89.55557935
   89.13354093   88.71176708   88.38994781   88.09380477   87.79783814
   87.55210817   87.34310993   87.13422694   87.28921194   88.08480045
   88.87979039   89.65045211   90.28089463   90.91085401   91.54033001
   91.07485391   90.52461417   89.97473286   89.4320213    88.89243281
   88.35319647   87.79545422   86.74909904   86.09943846   85.85041697
   86.84486596   87.32952074   87.83488442   88.67180697   89.50809261
   90.34374101   90.76929065   91.11782396   91.46597458   91.56960584
   91.52695448   91.25746312   90.8809997    90.84104112   91.04144785
   91.10586561   90.05630188   89.0074658    87.95926532   88.08051706
   88.23343124   88.38619931   88.84006058   89.39035503   89.94021229
   89.86665341   89.26101547   88.65574308   88.3938933    88.85311365
   89.31196189   89.78036319   90.33302478   90.88524414   91.43702104
   91.11267305   90.67822178   89.69442506   89.01834188   88.47442858
   88.14674751   87.98436376   87.22712515   86.47041218   85.64585176
   84.90600118   84.49210044   84.61120945   85.33555291   86.05944611
   86.78276576   87.59947296   88.43863702   88.53707646   88.86019142
   88.82646916   88.88186465   89.9706084    90.34379426   90.71666367
   91.00042443   90.78405365   90.56780805   90.35168768   89.97883966
   89.59514635   89.2115391    88.88444757   89.4051482    89.1866064
   89.13220126   89.44889877   89.94711517   90.20057092   90.29659342
   90.39250561   90.4180718    89.31884297   88.24719254   87.48944908
   87.53311787   87.75947849   87.5652786    87.30262389   87.12960252
   87.03856539   87.10013588   87.53450921   87.19122066   87.11087484
   88.10341651   88.2644369    87.38915264   86.19487833   85.40661026
   84.40296248   85.06095244   85.18072835   85.30248673   86.90430562
   85.75187125   85.09311342   84.5105521    84.55252315   85.37703354
   84.66978597   83.72431811   82.3449748    82.0444784    81.59520177
   81.50202137   79.13555854   77.86169339   81.28517225   81.3453578
   85.59988868   86.80169362   82.15435771   79.08607956   74.90109537
   70.38880429   73.38095416   77.54455529   80.74580692   79.90990998
   77.38691228   74.76521594   72.2582659    76.53573594   79.55368645
   81.5183974    79.34526446   78.57349976   79.46258899   81.05604478
   84.83263305   79.25549504   71.25414952   65.61552732   58.66638519
   56.17056794   62.8412073    66.64467677   74.21926375   83.10620102
   83.76714949   76.9137809    73.12486143   72.51962643   66.97129527
   73.51430895   74.40787319   70.32908027   75.17580896   74.97148442
   73.06165028   75.05338893   76.96840083   76.02588831   73.49774972
   72.35521884   72.04780813   73.07486243   80.26915706   77.12936549
   76.18028306   69.01506225   70.95800857   74.51460326   74.83867647
   79.17689228   78.90807716   79.78498549   79.78535526   81.82122946
   81.93707955   81.53699943   81.31912439   80.72842502   78.18917245
   77.99480499   79.27468182   79.79348847   81.49334182   80.39256591
   78.87463426   77.22881863   71.71255258   69.74144711   69.40430879
   70.3956028    74.02119089   72.72507617   72.44362178   72.03269934
   70.16806712   71.67499377   74.26949821   76.86130074   74.63133768
   73.6182682    70.33721093   66.1934801    68.68722719   69.2706508
   73.94366512   77.32166117   76.25294737   69.94353565   66.49972821
   66.41789171   70.57625855   75.21088245   69.10450926   68.61760743
   67.46608992   68.26003744   75.14288884   73.32132396   72.10128817
   72.32752228   73.19003368   74.18734818   68.8334042    67.12020925
   67.93248169   69.74575779   72.64462639   70.77330632   65.59232157
   65.11999495   68.95858048   73.65469739   78.3578619    78.93442158
   78.31476221   76.22084436   70.97161499   65.50398795   65.99372421
   68.34354276   73.14699235   74.98907606   74.19538978   72.82177948
   70.7317305    66.33819143   61.76192337   61.43755577   62.13009689
   63.0617384    59.10577548   56.41065542   57.97220168   60.63091291
   67.36574809   68.52125272   64.94699318   62.8767143    60.45014129
   58.52420104   55.94388164   52.41763425   49.8130644    48.63214716
   50.81497093   48.54477206   52.34576833   58.46059422   60.32915149
   65.69682393   66.54839208   65.6785012    67.70799      69.64577914
   68.58612754   68.13044528   68.74965035   68.23948215   68.54614367
   62.81208553   58.74995558   56.56897876   57.74470535   64.73170642
   67.60753178   71.14913091   70.85850245   67.63123433   66.81665991
   66.87277724   68.28411568   71.74454937   71.54557585   69.22243092
   67.94792921   65.82476991   63.59808913   65.70581431   66.49515748
   70.27595568   73.76185329   74.07764056   74.67859041   73.91629012
   72.47361339   70.16406302   68.98586212   69.19373177   69.93409419
   69.38191602   68.3035451    67.46566082   64.25974961   66.09787994
   68.12944921   69.53675991   72.43118938   73.01691397   71.08902854
   70.96589684   71.75019507   71.11743423   72.34453909   71.60980964
   70.24819255   69.83938508   68.34404007   68.30231954   67.65099321
   66.16973535   67.22980475   67.54646305]
