[  12.59989085   12.74178517   12.88414678   13.0269592    13.17024218
   13.3139684    13.45816347   13.60281759   13.74794142   13.89351234
   14.039551     14.18605826   14.33303149   14.51745617   14.99457544
   15.47336008   15.95379464   16.43588513   16.91962684   17.40505187
   17.89212908   18.38088087   18.87128887   19.36339274   19.8571529
   20.35260447   20.84972364   21.34854763   21.84903243   22.3512227
   22.8550964    23.3606819    23.86793628   24.37690222   24.88757281
   24.96095687   24.81349224   24.66541514   24.5167361    24.36743665
   24.21751022   24.06695603   23.91580693   23.76402246   23.61161853
   23.4585763    23.30493731   23.15065273   22.99575422   22.84021127
   22.68406555   22.52726575   22.36985305   22.21179775   22.0531298
   21.89380344   21.8481423    22.21429737   22.58162092   22.95007818
   23.31970196   23.69049429   24.06245165   24.435559     24.80982879
   25.18528565   25.56190284   25.93968759   26.31863093   26.69877817
   27.08008126   27.46257079   27.84621869   28.23107882   28.61709394
   29.00431076   29.39269498   29.77588484   29.9419527    30.04458701
   30.14738766   30.2503871    30.35358554   30.4569832    30.56060962
   30.66441167   30.76840845   30.87260534   30.97700433   31.08163536
   31.18643405   31.29143376   31.3966347    31.50205656   31.60767667
   31.71348278   31.81949102   31.92570162   32.03215067   32.21418713
   32.55545754   32.89753613   33.24042388   33.58414239   33.92866864
   34.27326811   34.61857159   34.96467327   35.31161343   35.65931475
   36.00781712   36.3571215    36.70723902   37.05818119   37.40989764
   37.76241989   38.11574889   38.4698856    38.82487393   39.18062927
   39.53719516   39.55548338   39.52515925   39.49469652   39.46404044
   39.43322354   39.40224558   39.37057101   39.33829857   39.30585585
   39.27325347   39.24049121   39.20761191   39.17452918   39.14128591
   39.10788188   39.07431688   39.04062274   39.00674576   38.97269645
   38.93848528   38.90415242   38.88128505   38.87395174   38.86652232
   38.85899664   38.85139362   38.84369825   38.83588293   38.82797078
   38.81996167   38.81185545   38.80369411   38.79539321   38.78699477
   38.77850495   38.7699467    38.76125475   38.75246469   38.74357638
   38.73458966   38.72554416   38.71636227   38.70707947   38.84062129
   38.97739005   39.11444163   39.25171104   39.38923426   39.52701156
   39.66507093   39.80337224   39.94191351   40.08070992   40.21976175
   40.35911253   40.49867612   40.63849592   40.77857221   40.91890526
   41.05952386   41.20038671   41.34149175   41.48285461   41.62447557
   41.74007703   41.83263509   41.92533355   42.01817256   42.11116792
   42.2043176    42.29757908   42.39098164   42.48452539   42.57821048
   42.67208229   42.76605051   42.86016047   42.95441456   43.04885166
   43.14338768   43.23806596   43.33288663   43.42784984   43.52299475
   43.61787258   43.71237484   43.83296912   43.95375968   44.07478617
   44.19596301   44.31733437   44.43890042   44.5606871    44.68266425
   44.80481557   44.92716231   45.04970464   45.17244512   45.29542425
   45.41855456   45.54188118   45.6654043    45.79023411   45.91674276
   46.04343948   46.17034599   46.2974625    46.39557714   46.47707109
   46.55866926   46.64037176   46.7221908    46.80413868   46.8861547
   46.96827538   47.05050081   47.13283108   47.21531521   47.29785546
   47.38050081   47.46325133   47.54611942   47.62911751   47.71218416
   47.79535634   47.87863412   47.96205472   48.04555642   48.13523838
   48.25119749   48.36733656   48.48366824   48.60020526   48.71688532
   48.83374603   48.95081016   49.06806039   49.18546411   49.30304916
   49.42081568   49.53876386   49.65694468   49.77525676   49.89375101
   50.01242758   50.1313097    50.2503797    50.36960437   50.48901206
   50.60860292   50.74067246   50.8771806    51.01387414   51.1507435
   51.28783417   51.42516986   51.56273262   51.70048857   51.83846666
   51.97666712   52.11514031   52.25378887   52.39265777   52.53174988
   52.67107339   52.81065793   52.95042103   53.09040818   53.23061959
   53.37109048   53.51177001   53.64692315   53.76849195   53.89024214
   54.01218202   54.13434176   54.25663717   54.37911463   54.50179344
   54.62288611   54.74233029   54.86194327   54.98172518   55.10167618
   55.22185168   55.34214136   55.46268374   55.58322382   55.70387775
   55.82506347   55.94625248   56.06741613   56.18905779   56.31757833
   56.44726044   56.57712963   56.70760924   56.83799512   56.9684275
   57.09904759   57.23039544   57.36142086   57.49260606   57.62446525
   57.75611403   57.88786579   58.01980637   58.15251136   58.2848311
   58.41734016   58.5500387    58.68350636   58.81658534   58.94985428
   59.03504577   59.04596048   59.05681069   59.06762539   59.07889861
   59.08955459   59.1001457    59.11125266   59.1217136    59.13210939
   59.142527     59.15328526   59.16348492   59.17361907   59.18389045
   59.19426981   59.20420673   59.21422251   59.22446161   59.23420047
   59.24387319   59.25373985   59.32190436   59.39280155   59.46375871
   59.53515269   59.60643319   59.67719604   59.74832277   59.8194512
   59.89037761   59.96136346   60.03284571   60.10409659   60.17526137
   60.24686516   60.31835384   60.38969782   60.46110148   60.5330624
   60.60467369   60.67625693   60.74789996   60.842404     60.95836215
   61.07446992   61.19128766   61.30772534   61.42428351   61.54099178
   61.65844331   61.77545295   61.89261303   62.00995346   62.12798142
   62.2455944    62.3633583    62.48187215   62.59993909   62.7181573
   62.83661713   62.95565032   63.07432392   63.19317947   63.29921819
   63.17671116   63.0538693    62.93084235   62.80777855   62.68392868
   62.5597426    62.43548745   62.31095335   62.18575509   62.06042571
   61.9349339    61.80872031   61.68216808   61.55559808   61.42862885
   61.30105711   61.17314533   61.04532674   60.91687687   60.78794139
   60.65903732   60.71407888   60.88788008   61.06194573   61.23676731
   61.4114506    61.58631232   61.7614394    61.93741549   62.11307533
   62.28900121   62.46575154   62.64224092   62.81896764   62.99678235
   63.17589738   63.3546946    63.53376596   63.71370899   63.89333075
   64.07322737   64.25339908   64.3868368    64.27112411   64.15508754
   64.03881649   63.92263835   63.80562671   63.68831952   63.57122017
   63.45323037   63.33491429   63.21641877   63.09788926   62.97859091
   62.85896491   62.73927334   62.61931036   62.49869796   62.37795919
   62.25602804   62.13236237   62.00392168   61.87472314   62.20268652
   62.71467755   63.22809748   63.74192865   64.25690436   64.77267288
   65.2891129    65.80679849   66.3251881    66.84412482   67.36437936
   67.88486714   68.4068364    68.92919001   69.45271807   69.97704159
   70.50203012   71.02830108   71.5547783    72.08277407   72.61106846
   73.11002861   73.52474703   73.94005615   74.35636479   74.77271872
   75.19038418   75.6087136    76.02701104   76.44666645   76.86638939
   77.28726744   77.70859789   78.13052093   78.5534668    78.97643129
   79.40074673   79.82503934   80.25065421   80.67657131   81.10322951
   81.53077906   81.95847702   82.09209167   82.15927059   82.22723025
   82.29522297   82.36253723   82.43023285   82.49621853   82.56230985
   82.62865696   82.6945096    82.76103095   82.82683214   82.8934152
   82.95954061   83.02592227   83.09240997   83.15855218   83.22528974
   83.29130498   83.35810429   83.42436916   83.4855678    83.53766585
   83.58927903   83.64112401   83.69304993   83.74460375   83.79672933
   83.84810495   83.90024138   83.95181642   84.00377467   84.05566267
   84.10732907   84.15949241   84.20879915   84.25878176   84.30812437
   84.35800021   84.40765224   84.45723181   84.50723133   84.556969
   84.66821388   84.78523346   84.9016073    85.01885476   85.13556934
   85.25293073   85.37017755   85.48746193   85.60524247   85.7224489
   85.81769562   85.82033399   85.82358711   85.82638304   87.51281513
   89.23309711   90.9555639    90.97776233   90.47554773   89.97170121
   90.89552609   93.00031233   95.1092065    95.4109128    92.0431238
   88.66997025   85.68052949   85.73955914   85.79784605   85.85691105
   86.5402535    87.29731083   88.05560496   89.90373346   92.27067654
   94.64058207   95.54587602   94.73913352   93.93015179   92.67834042
   90.05749796   87.4325426    84.95444342   87.81857017   90.68786656
   93.56095023   94.53475175   95.06330244   95.59315106   93.17946053
   88.73867305   84.29082498   81.30925551   80.77230107   80.23376277
   80.34343241   83.89093392   87.44376632   91.00286193   88.13896567
   84.87396716   81.60388605   79.78204839   78.51034227   77.23584474
   77.89474683   80.43249358   82.97434144   85.62695673   88.54285477
   91.46428145   93.89266771   90.04283244   86.18607268   82.3228644
   84.24300147   87.13904473   90.03976294   92.38324002   94.41189154
   96.44461818   97.51914358   97.27855842   97.03705682   96.55045946
   95.11188158   93.67024178   92.22680456   94.56978245   96.96517499
   99.36391924  101.50748841  103.57542752  105.63831171  106.01829999
  105.03563265  104.05079988  102.48889793   99.78436545   97.0766345
   94.58158181   93.69437031   92.80585901   91.91556919   92.85322633
   93.99006064   95.12930558   95.09469713   94.51949459   93.94329181
   93.87348685   94.38201398   94.89040441   96.10452806   99.42809029
  102.75559718  105.91648347  104.09429859  102.26981232  100.44248236
   99.64474795   99.07893742   98.51137535   99.78731147  102.29891131
  104.81471993  106.60829809  107.22928749  107.85156412  108.08069689
  106.31656745  104.55307586  102.78909408  102.60871966  102.5150216
  102.4217028    98.85041453   93.98904001   89.12036042   85.97639028
   84.47284566   82.96619502   83.06272575   86.97711417   90.89762062
   94.79677622   98.378625    101.96669867  105.55942195  104.66554933
  103.05046634  101.43304112  100.90920511  100.98775775  101.06643445
  100.21711254   98.12315339   96.0265561    94.13355738   93.01753787
   91.89919069   90.77926146   93.31213854   95.87253303   98.43743561
   99.56434608  100.2781862   100.99241807  102.20690202  103.81669418
  105.42863353  105.62385387  103.0851704   100.54203754   97.96195494
   95.14147917   92.31736153   89.48821229   92.5418358    96.1994607
   99.86241717  100.82935537  100.58468427  100.34039672  100.50411802
  101.12425633  101.7450166   102.31687327  102.74554857  103.17402742
  103.49875313  101.23056635   98.95795813   96.68259742   96.22051027
   96.1516442    96.08235301   95.8077937    95.39918379   94.98915292
   96.55499253  101.24343905  105.93976293  109.91877488  110.38311559
  110.84835654  111.31357661  109.86425308  108.31821959  106.77062939
  106.30616481  106.2290643   106.15255396  105.10271122  103.14976888
  101.19400547  100.177144    101.33930977  102.50233198  103.85572942
  107.23773992  110.62509696  114.01764075  111.94680691  109.0390221
  106.12581309  103.26096373  100.41897996   97.57299821   96.65598066
   98.26342754   99.87022225  101.86414883  105.25657584  108.65431962
  112.05583272  111.7218322   111.38301447  111.04410654  112.48254993
  114.41804034  116.35676326  117.86306333  119.03796417  120.21358914
  120.78535453  120.22057829  119.6548369   119.30460254  120.38978874
  121.47610432  122.56449462  122.28946533  121.88582817  121.48070082
  121.28398659  121.17752245  121.07072991  120.23924552  118.61730354
  116.99395467  115.94716263  116.53342314  117.11994277  117.67779421
  117.60880352  117.53896799  117.46977009  117.84335356  118.30876775
  118.77565935  115.77452692  110.55682444  105.33138353  101.89859517
  101.2382556   100.57636307  100.03830559  100.07913685  100.12076893
  100.16186398  101.51804874  102.93224513  104.3479018   104.68458408
  104.64501359  104.60616551  102.79311242   99.371023     95.94497081
   93.26870603   92.28714405   91.30424507   90.35504921   89.76071382
   89.16478054   88.56108911   92.52653923   97.15941033  101.79578382
  105.37854932  108.41077121  111.44503473  114.32205235  116.99698958
  119.67370116  122.13835651  123.84995417  125.56345849  127.25305294
  123.97275146  120.68985654  117.40344616  115.02493829  112.88976112
  110.75220208  109.29767097  108.35698955  107.41589249  106.94761376
  107.34738166  107.74772709  108.43899711  110.97717042  113.5176094
  116.05971471  115.37390037  114.40300734  113.43169636  112.1199141
  110.66357191  109.20620214  110.93172275  116.04046756  121.15370712
  126.21741938  131.14015597  136.06702083  140.63278598  138.38541252
  136.1353248   133.88357851  127.54854685  120.39385488  113.2330307
  112.50496677  115.78447157  119.06669089  122.46562973  126.04044845
  129.61768424  132.75987     133.93478019  135.11115094  136.28861265
  132.43935319  128.40487316  124.3667629   122.25899367  120.80254696
  119.34451693  119.41290481  120.8315373   122.25179413  124.75734276
  129.63917598  134.52574776  139.15373039  141.32031192  143.48945745
  145.66009272  147.22363259  148.7034785   150.18509196  149.45414945
  147.59276916  145.7304012   144.39515106  143.71760819  143.0401933
  142.16334637  140.61315183  139.06259772  137.53722916  138.48292482
  139.42878492  140.37603316  141.93601634  143.65595195  145.37807228
  143.86748619  139.97893021  136.08800119  132.95852022  131.19144372
  129.42224279  128.18380284  130.15308829  132.123554    134.09635884
  131.38744101  128.29621267  125.2029702   125.93337913  128.245038
  130.55762069  133.93088751  138.40559057  142.88029     145.64293121
  143.84966263  142.0545897   140.47603673  142.53257328  144.59157899
  146.65104133  147.98358168  149.1772874   150.37137064  145.20688767
  136.17751249  127.14061287  121.23801852  119.94212319  118.64588139
  118.11485869  120.89763532  123.68250678  126.46911389  131.96087624
  137.53769609  143.11857293  146.83882828  149.95165471  153.06679159
  149.74328347  140.85075637  131.95100462  124.21590571  118.97396783
  113.72754671  109.95964679  119.21515954  128.47757346  137.74717558
  139.49508551  140.26600496  141.03739273  139.05897769  135.71195695
  132.36192205  125.60928413  114.70791168  103.79745251   96.58414861
  101.52566826  106.4698735   111.51895364  122.59445641  133.67851648
  144.7702127   144.95447043  142.39738428  139.83792018  134.8206709
  128.03908782  121.25204866  114.62004717  108.25896002  101.89385653
   97.90938225  107.64752831  117.39318769  127.14540053  136.8483647
  146.55469561  156.26731343  154.72002327  148.65266959  142.58079525
  139.99697072  140.95253613  141.90948611  142.85391944  143.76621287
  144.67975979  145.25977082  140.81781775  136.37321504  131.92527966
  128.16506179  124.52855462  120.89007089  123.64711263  130.19811918
  136.7543481   142.74096125  147.90882893  153.08097465  158.33676013
  163.92688383  169.52059888  175.11918738  178.49226724  181.81388074
  185.13864784  183.49084333  180.26471972  177.03687692  171.91972634
  165.20891858  158.49198758  153.65828763  152.73596579  151.8128322
  150.38551611  144.79781077  139.20619165  133.61101532  126.11560855
  118.38373963  110.64538386  111.79109808  117.24155135  122.6957859
  131.02623114  142.78011699  154.54248764  163.82421556  165.20348066
  166.58409173  168.02133839  171.88006114  175.74084168  179.60420417
  179.18269941  177.72205997  176.26048516  172.08013339  165.9906089
  159.89710589  156.77439177  158.69816451  160.62265746  161.80076345
  158.86202891  155.9204684   152.97690713  150.52418283  148.10229092
  145.67899904  141.63911439  136.96524834  132.28909397  128.98742182
  127.04930517  125.10922644  121.53416746  113.86433594  106.18990972
   98.9803542    98.19379907   97.40613589   96.61863744  100.95287084
  106.18778404  111.42609891  119.79737195  129.98326069  140.17600258
  148.72002214  154.95110467  161.18596916  166.83114631  170.09367677
  173.35900726  176.62576608  178.12926599  179.60280518  181.07647516
  181.86912971  182.4532926   183.03691281  181.62983441  178.57878223
  175.52584659  173.31546705  172.81452603  172.31379333  172.48313345
  177.88647148  183.29419343  188.70492387  188.34080563  187.30953295
  186.27665025  185.27644432  184.28947176  183.30238728  180.62262822
  175.97595137  171.32622288  168.70069137  172.31351542  175.92910794
  179.33066897  175.30585117  171.27698271  167.24571671  166.14811817
  165.73453665  165.32100878  162.48020821  157.97846843  153.47350358
  146.91624495  136.96566105  127.00689047  119.08993146  121.95885442
  124.83013999  127.70380905  137.60278127  147.93867609  158.28226167
  164.00596721  167.98127868  171.95934711  175.55257069  178.77098531
  181.99213684  184.88670208  186.97945421  189.07435987  190.8023286
  187.90106026  184.99838276  182.09341661  187.04703467  193.31900736
  199.59591891  204.71032906  209.16976962  213.63312402  215.60851195
  214.17944022  212.7502232   211.05947816  208.35977363  205.6597121
  202.95659617  199.77581473  196.58603588  193.39462     193.63509623
  194.89448394  196.15558317  193.53014788  187.77107791  182.00928392
  173.12211581  158.08259235  143.03140537  127.88498286  112.10268835
   96.30854615   80.50345347   80.29908026   81.78197984   83.26634728
   95.97707291  113.8539831   131.74287114  146.45463391  157.55127207
  168.65515977  177.48601093  179.51136942  181.53750989  183.63732538
  187.7764897   191.90526309  196.02947663  198.2077299   199.94799192
  201.6868366   202.96978305  203.94750725  204.92409011  204.94421664
  203.41757042  201.88862667  200.33069572  198.62172049  196.91203237
  195.20216364  183.70959951  171.67818208  159.64149956  147.16914357
  134.53241972  121.89009381  108.27598046   93.74375903   79.20424362
   71.37077896   79.44145037   87.51615386   96.24003046  112.43072106
  128.62950049  144.83528828  157.74841996  170.14091943  182.53963084
  192.58913763  201.34792404  210.11083558  215.25219905  215.55114467
  215.84970349  216.87259432  220.59965385  224.32765065  228.0543375
  231.40337892  234.75334405  238.10475489  241.31566579  244.48956061
  247.66482183  248.09791625  246.37717152  244.65468714  243.39369209
  243.01938398  242.6440285   243.05322326  248.93201444  254.81265078
  260.69518598  256.79868269  251.9130601   247.02432445  245.59742557
  245.71505029  245.83463298  248.6665718   254.50757596  260.35305918
  264.95069476  265.93063449  266.91284958  267.87982724  268.46482622
  269.05152676  269.63781773  271.36585364  273.3421184   275.31845737
  275.60325431  274.78666562  273.96915478  273.30435405  272.8838295
  272.46277273  272.47901788  274.62469432  276.76909668  278.91656381
  269.32066793  259.15110506  248.97902001  247.85477975  249.963521
  252.07451225  258.18822556  268.0008917   277.81889974  284.45363089
  283.74988275  283.04701031  281.91801379  276.24438082  270.5699448
  264.89272842  258.41747363  251.82083737  245.21941014  250.60101132
  262.40335385  274.20868645  280.00088521  277.94620657  275.88877153
  273.20676166  268.26668397  263.32290582  258.37805886  258.4982473
  258.61898803  258.74107877  260.05083191  261.69018708  263.33175495
  260.65981406  254.66937136  248.67808779  246.02362032  249.61642413
  253.21258089  256.3765574   256.68197313  256.98759484  257.29159791
  255.73177936  253.99593496  252.25783368  247.82515916  242.21753541
  236.60696901  234.79816319  237.1094611   239.42076736  242.81358795
  249.2354166   255.65852784  261.6581807   258.71101292  255.76075353
  252.81115324  256.44993787  261.45704474  266.46635444  266.78369694
  264.11849981  261.45246096  257.75698015  252.4823664   247.20599868
  241.23859395  232.07137432  222.901412    213.73044031  201.38996756
  188.9108941   176.4250235   174.39212843  175.98275631  177.57284568
  186.09143471  200.86831947  215.65338915  226.9974074   230.60855105
  234.22259992  237.83704283  241.43637231  245.03827807  248.64231221
  253.66419878  258.89334826  264.12508441  264.38320417  262.04329064
  259.70195261  258.18444605  257.71990687  257.25502242  257.45957942
  260.00854702  262.55867103  265.08659334  263.89422867  262.69951865
  261.50568824  259.72329074  257.78069156  255.83819755  254.17643202
  252.72354514  251.27056858  253.13133173  261.03526031  268.94296669
  276.29844674  280.15046235  284.0060875   287.86335313  280.94160078
  273.07956242  265.21385874  263.03958189  263.29496148  263.54869055
  265.19356332  268.31258405  271.43196738  273.27302564  271.62154024
  269.96755321  268.27726631  265.9224249   263.5648702   261.20597475
  262.52362506  264.57255397  266.62452526  270.37694529  275.1854419
  279.9990256   283.93182045  286.53893865  289.1499351   290.76576376
  287.92542156  285.08550052  282.24202694  280.87279523  279.55555363
  278.23598567  271.83712044  263.72830571  255.61311645  252.89280684
  254.93483683  256.97722152  259.0963703   261.38313786  263.6694511
  265.94744832  268.11794688  270.28765501  272.46083296  274.86301969
  277.29558815  279.73184671  279.66206083  278.31770915  276.97300176
  277.18144779  279.32665524  281.47071069  283.67613639  286.13651998
  288.59915984  290.95638747  284.03565995  277.11245584  270.1836981
  266.74845453  264.21788306  261.68389222  261.68196659  263.53672601
  265.39031489  268.2405146   272.85825142  277.47615406  281.96452455
  285.64968675  289.33737568  293.02773383  294.17559834  295.12029319
  296.06649074  293.4242461   289.30464035  285.18403193  284.26827369
  286.67573524  289.084408    292.5148326   298.65630677  303.20239293
  308.33340792  298.80503566  289.58543175  280.96226968  266.25506082
  251.60116402  237.152176    241.63942367  258.20023081  274.68363673
  284.56111365  287.71023168  289.33680696  291.42909831  288.29040688
  284.2385652   280.86525049  282.75125882  282.21992047  282.77990797
  286.15680248  291.76923232  297.15254522  301.46216949  306.68648005
  308.94109422  307.24951998  300.21847035  294.44335628  289.29272424
  286.53425635  284.83351039  282.67212619  284.86088994  289.79214189
  292.34136922  293.98780876  295.18384433  296.38263857  294.7225924
  289.58527408  284.44833773  281.71401684  284.92005493  288.11654969
  292.73037758  299.68978463  307.1065719   314.75649927  310.95384521
  304.46336096  299.7724445   291.74857639  282.30099312  270.85160854
  264.6491535   265.55205291  267.85643664  272.2677389   282.08606776
  294.3362803   304.30036632  303.91881684  302.65892375  299.27175694
  297.28405407  294.92516034  294.64589045  294.12861699  291.01487062
  287.90158064  282.76003692  274.23282065  266.67811784  260.17833513
  265.95790629  270.79400866  275.63149451  277.06746473  277.88551861
  278.70166381  272.988281    263.4140548   253.83392312  246.04071454
  240.80258079  235.56053418  232.10536165  236.05819118  240.01097175
  243.96081133  240.1607213   236.18092681  232.2012435   234.78385894
  239.43590285  244.0878684   250.6199545   258.73508161  266.85008346
  276.47124978  289.20377843  301.93611475  313.49987339  315.46917058
  317.43840868  319.41000805  312.13389989  303.73131461  295.32881706
  284.04066198  271.35835001  258.67774787  257.70181327  270.62981342
  283.55758588  293.80559855  295.57912787  297.35390655  299.05220082
  297.5224964   295.99278658  294.46307182  280.23924567  262.95917245
  245.67986861  230.03041083  215.52045939  201.01074861  197.73146158
  213.444828    229.15920294  244.471473    257.59211342  270.73451761
  283.87884953  288.25251823  292.0418194   295.82933167  291.82688193
  284.7953266   277.76269822  279.36155409  289.49558061  299.62881491
  307.30026014  308.81579476  310.33151446  311.99742099  315.70237226
  319.40607468  323.10989618  327.78319563  332.62621447  337.46989508
  335.54730805  329.72044766  323.89175994  319.62780612  317.55118526
  315.47422868  312.88137807  308.22502081  303.5665707   298.90742039
  298.91963989  299.01206055  299.10506409  304.09463074  310.57898679
  317.06422141  311.89222065  297.13366131  282.37310744  271.23895823
  267.41060782  263.58169031  261.44875218  272.44126171  283.43526836
  294.4331596   296.30035044  297.12276836  297.94526465  298.67086314
  299.35091589  300.03102661  302.83474856  308.09692661  313.35978827
  316.22587774  311.736015    307.24550379  302.81965369  300.52157834
  298.2231559   295.92438713  293.33575027  290.6783088   288.0209302
  290.7060241   297.03934282  303.37335607  309.61406831  315.70023011
  321.78876066  325.43902866  316.31850853  307.19691437  298.07424917
  303.5827658   309.97483989  316.36790586  319.55830615  321.54050636
  323.52289173  323.46082746  321.42564795  319.39150512  318.43877908
  320.11770379  321.79677755  323.23905839  321.73840209  320.23990782
  318.73870326  316.05765648  313.17999076  310.30197442  309.92927062
  310.96742912  312.00311704  316.11642595  324.42797258  332.74037856
  337.35490962  327.70309047  318.04769138  308.39108741  314.57449629
  320.9396575   327.30545843  331.36956575  334.75031515  338.1307
  338.63563875  336.82878658  335.02170578  331.14637179  323.20230194
  315.2561356   308.03289485  306.0983795   304.16362828  302.22951651
  301.78308627  301.49433364  301.20551649  304.10950428  308.47498765
  312.84020502  316.07427785  318.02270188  319.97127203  320.94645172
  319.02752508  317.10838341  315.50414444  322.62854291  329.75356233
  336.87920034  342.20466369  347.12825597  352.05518343  352.72166145
  350.55209207  348.38228559  342.91792844  332.14726038  321.37785657
  314.23231596  325.32077742  336.41019325  347.50055977  348.06674154
  348.06424479  348.06446378  343.91823928  338.25100168  332.58322743
  330.88034093  332.92062313  334.96314194  336.23161461  335.67234965
  335.11299785  334.94866824  339.30274979  343.65874618  348.01482582
  349.59858389  348.04285688  342.02749517  342.16035666  345.75338207
  349.97635286  357.29662396  357.77578817  357.26910013  359.87122074
  359.51694651  359.287241    359.36795844  350.76745368  343.85621146
  339.14398104  332.43031089  334.44934366  332.98284842  334.09059093
  340.50027982  341.02932854  342.8805384   341.76873252  337.19780228
  336.47615261  331.35140893  324.85497132  320.39118753  317.14027068
  312.33655564  307.69432062  308.15593427  310.81169461  312.5634091
  314.32736736  315.096357    315.75988575  319.0553775   328.53458334
  337.73505687  346.51838213  345.22372082  343.35572471  341.533346
  341.5881621   341.79739729  342.00570672  340.32216939  338.51726385
  335.464034    332.42995509  329.83484339  327.23966968  325.3167642
  326.62084416  327.92496816  329.22913576  330.41324124  331.59167566
  332.77296991  338.44531547  345.71766681  352.99041991  356.13867321
  355.48422159  354.83255657  352.88639049  347.97068027  343.05463899
  338.99328317  344.02034919  349.0487993   354.08056802  352.93832028
  350.86421427  348.78992805  349.21176415  350.96797246  352.72681545
  353.78810975  353.94373133  354.09932253  352.84923277  346.54681176
  340.24582821  333.94564318  331.92354923  329.90128621  327.87885482
  329.02742712  331.05441167  333.08178881  336.78870457  341.78387334
  346.77931823  349.16219854  346.67237483  344.18382061  341.81149795
  340.22023923  338.62884304  337.03730994  337.81664654  338.81973174
  339.82008426  340.4688716   340.96519563  341.46151029  341.75025951
  341.81739707  341.88156126  342.78922947  346.05833259  349.32758815
  352.64590834  356.98080713  361.31318794  365.64562431  363.91785973
  360.93874469  357.95941757  357.19663591  357.83791141  358.47841167
  358.9128188   359.0343813   359.15717534  359.55056081  361.18795683
  362.82404538  364.46022358  363.67357503  362.78731256  361.90203168
  360.66928411  359.31413054  357.95882634  357.959516    359.18117862
  360.40336355  360.64737844  358.69681825  356.74606279  354.7652937
  352.48966511  350.21381813  347.94077391  346.13745004  346.20193346
  343.44820473  344.23506255  345.19917563  346.99838125  343.72339282
  336.73055936  331.97536462  326.71831787  327.83450322  329.26833305
  328.47576967  334.55140807  341.50235465  346.9023162   347.84914118
  346.58294404  343.53221546  345.40051097  348.79226207  352.88829517
  355.80719854  358.97998721  362.61205222  364.11679461  359.17521546
  352.23085878  345.28049259  336.65194909  327.87747718  319.10537985
  319.49623523  323.74999455  328.00360516  333.03490911  338.14411368
  341.07439811  343.54268331  344.52274102  346.16275972  349.40817222
  349.65139503  346.91782967  343.73426931  342.42551233  341.01092131
  339.5991838   341.02813116  344.21569582  347.40087094  348.77452389
  345.52942291  345.15668442  344.89208896  344.10611067  343.31907459
  342.53113844  343.9402016   345.42608007  346.91181957  347.27660392
  345.67456454  347.25161051  344.53693703  339.34003252  333.03944957
  330.55049636  328.01469096  326.87473852  327.9261558   329.77188086
  331.61699966  333.45987778  331.07539703  329.30513189  328.33982952
  331.43400716  335.61378254  339.1341036   340.90908204  340.51910785
  339.75264847  338.62909536  346.09927909  352.32853392  357.88877429
  359.49751879  361.10304719  362.7112928   363.03109513  363.0182448
  363.00534612  359.84910374  354.39580723  348.94461891  343.59764306
  338.43525247  333.27319038  329.44540734  333.61043231  337.77510631
  341.93942767  343.2021804   344.22787747  345.25249085  346.91581755
  348.84078717  350.76549941  351.84825341  352.06052582  352.27509179
  352.71697592  353.75915724  354.80117498  355.87729628  357.56648648
  359.25543957  360.94415487  361.6951263   362.26652565  362.83813059
  360.86572252  357.35673486  353.84809602  351.59636933  351.17777672
  350.76219168  350.95543186  353.75750494  356.55920734  359.35778185
  353.75509956  347.91179     342.06911067  338.84506366  336.47035584
  334.0949874   336.17535994  342.08411125  347.99212023  352.55777567
  354.27602188  355.99720617  357.91309268  361.51941295  365.12525313
  368.72843856  370.27942577  371.56782061  372.85600897  372.09012642
  370.30791553  368.5235303   366.166299    363.11086837  360.05576005
  357.22417747  355.1264047   353.03493507  350.98191073  351.02616005
  351.07035754  351.11306339  355.75259967  361.53758463  367.32219552
  371.808251    375.36766528  378.92336546  379.00527999  373.07498177
  367.1449721   362.38091735  364.2697477   366.16023796  368.0505655
  367.56701782  366.91048857  366.25059237  364.09406257  361.33949902
  358.58505052  358.04417853  359.73415723  361.42561447  363.0875564
  364.67195654  366.25620652  367.88039825  370.10715626  372.33625596
  374.56516179  376.27811443  377.89721506  379.51266526  376.21530559
  370.01984523  363.82473419  359.88165725  359.15119838  358.42107289
  357.97516518  358.69801514  359.42076566  360.14325018  357.72618224
  355.24164377  352.75722276  353.47582958  355.20143012  356.92405507
  357.17632198  356.20130391  355.22637567  353.51490221  350.28275599
  347.05008369  344.28761343  345.33672207  346.38562834  347.43433182
  348.20813665  348.95217995  349.69606393  347.58924002  344.11006959
  340.62930559  338.16561545  336.90612131  335.64676595  332.42048156
  322.98733918  313.55354167  304.14129941  295.46381783  286.78759772
  278.11264253  264.30493622  249.26902946  234.23548629  237.5369325
  253.62142872  269.70230583  283.85265224  294.74806139  305.64176023
  314.47864083  312.09624173  309.7112646   307.3285028   309.63533699
  312.25181817  314.86780687  319.86198334  325.77875811  331.69521934
  336.97231244  341.6194788   346.26498062  348.92430099  346.64582685
  344.36769685  341.97734911  338.07660105  334.17333829  330.27388698
  329.15620947  328.52108666  327.88525456  327.31587546  326.78790586
  326.25998113  331.41477006  344.4851372   357.54976539  368.27296656
  369.665672    371.05807522  372.45017563  368.49662395  364.45458297
  360.41477887  358.75028074  357.80992901  356.86952431  358.0967734
  361.10850949  364.11964799  363.67308588  356.27230575  348.87000187
  342.56078917  344.64700501  346.73278918  348.81814084  352.99585566
  357.41392361  361.83346536  354.32616803  341.23051653  328.13676297
  320.16148722  318.11094776  316.06066793  316.02648246  322.15225222
  318.48093178  290.70788787  266.85166316  241.94379157  230.58056002
  248.19488964  261.54134186  278.61735793  281.9544981   284.47169268
  287.47239444  298.560816    313.90714939  320.68413023  323.81400575
  308.72532509  295.43536084  290.27576451  284.20470708  303.53364914
  302.5513654   312.46343605  324.77412144  312.53577089  326.1760675
  329.94441673  319.88633666  332.90307956  336.66428575  325.91151787
  335.38243971  337.09548856  326.88867014  327.56910084  324.91683235
  315.0833494   305.26924014  315.44885458  326.88514568  337.78635717
  346.76044016  347.96331534  347.93049216  346.81508259  339.60188983
  333.77456417  328.12753063  331.79382093  336.17763393  334.56615682
  337.54430518  340.99462226  347.48469382  351.72657041  354.09557622
  352.20553201  350.92747496  341.96787551  331.79411652  328.67999206
  323.58616392  319.95829813  312.71408991  308.42606007  306.58067443
  302.70210427  311.36517572  323.96397443  333.94245405  336.14563823
  334.97359235  333.665696    332.38465942  332.95323414  335.01116103
  336.95501392  341.65510384  346.2976348   347.83777614  345.30397331
  339.65772035  334.01344947  330.1427388   327.44880219  324.75528622
  321.83043311  318.52650719  315.22597498  310.83142524  316.69017582
  323.77016788  327.84562203  324.55493449  320.90724727  315.14482776
  309.78642575  306.25840679  302.48862625  301.95495114  304.5015271
  306.36492094  307.98333581  308.77300488  310.92810122  312.47453672
  316.66400053  320.53519943  320.28252677  321.72976697  322.55008374
  326.65548378  327.99924125  330.0096793   332.22134927  335.59592213
  337.83970341  342.35857111  344.5752206   339.62823063  338.11437505
  332.64317472  325.93209603  319.54858041  311.15738612  304.0855671
  300.49350987  296.0753083   304.86439962  324.82082542  340.27208602
  349.93714061  348.5667982   344.47228941  340.33612738  332.36792546
  326.24330406  321.03345214  327.529363    333.12405288  337.84302836
  342.41472832  346.92023254  347.38293849  350.04469022  351.6327323
  354.23459148  357.45358788  357.33680491  356.31763801  354.31693216
  346.51614162  338.09705663  329.92615812  329.46192518  330.90096898
  333.03228892  334.09151291  335.7251433   336.30284835  336.23092857
  335.86166766  333.88603944  334.30167264  330.3877176   328.31174308
  326.32740255  321.0586666   315.87232724  309.23639493  311.53892647
  317.00852301  322.47561217  327.27137233  331.4496423   335.62596703
  339.04674054  340.7401394   342.43239852  344.20497567  346.83133054
  349.45652667  352.08022404  349.37954286  345.88092994  340.91974575
  335.940702    327.93060609  319.92393076  318.25840353  324.81610438
  331.37103886  336.53265971  336.70565515  336.87847237  337.0471668
  332.86786378  328.68984502  324.51345849  324.30221437  325.18465884
  326.06633475  329.16603903  333.96116113  338.75438245  341.32655613
  345.40368893  348.02004572  350.10436914  348.70511402  347.30634806
  345.90830424  338.98108709  331.54361398  324.10916729  320.45026234
  318.18206322  314.547332    313.46474181  313.56466821  312.95778905
  314.9166279   317.75463398  321.07879185  324.47097364  326.82797606
  327.56043     330.11500226  326.90550045  322.65320579  318.03071543
  314.23588291  308.97362104  301.32045185  298.33630554  294.62900868
  296.46229597  289.80166559  287.79553701  287.01697076  277.18301487
  285.45895432  289.00828396  289.91534688  294.0648375   287.79660867
  275.69313963  263.31346287  262.90824936  271.1802494   288.53987159
  297.50875108  301.8827687   292.48085991  288.46411026  298.35237212
  293.84215525  296.97521224  275.42140581  266.78737817  258.23916493
  241.04962771  235.63174135  230.24752478  238.39769703  245.51462343
  255.32291339  260.59588792  263.06127211  267.9429416   281.6726299
  294.89200424  308.42419671  312.00204324  314.76245861  315.57743057
  300.12152579  283.86421329  264.63775215  254.52684994  267.39176928
  273.45833884  278.31667785  279.52696893  277.88357306  274.46516931
  275.42526076  281.21882293  283.91782362  277.35325959  276.20588971
  267.14898434  268.21647877  280.74781302  281.96186889  295.31827361
  299.01124609  305.24620615  296.6335879   284.6808909   282.99123777
  281.52208956  283.51658375  283.01315608  273.29249014  272.47815245
  277.97658784  276.31976614  274.38182863  284.23504215  295.17513725
  303.68535144  311.54804229  304.36842392  290.22703731  292.73498883
  289.12886346  283.28068477  289.76151427  294.99796531  304.04212677
  312.3188189   306.49579443  298.8464533   290.70885627  282.17144762
  276.35841832  263.08474525  271.25743863  282.55545273  291.34603412
  295.05018334  296.82032433  296.73961388  300.2676681   306.43123637
  308.15478865  301.90308685  302.37650538  306.13843622  313.27190891
  319.65974047  316.94598503  314.27897894  309.46332302  309.95779397
  313.65732179  308.77138963  301.65868968  292.79746139  292.93060176
  297.17836896  303.53251625  307.15274627  308.98964621  307.75692933
  308.68615709  316.52491585  320.75382811  329.75448156  323.25134938
  315.43563084  312.04297089  302.46325353  292.98699845  283.86961718
  277.07811691  275.70724707  271.78983788  268.52898455  267.4199399
  265.25511286  264.21456685  272.97440324  281.66799637  290.63432692
  295.60035113  299.04277235  300.10501097  305.67789874  311.56610575
  317.08360802  319.15248006  313.32039357  307.81515818  304.1421667
  307.05066951  308.1116214   310.31697586  318.19198922  325.25550202
  334.40416526  338.10368996  339.46712079  340.22244175  338.41026291
  335.7665936   332.76645745  328.07854959  318.65702599  310.80514221
  304.48150696  306.04405769  307.75892511  305.94479107  309.52506162
  314.62722283  320.55856498  325.64362717  329.04622728  332.83119403
  334.7817217   335.66013045  337.33639652  337.26964707  337.87832361
  338.48627437  339.0194229   335.64006406  332.26287457  328.88709722
  326.71591068  324.8443206   322.97404629  323.02953417  324.45413876
  325.87787725  325.14879298  320.70569241  316.2650114   311.33131408
  303.5925477   295.85786526  288.12750229  287.68080449  287.76111271
  287.84112585  294.83994318  304.58319647  314.32057668  320.48581936
  323.05574016  325.62442062  326.27441319  322.02877337  317.78547469
  313.68555123  311.64998032  309.61547916  307.58206658  310.51384358
  314.3398561   318.16352954  317.94255308  315.34333576  312.74524736
  312.0695402   314.12745071  316.18408294  318.81775747  323.82518679
  328.82982314  333.83130717  336.19524257  338.49938784  340.80239691
  340.06035757  338.36575808  336.67203232  333.37638408  328.73883185
  324.10389429  320.192836    317.76680684  315.34227903  312.85703183
  309.87206949  306.88901383  303.90730838  301.08543358  298.28422271
  295.48467107  300.79977936  310.01033332  319.2154825   324.27793378
  324.45322757  324.62829652  324.26670997  322.217061    320.176847
  318.19884487  317.75135798  317.30373384  316.85638427  318.02111452
  319.57123052  321.12102586  319.37190357  315.33113723  311.2916867
  308.13357429  306.4590347   304.78486621  303.07939717  301.19911061
  299.31971295  297.44081384  297.73273117  298.16627359  298.59953448
  300.81379418  303.71535924  306.61590137  304.11020735  296.29585961
  288.48488911  283.45714863  285.34011228  287.22208097  289.14908296
  291.68090823  294.21151536  296.74132507  301.46519963  306.56661509
  311.66564443  314.84404933  316.92193492  319.02311897  319.62210121
  318.12514628  316.62857801  315.15446621  313.76991856  312.38530041
  311.00113849  312.22307905  313.48727228  314.75127102  313.24183578
  310.89098479  308.54072504  306.34752722  304.28286676  302.21858737
  300.27619676  298.57713377  296.87870992  296.11293528  302.45910616
  308.80359351  315.12265658  319.82467145  324.34285307  328.85923934
  328.37069714  325.5462574   322.7229575   317.22876369  295.77576524
  247.37496642  193.68907112  154.01211987  127.63923855  111.43471376
  108.41419111   87.56083918   77.91137252   78.90743779   74.61009503
   74.08871657   77.23203134   81.31655674   97.38912247  103.92746219
  131.5275071   134.60254482  163.16703325  212.13225898  235.64567877
  252.5512      249.60333715  208.27061415  172.02952335  181.56046318
  148.24108945  145.5451839   167.72278963  138.45554062  144.09361976
  164.35564481  138.08563376  139.9689887   161.247199    157.87230798
  159.39270259  175.2586523   184.48459766  167.77205125  177.915379
  198.32185366  202.1237553   205.58674411  213.00851423  215.50628739
  216.64440262  222.90728066  230.2422926   235.17636862  240.6901743
  250.06293581  251.05526278  251.39792535  260.96819396  269.12256148
  263.17331436  263.24262551  263.91392366  279.11272357  281.29207053
  272.65187776  271.06425398  273.21707025  281.40081339  277.44673351
  275.7019904   277.94588248  287.25935295  291.81418176  285.30776446
  282.4305378   279.78669914  287.00415153  288.58249242  289.35076792
  291.90072339  297.76064894  306.82437583  308.3031488   304.90058963
  305.3881527   306.01975419  307.9519618   309.08795579  303.80549245
  299.25499676  293.8605626   289.08851274  290.01798631  294.21914182
  298.41853544  301.91124418  301.89990804  301.88832466  301.87662698
  301.61552581  301.34109593  301.06704088  303.05624558  305.86879393
  308.67976935  309.58012712  308.68717703  307.79569419  306.89543384
  305.97380846  305.05275622  304.45116163  307.45872568  310.46514688
  313.46977941  313.62542517  313.33401741  313.04284398  311.54763851
  309.39575276  307.24521867  306.06052141  306.1552599   306.24961476
  306.21662     305.71209625  305.20777292  304.70341677  303.16013106
  301.61328239  300.06689521  299.11852939  298.3402465   297.56222404
  297.36927949  297.63305211  297.89685974  298.00200993  297.80633132
  297.61028432  297.65168296  299.32194073  300.99111494  302.65962946
  303.61735367  304.50480701  305.39134307  305.25129891  304.65624937
  304.05534256  302.59725825  300.19653127  297.7972102   294.36611161
  287.9745247   281.58643833  275.57607661  278.19687263  280.81585366
  283.43352293  285.56074786  287.58247675  289.60318287  291.86226135
  294.2754198   296.68680638  296.54448229  292.40691065  288.27148954
  284.82642561  284.67201414  284.51791723  284.36345013  291.11008377
  298.16946889  305.2247431   307.68834358  308.52719362  309.3657885
  309.94314076  310.28504056  310.62662777  308.61071633  301.20870373
  293.81026441  287.10853925  287.63652006  288.16430416  288.69175999
  291.0842398   293.75451367  296.42298903  295.51313625  292.7042483
  289.89689125  288.56206277  289.13301674  289.70338826  291.11366218
  295.52271893  299.92910422  304.32639313  303.65770409  302.98924343
  302.3209318   299.51829499  296.13109054  292.74545072  290.86038542
  290.12089774  289.38160727  288.66891547  288.00519224  287.34199007
  286.9813884   288.59798026  290.21322136  291.82766583  292.50807948
  293.10208154  293.69588318  292.50207874  294.04315387  294.14193758
  292.77456171  293.14682846  292.58286904  291.1158062   287.37564351
  283.63756385  279.22345993  276.66536651  274.61203127  272.46591722
  273.89019557  275.49253631  276.47394274  279.76257959  282.73015435
  286.01461273  287.29617511  283.6077506   282.00326525  282.00672252
  287.84884508  292.15659727  292.09176801  292.87728736  293.6187984
  295.75462204  299.3519807   298.75231005  298.0522092   294.58078713
  291.97719961  288.16872812  286.43144645  284.12729795  281.29474593
  283.5534186   282.34368721  280.3646055   279.95990385  281.16915854
  282.69992044  287.52066656  289.87924704  292.31410181  294.74720759
  295.78850035  295.07292936  294.35769498  293.2719057   290.90432428
  288.53782268  286.17641694  284.34372206  282.51176434  280.68068193
  281.01586779  281.92583895  282.83518273  280.92536277  276.16202064
  270.8150639   267.16966887  264.94239799  262.85897668  262.41092646
  268.21364847  275.11682476  281.81080106  285.2967835   287.43639998
  288.61231591  291.32199289  293.82691041  294.83791572  297.12501997
  298.81545987  300.50457147  301.17163179  299.08200498  296.10650865
  292.8423334   292.10109304  291.43136376  292.16923411  292.73559213
  292.12725759  291.51894715  292.47517078  294.39236159  296.30863813
  295.72974199  294.40872807  291.60311446  290.74941343  291.24253989
  291.97764518  294.05307796  291.93212435  290.5723703   291.32943983
  291.09807673  291.44945386  290.54041845  289.39039178  289.251188
  289.2507205   290.40862538  287.8864302   284.47979303  279.82724889
  280.91254274  282.63300639  285.5434513   287.41071754  288.90843968
  290.69802285  288.45601172  284.81671178  280.67202407  279.53827882
  282.97405125  286.79255018  291.68515059  294.29331988  296.70424881
  295.72556985  293.00369163  290.90822287  289.76641988  290.48381251
  290.69904439  289.51460938  289.42361164  290.1270984   290.83009238
  289.90157352  286.10011619  282.30085565  278.58874555  275.38292364
  271.21983966  268.90363157  269.73347966  270.79865434  271.86311203
  274.74126705  278.35756322  281.97155297  283.75844901  283.67005183
  283.58172938  284.16913825  286.52950408  288.88809032  291.00954083
  289.37383016  287.73880992  284.56836858  286.3341774   289.66873533
  292.76626296  293.1464628   292.3727203   289.24298757  286.70175409
  285.59158057  284.28880697  282.91762508  284.55007041  286.35502528
  288.18518074  288.13716844  288.80874453  288.20634346  286.72791396
  283.22814291  280.37461646  280.60754218  282.4007923   285.13468306
  284.81594065  285.78795067  286.62231434  287.95090337  289.33767757
  286.20413226  284.04984316  284.09062948  282.35128262  284.32487165
  285.68781668  287.80230434  283.02275573  282.39320314  279.66023515
  267.48810435  265.13258658  264.99869786  266.57833852  277.12437426
  276.88823818  270.90342403  269.91833647  268.72627941  273.47306262
  275.83253398  267.75220412  260.38258282  260.3336149   260.57798857
  260.43858805  256.65826449  255.95752976  252.63447004  254.12553935
  263.00486806  244.62397639  239.10766632  227.38444363  218.47680047
  233.86166217  241.50011146  236.37833522  238.93699582  242.10192287
  245.84452906  263.36721246  271.69766798  254.29881675  238.78225215
  232.32380683  232.22733654  241.97591363  257.12488474  264.96843245
  258.29828565  267.5624201   256.15354461  250.87600296  258.29351505
  250.3518462   258.56891488  259.79899138  256.67010751  253.22736178
  249.93492531  242.65980029  240.08030491  255.70822292  259.90010203
  266.44281253  265.90163061  257.41224941  247.04310032  237.81043105
  224.47144394  215.30267318  209.68260574  217.520198    225.41179433
  227.71667414  227.15847153  221.73917098  221.87464929  224.38633907
  230.70050581  231.6305223   212.6970408   204.86198483  195.11299286
  194.53120883  219.51227926  224.28416721  237.0839813   248.88935532
  252.50491673  261.34906599  261.58208158  264.23049927  252.95804014
  251.13951207  249.52636219  248.74250343  257.13341653  262.79783374
  264.94285463  264.58359565  262.6779897   262.85514826  253.1748843
  252.13650033  252.37166276  246.73776406  255.63781962  256.49422271
  256.54679484  261.6522071   259.83459168  261.54136964  263.35279814
  264.3496776   257.71772198  253.87789032  244.10052795  240.35009254
  240.82688017  245.84429102  249.08097331  250.62580911  244.96129414
  244.1867441   250.34444048  253.67200765  255.72202312  246.40330215
  243.70267585  242.49379524  253.2930104   245.64532765  246.4061347
  246.02636722  246.10226486  255.5088648   253.23608321  252.98866595
  251.77439232  244.84999862  243.51239023  244.13387668  247.26885957
  259.36090069  266.13510174  259.73216469  259.62525506  259.88876229
  255.57098636  255.68716982  251.0237315   251.34278744  242.78530397
  246.13794892  250.1886923   252.95702282  264.81464475  267.98583994
  263.86340002  257.45449214  254.94338767  251.55770603  250.13240125
  250.74964266  252.79761931  253.50381501  251.14022231  251.73024491
  247.11189015  248.23770552  251.70855064  253.28071927  256.30469036
  255.55672076  255.16390042  256.23417164  256.8966055   258.18493889
  258.72597971  257.31519152  255.09586636  256.86565114  256.89640915
  256.09724481  255.32582562  254.12598273  253.55210026  254.67208809
  255.50964044  255.73922124  255.13941784  257.44710868  256.06470829
  252.9527918   249.00238246  245.77700442  247.71678235  251.19521375
  255.64335717  258.33475054  255.46502852  252.60422524  250.95137742
  250.70208133  251.34708777  252.28526463  252.23440802  252.58013139
  250.14743849  250.30396996  250.16269461  250.32207948  252.3319364
  253.74015952  256.13443981  258.55719694  258.18122238  258.93692136
  259.92995203  259.45949393  259.81461598  261.01718443  262.3127945
  265.75442894  266.24099009  265.92044947  264.6877634   263.43178226
  263.20307437  262.48803391  262.56506042  262.27178572  263.21496039
  264.15724393  265.07972769  265.48525591  264.89468901  264.55904045
  264.85588448  264.684983    264.40932518  263.07554004  261.11417682
  259.66833151  258.90231375  257.94302213  257.77680039  256.79289165
  258.08204284  259.36994742  260.6568819   259.86937865  258.97431348
  258.08015717  256.51060136  254.69729949  252.8849494   253.5352846
  256.29580533  258.11474695  260.45119628  261.33422155  262.80862578
  264.62542115  264.5969692   264.56881019  264.54032396  262.51267958
  260.17453618  257.83815872  256.13781407  254.78348814  253.43042598
  252.54418952  251.03779055  250.59451925  250.41929476  250.95153164
  252.59025289  252.95046741  252.84892929  252.74590068  252.64254548
  252.01921241  251.24882559  250.47891054  250.25681046  251.06692904
  251.92935773  252.25117041  252.43683207  253.33837325  253.87154135
  252.60029927  250.37637759  247.68766234  246.41956198  245.29181763
  243.91051284  244.15242872  246.9651746   249.92995378  252.04187408
  254.32670774  255.43556965  254.84162957  255.83743011  255.80654822
  255.76879141  255.57225621  255.37573948  255.17924129  253.94214077
  252.48458065  251.02759743  248.71198623  245.84336432  242.97626884
  242.31672498  245.10018855  246.83008769  247.60453673  246.93000558
  245.99601533  245.96664702  248.65251766  251.31443545  253.63704391
  252.51577718  250.41561066  248.31631943  244.3370292   238.18552153
  231.64435634  229.13638835  235.19800279  239.96034169  244.39887086
  245.48374859  246.56806745  247.65182687  248.75707238  249.86502036
  250.97239559  249.98648604  247.89295682  245.80074923  245.00027333
  245.86698395  246.73322994  247.11920537  245.79960363  244.48053935
  243.16238301  242.15956689  241.15729361  240.15541498  235.72770114
  230.36496368  225.00464011  223.24579906  224.22749429  225.2086717
  226.83002844  229.6351573   232.43927524  234.61242823  232.6951826
  230.77876521  228.86317703  231.48940651  234.52764154  237.56438824
  238.48278983  238.48926154  238.49604065  238.8902759   239.70021878
  240.50971214  241.37196081  242.38146497  243.3904233   244.29535761
  243.14669918  241.99879596  240.85136746  238.97594117  236.95260545
  234.93016345  232.83947852  230.70619153  228.57385508  228.56155659
  231.77056166  234.9782293   237.78102636  238.73644608  239.69133838
  240.64570272  239.52020563  238.31401297  237.10833157  238.44102296
  240.64169612  242.84151314  244.06538226  244.41770038  244.76977629
  244.88550596  244.47719411  244.06900869  243.43327018  240.59767242
  236.79788384  232.94066512  229.44503974  226.7721829   224.78800229
  225.37224758  227.67818597  228.69077597  229.21932232  229.13814136
  229.05693208  229.22715791  230.26259702  231.29745668  232.32341328
  232.26597819  232.20850191  232.15098444  229.28043105  225.66774475
  222.05678436  221.63147379  223.2158838   224.01356841  226.09929248
  228.90608349  232.27211645  233.89292691  231.07785796  228.26455364
  225.45259034  224.49811719  223.70074319  222.90370189  222.17673146
  221.4791904   220.78193332  221.53457863  223.80821263  226.06169745
  227.5356016   226.91614852  226.29703703  225.58542939  223.23186928
  220.87983788  218.52933604  217.46578319  216.65401822  215.84283152
  217.00889153  219.38955069  221.76849583  224.22447546  226.79563055
  229.36493413  231.35243153  230.78240852  230.21292931  229.64375971
  229.56058933  229.49344484  229.42626334  229.61594733  229.89078912
  230.1652927   229.83310622  228.97197909  228.11136634  226.7721189
  224.40094369  222.03133665  219.88360115  219.73382882  219.58408007
  219.43429375  221.91503291  224.74441415  227.57173309  229.41105103
  230.75253711  232.09299723  232.42012647  231.50101185  230.58245681
  229.59998863  228.40311583  227.20736463  226.01422138  224.95344463
  223.89333206  222.83388405  222.0255106   221.2816329   220.53819835
  219.92095257  219.39597271  218.87128236  219.26058708  221.25901508
  223.25593953  225.19175424  226.77535424  228.35774067  229.9389129
  228.76968979  227.38755006  226.00631064  224.64308086  223.28769585
  221.9331954   220.5322102   217.90388482  216.27201122  215.64649754
  218.14444044  219.36183823  220.63125439  222.73350879  224.83416334
  226.93321721  228.00214959  228.87762567  229.7521405   230.01245044
  229.90531508  229.22838338  228.28275003  228.18237862  228.68577757
  228.84758766  226.21120275  223.57664565  220.94368508  221.2482557
  221.63235874  222.01609478  223.15614276  224.53841992  225.91959891
  225.73482734  224.21353363  222.69315811  222.0354212   223.18893058
  224.34150525  225.51807612  226.90629927  228.29341158  229.67941249
  228.86468717  227.77339492  225.3022093   223.60396514  222.23771668
  221.41461904  221.00672952  219.10463211  217.20385508  215.13265295
  213.27423231  212.23456067  212.53374898  214.35321747  216.17155498
  217.98845179  220.03992754  222.14781234  222.39508105  223.20670912
  223.12200265  223.26114983  225.99595046  226.93335097  227.86995658
  228.58273138  228.03923256  227.49604816  226.95317835  226.01662647
  225.05283243  224.08925459  223.26763783  224.57557867  224.02662649
  223.88996695  224.68547514  225.93693816  226.5735902   226.81478782
  227.05570834  227.11992771  224.35878973  221.66692557  219.76356005
  219.87325109  220.44184325  219.95403518  219.29427638  218.85966635
  218.63099143  218.7856495   219.87674597  219.01444413  218.81262454
  221.30577651  221.71024143  219.51162678  216.51174534  214.53170547
  212.01065622  213.66345229  213.96431577  214.270159    218.29374613
  215.39896188  213.74423703  212.28090914  212.38633565  214.45741212
  212.68088653  210.30597864  206.8412249   206.08641206  204.9578802
  204.72382163  198.77953575  195.57973115  204.17912127  204.33030053
  215.01719892  218.03599643  206.36241643  198.65525016  188.14304517
  176.80868244  184.32462308  194.78311626  202.82429681  200.72461862
  194.38713494  187.80173147  181.50455767  192.24907663  199.82982558
  204.76495634  199.30629321  197.36770793  199.60099911  203.60357907
  213.08993991  199.08080261  178.98233136  164.81875277  147.36329695
  141.09408745  157.84997596  167.40385931  186.43036157  208.75333873
  210.41356621  193.19868264  183.68134723  182.16106565  168.22428789
  184.65959517  186.90412706  176.65866247  188.83309451  188.31985448
  183.522568    188.52558928  193.3358817   190.96839729  184.61800026
  181.74809244  180.97591165  183.55575543  201.62700649  193.74020663
  191.35621937  173.35799844  178.23845894  187.17222088  187.98625597
  198.88336141  198.20812836  200.41082248  200.41175132  205.52563609
  205.81663835  204.81168253  204.26440517  202.78063544  196.40232138
  195.91409239  199.12899762  200.432181    204.70201959  201.9369955
  198.12412358  193.99002163  180.13378779  175.18259472  174.33574153
  176.82575951  185.93282504  182.67713206  181.9701506   180.9379601
  176.25421572  180.03944434  186.55654484  193.06685845  187.46544447
  184.92072899  176.67908576  166.27050451  172.534514    174.00000785
  185.73808912  194.22323154  191.53874385  175.69021817  167.039765
  166.834201    177.27954623  188.92119513  173.58267917  172.35963707
  169.46715586  171.46146185  188.75040291  184.17483881  181.11024745
  181.67852184  183.84505253  186.35019327  172.90169404  168.59834289
  170.63867902  175.19342266  182.47505136  177.77450786  164.76046256
  163.57403173  173.21612264  185.01223499  196.8260501   198.27430255
  196.71778859  191.45810474  178.27263673  164.53857854  165.76874041
  171.67121773  183.73693759  188.36404266  186.37039286  182.92003981
  177.67007412  166.63400293  155.1389373   154.32416272  156.06374737
  158.40392503  148.46699544  141.69715993  145.6195868   152.29796747
  169.21510858  172.11760498  163.13947093  157.9391655   151.8438897
  147.00614651  140.52467721  131.66714424  125.12476059  122.15843059
  127.64143599  121.93895425  131.48662522  146.84637341  151.53997705
  165.02296062  167.16200312  164.97693601  170.07478138  174.94228763
  172.28056317  171.13594107  172.69131388  171.40982931  172.18012822
  157.77682539  147.57321627  142.0948502   145.04814185  162.59869506
  169.82244173  178.71853656  177.98851086  169.88197985  167.83586143
  167.97682179  171.52194367  180.21416009  179.71436122  173.87888499
  170.67748144  165.34434639  159.75117716  165.04554343  167.02828383
  176.52521953  185.28139844  186.0746202   187.58413796  185.66932623
  182.04548612  176.24415787  173.28465101  173.80679597  175.66650228
  174.27949344  171.57074815  169.466078    161.41319313  166.03036778
  171.13343905  174.66844371  181.93892183  183.41019547  178.56756621
  178.25827338  180.22834146  178.6389181   181.72126615  179.8757092
  176.45548169  175.42860377  171.67246691  171.56766969  169.93161193
  166.21086041  168.87363435  169.66904402]
