[  2.38042962   2.41891027   2.4575217    2.49626085   2.53513155
   2.57412863   2.61325708   2.65251507   2.69190476   2.73142176
   2.7710702    2.8108503    2.85076162   2.89080228   2.93097383
   2.97127932   3.01171541   3.052283     3.09298099   3.13381495
   3.17477895   3.21587677   3.27988575   3.35451795   3.42939901
   3.50453497   3.57992165   3.65556539   3.7314586    3.80760887
   3.88401237   3.96067387   4.03758605   4.11475609   4.19218277
   4.26969461   4.34743073   4.42541765   4.50365787   4.58214867
   4.66088927   4.73987998   4.81912785   4.89862546   4.97837654
   4.99117066   4.97610945   4.96097131   4.9457631    4.93047835
   4.91512614   4.89969547   4.88419536   4.86861944   4.85297437
   4.83725018   4.82145547   4.80558648   4.78964641   4.7736274
   4.75753598   4.74137201   4.72513426   4.70881937   4.69242941
   4.67596855   4.65943129   4.6428186    4.64498369   4.65420869
   4.66344256   4.67269033   4.68194697   4.69122128   4.7005034
   4.70980082   4.71910767   4.72741375   4.7349834    4.74256673
   4.75015384   4.75774983   4.76535469   4.77296844   4.78059567
   4.78822803   4.79586849   4.80351787   4.81117643   4.81884881
   4.82652497   4.82259116   4.81471671   4.80681387   4.7988791
   4.79091046   4.78291035   4.77487871   4.76682085   4.75872603
   4.75059956   4.74244138   4.73425147   4.72603268   4.71778152
   4.70939689   4.70096787   4.69250737   4.68402057   4.67549698
   4.66694179   4.65835496   4.64973773   4.64109134   4.62920139
   4.61630464   4.6033655    4.59038394   4.57736495   4.56429834
   4.55118913   4.53803727   4.52484394   4.51161034   4.49833016
   4.48500711   4.47164112   4.45817153   4.44460987   4.43100463
   4.417357     4.40366691   4.38993915   4.37616399   4.36234622
   4.34848578   4.33458262   4.30455076   4.27012323   4.23560177
   4.20098747   4.16628453   4.13148437   4.0965908    4.06160393
   4.02652364   3.99135178   3.95608667   3.92072542   3.8852703
   3.84972121   3.81407802   3.77834473   3.74251297   3.70658678
   3.67056665   3.6344546    3.59824439   3.5619393    3.5255392
   3.55153572   3.59231623   3.63318481   3.6741448    3.71519651
   3.75634066   3.79757961   3.83890715   3.88032683   3.92183875
   3.96344579   4.00514404   4.04693335   4.08881533   4.13079007
   4.17286215   4.21502277   4.25727648   4.29962337   4.34206355
   4.38460017   4.42722892   4.46994964   4.42168537   4.35458788
   4.2873258    4.21988972   4.15228409   4.08450871   4.01656488
   3.94845211   3.88016621   3.81170976   3.74308257   3.67428443
   3.60531897   3.53617826   3.466866     3.39738219   3.32772958
   3.25790142   3.18790091   3.11772785   3.04738204   2.97686596
   2.90614928   2.9218387    2.95284179   2.98390893   3.01504289
   3.04623788   3.07749697   3.10882022   3.14020949   3.17166276
   3.2031789    3.23475945   3.26640449   3.29811425   3.32989177
   3.36173069   3.39363435   3.42560283   3.45772      3.49001587
   3.52237861   3.55480994   3.58730993   3.61988241   3.71947201
   3.82924467   3.93926424   4.04953204   4.1600495    4.27081153
   4.38182155   4.49307985   4.60458669   4.71634723   4.82835208
   4.9406063    5.05311016   5.16586526   5.27887333   5.39212786
   5.50563312   5.61938938   5.73340136   5.84766206   5.96217311
   6.07693627   6.19195181   6.1716273    6.13468507   6.09764255
   6.06050437   6.02327322   5.98594677   5.94852095   5.91099903
   5.87338092   5.8356665    5.7978616    5.7599542    5.72195016
   5.68384937   5.64565433   5.60736285   5.56897112   5.53048221
   5.491896     5.45321766   5.41443676   5.37555445   5.33656971
   5.40711858   5.48847457   5.57000602   5.65170942   5.73358801
   5.815642     5.89787723   5.98028293   6.06286429   6.14562178
   6.22855654   6.31167231   6.39495944   6.47842345   6.56206455
   6.64588728   6.72988553   6.81405909   6.89841049   6.98293991
   7.06764862   7.15254079   7.23760552   7.26436353   7.28690891
   7.30925581   7.33139532   7.35357041   7.37578112   7.39802747
   7.42031693   7.4426347    7.46499941   7.48737675   7.50978234
   7.53227256   7.55477618   7.57728929   7.59987991   7.62249901
   7.64511992   7.66777676   7.69052697   7.7132751    7.73604014
   7.75884124   7.83206899   7.90788625   7.9838463    8.0600211
   8.13628763   8.21268927   8.28923815   8.3660172    8.44286171
   8.51985388   8.59699387   8.67436747   8.75180422   8.82938921
   8.90721041   8.98509302   9.0631243    9.14130889   9.21972414
   9.29820299   9.37683108   9.45570145   9.53462916   9.52890183
   9.52080825   9.51274917   9.5045799    9.49637979   9.48818134
   9.47997974   9.47168681   9.46338605   9.45510042   9.44671436
   9.43829723   9.4298904    9.4214615    9.41295082   9.40440892
   9.39589526   9.38732274   9.37862797   9.36994975   9.36123105
   9.35244007   9.34361778   9.34092044   9.33819999   9.33543798
   9.33271584   9.32994756   9.32712867   9.32429079   9.32151052
   9.31864805   9.31575302   9.3128389    9.30999555   9.30704315
   9.3040716    9.30116605   9.29816057   9.2951314    9.29208299
   9.28910468   9.28601768   9.28291137   9.2797902    9.27718274
   9.3066488    9.33616148   9.36581059   9.39541685   9.42506986
   9.45478321   9.48460698   9.51440068   9.54424584   9.57422028
   9.60415504   9.63413683   9.66418873   9.69433406   9.72445741
   9.75462794   9.78488762   9.81520413   9.84551671   9.8759095
   9.9063781    9.9368331    9.96695864   9.98651412  10.00608566
  10.02563999  10.04521976  10.06489648  10.08455117  10.10420753
  10.12395164  10.14369272  10.16342585  10.18318457  10.20305074
  10.22287527  10.242711    10.2625724   10.28255634  10.30246927
  10.32240792  10.34246474  10.36245991  10.382476    10.40265348
  10.4233722   10.44998414  10.47663544  10.50342462  10.53015498
  10.55692482  10.58373415  10.61068232  10.63757098  10.66449925
  10.69148215  10.71857486  10.74562236  10.77271464  10.79993736
  10.82710441  10.8543113   10.88158341  10.90894631  10.93627315
  10.96363998  10.99109279  11.01859608  11.04531677  11.06265414
  11.07985775  11.09682923  11.11302104  11.12914732  11.14536781
  11.16150194  11.17775628  11.19394995  11.2102123   11.22648123
  11.24273594  11.25907515  11.27540539  11.29170052  11.30809081
  11.32439375  11.34081811  11.35718109  11.3736134   11.39005231
  11.40647678  11.42366668  11.44723174  11.47093185  11.49457213
  11.51831616  11.54205835  11.5658198   11.58966427  11.61344293
  11.63735271  11.66129261  11.6851556   11.70915562  11.73309454
  11.75713867  11.78118066  11.80524194  11.82938736  11.85346559
  11.87767685  11.90181524  11.92608161  11.95032384  11.97502928
  12.00302069  12.03097223  12.05905371  12.08706212  12.11521738
  12.14340966  12.17153386  12.19974638  12.22773751  12.25577562
  12.28388312  12.31194848  12.3401448   12.36826516  12.39653369
  12.42476528  12.45306672  12.48141561  12.5097441   12.53819371
  12.56656605  12.59508824  12.6229776   12.64725359  12.6715872
  12.69587544  12.72022704  12.74461918  12.76898285  12.79346196
  12.8178548   12.84239222  12.86687202  12.89143886  12.91602331
  12.94060205  12.96528568  12.98955721  13.01396056  13.03829265
  13.0627348   13.08716996  13.11162152  13.136166    13.16069754
  13.18549596  13.21187499  13.23816682  13.26460829  13.29098006
  13.31746623  13.34394795  13.37044897  13.39704104  13.42355669
  13.45021749  13.47679556  13.50351318  13.53020201  13.55693428
  13.58373426  13.61048095  13.63736212  13.66426887  13.69109767
  13.71807366  13.74496532  13.77199847  13.79427057  13.79456964
  13.79489329  13.79511907  13.7954367   13.7956198   13.79591298
  13.79611448  13.79634041  13.79656629  13.79671887  13.79695072
  13.79704827  13.79725551  13.7974504   13.79751108  13.79768128
  13.79775996  13.7978628   13.79796544  13.79799486  13.7981031
  13.79807735  13.80079214  13.81409689  13.82748693  13.84125687
  13.85500015  13.8688325   13.88255282  13.89640497  13.91016328
  13.92401694  13.93789888  13.95169903  13.96557023  13.97943913
  13.99328117  14.00721282  14.02103173  14.03498328  14.04884038
  14.06279342  14.07671952  14.09064326  14.10463852  14.12061658
  14.1442089   14.16770992  14.19134812  14.21495048  14.23859123
  14.26231391  14.28600681  14.30971331  14.33350821  14.35721695
  14.38107043  14.40483125  14.42873088  14.45259404  14.47649593
  14.50046177  14.52436572  14.54840302  14.5723404   14.59643035
  14.62046442  14.64456278  14.6559903   14.62649911  14.59704812
  14.56752327  14.53785553  14.50823981  14.47844394  14.4487183
  14.4188566   14.38897732  14.3590554   14.32901658  14.2990153
  14.26883575  14.23872402  14.20846512  14.17821219  14.14789174
  14.11747952  14.08709081  14.05652569  14.02602598  13.99547056
  13.98162179  14.01624442  14.05081703  14.08549003  14.12019121
  14.15489625  14.18972042  14.22446329  14.25936818  14.29420967
  14.32917705  14.36414809  14.39914721  14.43424832  14.46927885
  14.5044672   14.54015632  14.57621367  14.61232167  14.648368
  14.68454598  14.72073078  14.75694735  14.77554543  14.74830238
  14.72112364  14.69377101  14.66647584  14.63906322  14.61160798
  14.58413475  14.55651971  14.52895444  14.50121068  14.47353462
  14.44572339  14.41789352  14.39005081  14.36208549  14.33407684
  14.30604893  14.27788073  14.24975948  14.2214621   14.19322919
  14.16486249  14.17746938  14.2859529   14.39453246  14.50336005
  14.6122222   14.72136448  14.83057103  14.93999723  15.0495685
  15.15925919  15.26919062  15.37924825  15.48939897  15.59980542
  15.71023878  15.82096219  15.93174439  16.04275177  16.15390447
  16.26517506  16.37669327  16.48823298  16.60006972  16.7040636
  16.79156033  16.87913641  16.96681969  17.0546956   17.14256467
  17.23069146  17.3189406   17.40716684  17.49566024  17.58415156
  17.67286757  17.76166172  17.85056325  17.93966169  18.02874797
  18.11809935  18.20742999  18.29701961  18.38665608  18.47643062
  18.56637437  18.65633307  18.72036731  18.73360192  18.74699741
  18.7603983   18.7736567   18.78706056  18.80039194  18.81374424
  18.82714868  18.84044933  18.85388792  18.86717584  18.8806252
  18.89397844  18.9073839   18.92081035  18.93416402  18.94764033
  18.96096558  18.97445265  18.98782771  19.00128641  19.01478968
  19.0264574   19.03556186  19.04468163  19.05372262  19.06288084
  19.07188186  19.08103932  19.09007876  19.09919624  19.10829764
  19.11735156  19.1265071   19.13550529  19.14466003  19.15368093
  19.16281132  19.1718942   19.18096095  19.19011368  19.19921101
  19.20826079  19.21741228  19.22640618  19.2409715   19.2641964
  19.28755071  19.31087708  19.33420695  19.35763504  19.3809403   19.404415
  19.42775873  19.45126427  19.47470995  19.49819083  19.50004288
  19.49913334  19.49834435  19.65921873  20.0219672   20.3853579
  20.74907924  20.64214825  20.53403507  20.42577572  20.62184815
  21.06625927  21.51141449  21.83622197  21.12150691  20.40568037
  19.68890455  19.45014826  19.46106549  19.4721029   19.5139939
  19.67269619  19.83160462  19.9905579   20.40902309  20.90839674
  21.40849261  21.69637694  21.52394569  21.35139353  21.17841853
  20.67099062  20.1095245   19.54763542  19.47565816  20.07486419
  20.67463644  21.27481676  21.39163292  21.49633874  21.6010345
  21.15247923  20.20920187  19.26517     18.38748027  18.26798295
  18.1484206   18.02865453  18.45405133  19.19403635  19.93457297
  20.40657384  19.71459205  19.02207964  18.32882172  17.94697657
  17.67397225  17.40063411  17.36194602  17.88748741  18.41339978
  18.93984373  19.53157507  20.13561486  20.74002814  20.77812764
  19.96576349  19.15258677  18.33877203  18.87008487  19.46804891
  20.06661024  20.57276548  20.98858219  21.40492229  21.79344092
  21.73581616  21.67802233  21.62025124  21.41012238  21.10318383
  20.79606821  20.62039581  21.11027145  21.60073909  22.09151471
  22.53257174  22.95419196  23.37625235  23.62716093  23.41730195
  23.20735909  22.99720962  22.49377431  21.9275581   21.36079332
  20.93646768  20.7473237   20.55808634  20.36869634  20.56933894
  20.7992716   21.02938069  21.08810279  20.96393488  20.83960372
  20.72352826  20.82304632  20.9227194   21.02248967  21.46437113
  22.1446581   22.82550813  23.35490519  22.9734829   22.59167051
  22.20947066  22.00840388  21.88629899  21.76410063  21.79935576
  22.31038132  22.82182298  23.33361433  23.5326221   23.65437965
  23.77617832  23.72416366  23.35572143  22.98697495  22.61780562
  22.56035699  22.53440005  22.50833388  22.03235073  21.02992129
  20.02658002  19.03231202  18.71888189  18.40528949  18.09127602
  18.40617123  19.20143066  19.99683441  20.78425705  21.50927559
  22.23481408  22.96104176  22.97126324  22.63445142  22.2971842
  22.03827385  22.04706773  22.05578422  22.06461705  21.7287448
  21.29517356  20.86136266  20.49391434  20.26023241  20.0261975
  19.79206004  20.21971335  20.73296187  21.24672095  21.59551317
  21.73308796  21.87087981  22.00869776  22.32602727  22.64518843
  22.96454524  22.82590503  22.30432124  21.78243433  21.25474351
  20.67749703  20.099895    19.52175708  19.79611253  20.52814203
  21.2607018   21.83266545  21.77628763  21.71997303  21.66355674
  21.73900992  21.85697976  21.97495976  22.08089199  22.15932648
  22.23762336  22.31612294  21.92612483  21.46170743  20.99690003
  20.71665749  20.69541152  20.67407199  20.65269669  20.56546759
  20.47601697  20.38663643  20.8306466   21.76256303  22.69509302
  23.5639376   23.64846248  23.7329587   23.81749167  23.64972181
  23.33260876  23.0152836   22.75131113  22.72796133  22.70453605
  22.68103549  22.3831007   21.98577106  21.58813671  21.369244
  21.59288317  21.81669449  22.04074859  22.63533821  23.30038969
  23.96585403  24.13886367  23.55316217  22.9670211   22.38055733
  21.80859641  21.23708347  20.66524543  20.53513205  20.84703869
  21.15911552  21.49022847  22.1553392   22.82090533  23.4870466
  23.70480833  23.63101643  23.55725106  23.55491813  23.93023859
  24.30564478  24.68144166  24.94936664  25.17385423  25.39860834
  25.53216543  25.41343353  25.29470187  25.17574948  25.32325941
  25.52971591  25.73644731  25.83407611  25.74714809  25.6602649
  25.57320235  25.54048603  25.51226292  25.48388309  25.31359886
  24.98802775  24.6622365   24.34947163  24.45732504  24.56535765
  24.67335583  24.70624927  24.68562689  24.66485781  24.65846598  24.74258
  24.82676936  24.91091592  24.22861748  23.20129192  22.17312559
  21.36144625  21.22635383  21.09105153  20.955699    20.92977226
  20.93178504  20.9339609   21.02928585  21.29883258  21.56847501
  21.83832198  21.85225221  21.8386685   21.82512214  21.51206502
  20.84038307  20.16836212  19.49975035  19.30373474  19.10748571
  18.91110297  18.75730335  18.63661693  18.51588186  18.51181399
  19.40998798  20.30889003  21.20847125  21.89989095  22.48766378
  23.07588313  23.64899053  24.16718546  24.68581458  25.20488168
  25.57858133  25.91003248  26.2417444   26.2570263   25.61925666
  24.9810328   24.34242033  23.90049414  23.48526637  23.06978217
  22.75458791  22.57127835  22.38784643  22.20417779  22.27733137
  22.35409017  22.43098053  22.73116253  23.22280284  23.71485661
  24.14449757  23.95545943  23.76629576  23.57688524  23.32714911
  23.04389457  22.76050829  22.72926558  23.71875065  24.70901668
  25.69987845  26.66252847  27.61629755  28.57064077  29.10209922
  28.66513632  28.2279477   27.79028774  26.53880447  25.15118632
  23.76241695  23.20371348  23.8383208   24.47328462  25.10881431
  25.79823018  26.49027341  27.18263221  27.63460418  27.86141747
  28.08824861  28.24508467  27.46305804  26.6802388   25.8969514
  25.42503625  25.14198551  24.85854638  24.67287929  24.94665888
  25.22050378  25.49463043  26.25702306  27.20156781  28.14690605
  28.94412416  29.36248342  29.78137088  30.2004047   30.50772854
  30.79293004  31.07843971  31.11300992  30.75153307  30.38992306
  30.02802173  29.88221603  29.75004638  29.61762302  29.4018985
  29.10064423  28.79927093  28.52058512  28.70228005  28.88422402
  29.06627104  29.33790508  29.6695143   30.00128713  30.1670074
  29.41388145  28.66031394  27.90622006  27.44251007  27.09955604
  26.75632834  26.60041735  26.9802146   27.36021664  27.73856003
  27.32094728  26.7198315   26.11822692  25.89786633  26.34039708
  26.78314727  27.22590322  28.05170217  28.91181571  29.77213609
  30.06201984  29.71207902  29.36198494  29.03018125  29.42337551
  29.81673741  30.21042021  30.50740446  30.73368743  30.96023591
  30.92833476  29.18464574  27.44007936  25.69443382  24.97014971
  24.71740807  24.46434477  24.39777029  24.93078796  25.4638793
  25.99741011  26.95455875  28.02461949  29.09530704  30.00289293
  30.59799616  31.19352266  31.7892554   30.31479533  28.6002322
  26.8847572   25.48547838  24.47389139  23.46141035  22.45538951
  24.23056331  26.00630906  27.78302147  28.65288734  28.79634376
  28.94006271  28.99798466  28.35120054  27.70423283  27.05688328
  25.45177195  23.35607877  21.25940779  19.81467608  20.75988099
  21.70545432  22.65134594  24.49893442  26.62000329  28.74218847
  30.02627571  29.53266699  29.03907603  28.54526674  27.34503682
  26.04271569  24.7398349   23.47185372  22.25126065  21.03008685
  19.80837216  21.60834788  23.47036677  25.33312355  27.19066438
  29.04357237  30.89715431  32.49155428  31.32792653  30.16362659
  28.99902739  28.69315542  28.87253313  29.05198577  29.22962945
  29.40055557  29.57156433  29.74244527  29.15117918  28.29901392
  27.44646101  26.64024215  25.94317569  25.24574903  24.54812929
  25.50583933  26.7529045   28.00065407  29.1411596   30.12328726
  31.10602915  32.08893754  33.14743263  34.20970754  35.27217127
  36.11325598  36.74173844  37.37023671  37.91989839  37.30102903
  36.6816739   36.06219906  35.0339395   33.75148043  32.46864816
  31.37292219  31.19341797  31.01401925  30.83450424  30.01332924
  28.94624228  27.87868522  26.69879774  25.22567999  23.75175256
  22.27737336  22.88177303  23.91497054  24.9487305   26.43963241
  28.66952886  30.90046894  33.13232228  33.51810789  33.77617993
  34.0342915   34.52181867  35.25032127  35.97908798  36.66626037
  36.38483177  36.10326563  35.82132219  35.01832647  33.85885609
  32.69913918  31.7630537   32.12360392  32.48447868  32.84554147
  32.5606701   31.99943547  31.43802384  30.90145345  30.43910639
  29.97671292  29.51452445  28.70935694  27.82145556  26.93298958
  26.23120713  25.86167141  25.49177957  25.12190621  23.76239914
  22.30801331  20.85295586  20.00504739  19.85389408  19.70269183
  19.57288974  20.55988158  21.54736971  22.53519988  24.0572794
  25.97953172  27.90255834  29.73270391  30.90630899  32.08027661
  33.25499426  34.04839138  34.66058717  35.27331926  35.80791319
  36.08153581  36.35556451  36.62947067  36.77170708  36.87771088
  36.98354085  36.85838047  36.27873077  35.69862514  35.11833602
  34.96707763  34.86852047  34.76994231  35.16472582  36.1791908
  37.19435778  38.20997555  38.0156184   37.81698592  37.61825754
  37.42467833  37.23807885  37.05110325  36.79346749  35.91781393
  35.04137994  34.16451852  34.30818876  34.98784817  35.66801857
  36.04810742  35.28904973  34.52952959  33.76959852  33.52854526
  33.44999878  33.37138266  33.05029173  32.20220894  31.35357356
  30.50414429  28.76587021  26.89124821  25.01521557  24.15566283
  24.6952352   25.23524434  25.77564576  27.68273317  29.62753578
  31.57366158  32.88805888  33.63531007  34.38315325  35.11982177
  35.72455057  36.3298005   36.93516969  37.40629642  37.79953406
  38.19271561  38.41139377  37.86485332  37.31766035  36.77040974
  37.4988147   38.6781657   39.85834064  40.93859734  41.77670655
  42.61496755  43.45144477  43.35047435  43.07838061  42.80598751
  42.43841576  41.92750551  41.41602975  40.9045985   40.30669027
  39.70377955  39.10087001  38.92013093  39.15357963  39.38745309
  39.54521383  38.4602302   37.3749922   36.28899982  34.13932132
  31.31113826  28.48136103  25.62831256  22.66241068  19.69489912
  16.7258559   16.08378421  16.36081463  16.63810758  17.745513
  21.09815828  24.45267619  27.66308234  29.94266166  31.91657171
  33.91005356  35.33398988  35.56955189  35.93273195  36.32738155
  37.10111297  37.99578564  38.86868852  39.28772449  39.544146
  39.59272566  39.91500287  40.31165369  40.58749972  40.96679766
  41.08037389  40.62775522  40.33368671  39.94934244  39.69270699
  39.40212443  39.08707854  37.64261764  35.24117934  32.75136566
  30.34936515  28.00100751  25.68404901  23.35551839  20.82499421
  18.17491969  15.48835704  14.38993752  15.90217832  17.41506174
  18.92836332  21.8203821   24.85514011  27.89081684  30.59797445
  32.91860685  35.00458603  37.05903816  38.6123736   40.16239485
  41.77289531  42.53181933  42.5608287   42.60030015  42.97253574
  43.84937779  44.84595808  45.54256313  46.19180848  46.46741129
  46.98716018  47.68690229  48.26537232  49.25082201  49.84469626
  49.72486417  49.38294608  48.69494912  48.38793798  48.21501738
  48.38275511  48.62510816  49.58943854  50.68964403  51.65542389
  51.71708407  50.83004685  49.99513359  49.26150606  49.27498156
  49.29718585  49.31919874  49.92389244  51.01741715  52.11177578
  53.11847583  53.30179662  53.48560889  53.66949057  53.80482817
  53.91460375  54.02444019  54.18663352  54.55509109  54.91369862
  55.27229662  55.23572945  55.07186068  54.90757069  54.76620817
  54.6761629   54.58611304  54.4960586   54.81973424  55.20920641
  55.59866788  55.03438885  53.12518703  51.21600521  49.30721772
  49.61707015  50.00037597  50.38367116  51.51528897  53.33395312
  55.15291526  56.82575726  56.68301758  56.54027422  56.39752721
  55.67444345  54.60698759  53.53949128  52.44110741  51.20330129
  49.96551076  48.72773619  49.99958131  52.18329441  54.366703
  55.81174623  55.41839473  55.02504468  54.63176196  53.78950913
  52.86104906  51.93276979  51.37784489  51.39404742  51.41024622
  51.42685464  51.70932653  52.00713751  52.30498636  51.89750994
  50.78086285  49.66444495  48.63937906  49.29928638  49.95928459
  50.61937347  50.91061985  50.96113402  51.01136239  51.00189644
  50.67416124  50.34637246  50.01853021  49.18206747  48.13836724
  47.09437186  46.43757321  46.85928938  47.28106046  47.70305986
  48.74584707  49.92734021  51.10899583  51.6489802   51.0976208
  50.5462794   49.99505412  50.80083456  51.7193915   52.63807176
  52.88151081  52.38267788  51.88414701  51.3709772   50.39093484
  49.41074967  48.43042203  47.03235457  45.33510434  43.63723142
  41.85666226  39.5498277   37.24267007  34.93519015  34.4148058
  34.70313872  34.99122712  35.86613065  38.58321025  41.3006559
  44.01846672  45.10029688  45.75890144  46.41758981  47.07528143
  47.7310292   48.38666704  49.04245602  49.96679221  50.92079351
  51.87489872  52.19715703  51.75865434  51.32036804  50.88436401
  50.79087126  50.697362    50.60383626  50.82039007  51.2806254
  51.74095253  52.12326126  51.89600368  51.66871461  51.44139411
  51.12294219  50.75896861  50.39463444  50.05004389  49.77586147
  49.50164296  49.22740866  50.27801135  51.71876668  53.1596741
  54.35865196  55.05582917  55.75307602  56.45085633  55.2637931
  53.81577423  52.36759257  51.55881428  51.59272984  51.62704684
  51.66097937  52.21006435  52.76731011  53.32460915  53.41307153
  53.09845491  52.78357744  52.45697906  52.01415827  51.57128488
  51.12835904  51.20311729  51.56439494  51.92551405  52.38537471
  53.24850821  54.111725    54.9751839   55.53714817  55.99832049
  56.45953372  56.6202479   56.08991458  55.55940062  55.02912323
  54.73603516  54.48284704  54.22962902  53.47224401  51.98680881
  50.50164874  49.01591423  49.30416458  49.66210427  50.02007116
  50.40057311  50.80270251  51.20444413  51.60472462  51.98468177
  52.36466736  52.74468128  53.1541891   53.58115116  54.00807902
  54.31583037  54.05913917  53.80241893  53.54566975  53.74808856
  54.12204598  54.49600774  54.88663545  55.31998434  55.75336476
  56.18712832  55.20976348  53.95031132  52.69074404  51.73773713
  51.27139366  50.80523787  50.33899007  50.61519487  50.54698069
  49.82667768  49.8025388   50.28949807  50.86843423  52.38616034
  53.42618287  54.3314621   55.64374894  55.90326463  55.98592193
  56.11675024  55.4945908   54.3837137   53.62076217  52.16077408
  52.75975515  53.14460014  53.68909306  55.0586701   55.96626039
  57.27551311  58.45425341  56.92819297  55.65972311  54.31661785
  52.35641953  50.032966    47.62103104  44.94317436  47.29086376
  50.09892515  52.89808645  54.51909865  55.17103977  55.84702294
  56.46994129  55.70503965  54.9002894   54.04631608  53.74932511
  53.93337515  54.02842979  54.23573978  55.17530563  56.08051929
  56.98537043  57.73074438  58.60419697  59.26777757  59.49872859
  58.4738915   57.44900766  56.4244827   55.79704725  55.27596388
  54.75484193  54.56449011  55.01075744  55.45751671  55.90383003
  56.13437809  56.33961375  56.5448554   56.24502145  55.32332534
  54.40113675  53.48081011  54.38438587  55.28800882  56.19177342
  57.33527946  58.67209912  60.00851454  61.07717303  59.91387728
  58.75049644  57.5870309   55.84474855  53.8038856   51.76280964
  50.26542735  50.77469453  51.2839893   51.79359914  53.26122115
  55.02104267  56.7809718   57.91155611  57.70029117  57.48922744
  57.27819113  56.97389631  56.65597057  56.33801824  55.91733685
  55.35800421  54.79886278  54.23932442  52.88195201  51.50718696
  50.13233136  49.9396594   50.7882048   51.63638876  52.42421815
  52.56064238  52.69706876  52.83349726  51.79805522  50.09658328
  48.39500471  46.84003921  45.90671451  44.97332985  44.04024582
  44.3156336   45.00704714  45.69849537  45.97627359  45.27484526
  44.57366008  43.87223176  44.4668537   45.29015946  46.11394696
  47.1846004   48.62082118  50.05712382  51.49334831  53.70987053
  55.96236445  58.21503332  59.49956432  59.85070175  60.20152551
  60.43832308  58.95582711  57.4732067   55.99053515  54.04252699
  51.80280606  49.56290366  48.08486803  50.37303236  52.66136823
  54.95035186  55.66080224  56.0893006   56.05952041  56.21700426
  55.86421146  55.64687007  55.14738671  52.45003062  49.62501553
  46.50060178  43.7360207   41.3026484   38.59059305  36.05312187
  38.54075342  41.20301625  44.13816993  46.82028976  49.03112886
  51.43163931  53.59466098  54.28552859  54.85473764  55.57163628
  55.2317408   53.99497231  53.04452309  52.24032943  54.02802402
  55.8155475   57.60276128  58.32480013  58.58807879  58.85134313
  59.21203076  59.86127871  60.37717064  60.50824524  60.90940287
  61.5919551   62.39093145  62.86659001  62.51778899  61.63157296
  60.66406082  60.31429824  59.9421481   59.57050406  58.98722226
  58.1600476   57.33251769  56.51887855  56.21767823  56.38316654
  56.55136391  57.20576409  58.34409925  59.48219196  60.15698667
  57.54814894  54.9394661   52.33093918  50.79377011  50.34715456
  49.66722836  49.57277882  51.31888013  53.45281634  55.12154017
  55.61752538  56.05347749  56.1929289   56.32385315  56.43773039
  56.29159474  56.310027    57.17892834  58.30213646  59.33895482
  59.50097889  58.70487864  57.90882456  57.04960268  56.28790624
  56.1897497   55.88060988  55.43633733  54.96372295  54.49067312
  54.17790102  55.28667316  56.39535946  57.50395947  58.58358074
  59.64790114  60.71242444  61.22230407  59.61409324  58.00599098
  56.39749399  56.86243469  57.97997589  59.0974269   59.97189862
  60.3136231   60.65513987  60.99674624  60.7269627   60.36310681
  59.99914806  59.9085798   60.19680126  60.48498278  60.77312424
  60.5185968   60.2483139   59.978596    59.58205156  59.07111737
  58.56023235  58.10315481  58.27821473  58.45348203  58.62872151
  59.60937996  61.05924448  62.50842736  63.37617607  61.67839941
  59.980809    58.28340552  58.65577281  59.76372146  60.87161301
  61.82727749  62.41215794  62.99676236  63.58111354  63.39977724
  63.07684763  62.75394732  62.00492222  60.60820406  59.21220413
  57.81636178  57.41978586  57.07539192  56.73069691  56.5310566
  56.47449028  56.41792296  56.40727303  57.16363461  57.9195262
  58.67575916  59.17463992  59.50865392  59.84261883  60.06777522
  59.72854308  59.38934823  59.05016349  59.84046968  61.07936033
  62.31810674  63.45381805  64.30832683  65.16277856  66.01717291
  65.8541307   65.47103082  65.08794362  64.1428764   62.25982697
  60.37683826  58.49426395  60.14791609  62.07682055  64.00560196
  65.00395875  64.99888662  64.99380559  64.95532077  63.96320049
  62.97069841  61.97854583  61.77473875  62.12573363  62.47669789
  62.76413108  62.66179028  62.55987941  62.45796608  62.94921399
  63.70281313  64.4557617   65.07156814  65.26614874  65.4607074
  65.65524403  66.51071422  67.53212816  68.55374087  69.06925772
  68.65494366  68.240616    67.82574301  67.82123973  67.85950815
  67.89776425  67.54682982  66.73577169  65.9230197   65.11669687
  64.86865186  64.62063342  64.37243294  64.41112313  64.67154447
  64.93191866  65.12439008  64.80780728  64.49066296  64.17415718
  63.31408876  62.18721111  61.06049077  60.00537944  59.19978797
  58.39450271  57.58932875  57.7741248   58.24330276  58.71201806
  59.05681628  59.14895389  59.24106914  59.33316198  60.75310311
  62.34902981  63.94473423  64.70223125  64.37665129  64.05084227
  63.72501663  63.75980369  63.79849059  63.83716232  63.54001316
  62.95890188  62.37825701  61.80927748  61.35295251  60.89669654
  60.4400847   60.42137266  60.64007344  60.85872775  61.07295225
  61.26960834  61.46593173  61.66264363  62.65419335  63.90425568
  65.15409127  65.98174793  65.86103471  65.74033291  65.61964258
  64.8653544   64.00822812  63.15170142  63.00547315  63.86618003
  64.72672542  65.58648986  65.2615502   64.89571461  64.52993448
  64.50768698  64.80257807  65.09746511  65.37249717  65.39145385
  65.41039743  65.42929693  64.75059052  63.65631837  62.56223442
  61.60050645  61.24461079  60.88827953  60.53241148  60.68723546
  61.02877998  61.37025303  61.85754486  62.7107726   63.56424689
  64.41758527  64.19069396  63.75540193  63.31956239  62.94496855
  62.6646669   62.38439796  62.10416186  60.38747528  54.24658191
  48.74968629  43.26574262  40.35609218  43.06291088  45.11540531
  47.73108023  48.72672962  50.13724463  51.9643505   55.2790478
  59.03762755  61.28922526  63.01261106  61.04703007  59.35687875
  58.47369648  55.2535913   56.88588531  54.83692003  56.29167713
  58.59438143  56.46803903  58.86500675  59.37742713  57.40581615
  59.71139177  60.62830394  58.92634035  60.92709242  61.75497716
  60.36600684  60.98364778  61.83942891  61.45699563  61.07004903
  62.25667433  62.70741063  63.04450605  63.81467474  63.93069866
  63.59924111  63.2679901   62.57257343  62.08152597  61.62212767
  61.75129267  62.17978799  61.58365517  61.3436079   61.1357119
  61.74094016  62.33556712  62.91410514  61.73262881  60.73250824
  59.04262096  57.52367076  58.00100044  58.5831292   59.46328274
  60.53575952  61.17471888  62.16877845  62.10000154  62.19949446
  62.32952873  61.94151023  62.09434123  62.66336929  63.20454583
  63.58214872  64.04081717  64.78741119  65.32699255  64.78428458
  64.20361153  63.03427072  61.96739948  60.46703227  58.967109
  57.95151727  58.67202094  59.39238939  60.11234418  61.04117047
  62.0329068   62.50927431  63.35454912  63.98411012  64.01954338
  64.08247192  63.34796421  62.08534503  61.20066263  60.93928488
  60.83525064  60.79899218  60.82834358  61.47683334  62.03892503
  62.31326524  62.45846166  62.11663595  62.11544128  62.05499071
  61.28444584  61.12543854  60.89185247  61.51983127  61.71395763
  62.00706148  62.28887512  62.32302351  61.80737686  61.71696092
  60.97900639  60.20197375  60.03473861  59.37453507  59.12599789
  58.93570768  58.36777493  58.20315801  58.70162126  59.04333941
  59.59078852  60.25298343  60.03592642  59.81912392  60.37275964
  60.47915409  60.68577865  60.69796791  60.7269059   60.93308352
  61.46034134  62.56145986  63.49823036  64.4345883   64.9516888
  64.46201608  64.56026002  64.60385949  64.61169835  64.91421634
  65.13828527  64.53692162  63.55881293  62.71519086  61.77334773
  60.91123878  59.963902    59.04727752  59.55293185  60.29834379
  61.26137832  61.832132    61.99443833  62.15669786  62.02046835
  62.52094873  62.46548126  62.75294993  62.91712647  63.16102967
  63.47216969  63.50371724  63.66817557  63.832544    63.99682244
  64.22611326  64.4989857   64.77171951  65.0160901   65.10134441
  65.18648689  65.27157373  64.87441883  64.2745261   63.67484121
  63.20994365  63.13080728  62.78210234  62.97253875  63.3303318
  63.79057185  64.25057516  64.18457898  63.19572684  62.2073229
  61.21924881  60.76359661  60.35693413  59.9504841   60.19440205
  61.17437301  62.15392673  63.11770022  63.39617032  63.67450816
  63.95273003  64.41220355  64.72857933  65.59834213  66.14144761
  66.34677893  66.55196918  66.75705575  66.61276803  66.30500608
  65.99733085  65.6399343   65.11979145  64.55106107  63.70577544
  63.23602229  62.75390209  62.13363952  62.04151509  62.07032885
  62.19297545  62.33032081  63.18971604  63.83370426  64.83062834
  65.5153417   65.99009227  66.38290868  66.67204695  64.93229899
  62.70955247  61.31205695  60.20811212  60.78348731  59.65135868
  59.60348623  59.46386993  57.44745186  58.91339169  59.17427236
  58.78093949  59.32732758  58.01321114  56.03603322  53.52955775
  53.07347096  54.35505343  57.38879689  58.63798596  59.0022262
  56.85757019  56.75373214  59.40841751  59.14000244  61.51169715
  58.90246982  58.47902634  58.13773705  56.21009518  57.05409616
  57.04723652  58.16384825  58.99523094  60.65702372  61.67475307
  62.02372594  62.87302542  62.15503498  61.36671153  60.6821785
  60.85888349  61.7545829   62.27353125  61.25968536  61.05300096
  60.16502492  59.48565592  60.51564358  59.87241092  58.89967881
  56.92723193  54.96457783  52.77895099  53.83747688  56.06455937
  57.74043224  56.81773951  56.43307176  54.06880209  53.41267575
  54.62862021  53.930027    55.57177023  55.43207917  55.10863816
  51.62128699  48.99358626  48.14664546  47.42985599  47.43114959
  47.02900935  44.4871426   42.04885548  39.99726628  37.74437726
  39.19136762  41.96149254  44.91992995  47.27994751  50.84569559
  52.01882895  51.34186695  50.81962081  49.2208594   47.29559207
  48.26084113  49.21554648  50.80844525  53.4867964   55.06498488
  56.3628205   57.21081151  56.92306419  57.13287123  55.4779059
  55.45270218  55.52775136  55.09779066  55.85502787  56.30856715
  56.41473482  56.04705951  55.89161607  55.14645253  53.23863372
  52.8149046   52.98028923  53.82990024  54.91540324  55.91770846
  57.54616086  58.93336156  60.86978925  62.10654657  62.17974688
  61.93128928  60.62927933  60.37062447  60.47641835  61.16284748
  61.55958656  61.52185375  60.8755268   61.1015424   61.96590309
  62.12298021  62.42773778  60.72107131  58.91759411  57.96668594
  58.4171225   59.37918141  60.48199048  61.12251723  61.82707277
  61.95060865  61.87078251  59.84239617  57.5813424   55.44525896
  54.58159059  54.27353358  54.01511765  54.2529038   55.39785242
  56.10075008  57.13392361  58.16307959  59.19145552  60.4965106
  61.36760712  61.71387138  62.1475247   62.71069265  61.54536028
  60.4420405   59.49017937  58.68089132  58.65193248  58.50031942
  58.21203194  57.94064242  57.5275336   57.2244738   57.87974728
  59.39590729  60.7301644   62.19272245  62.36493192  62.62953049
  62.92482442  62.60972316  62.55952846  62.70693682  62.9833372
  63.12189176  63.01533268  62.98392905  62.50338179  62.10267093
  61.84467327  60.92979451  59.36311893  57.79725584  56.23224487
  57.48783113  59.18169661  60.87451954  61.85144905  61.83393554
  61.81648097  61.79894456  60.93711365  60.05086403  59.16514446
  58.82454714  58.97801637  59.13140119  59.32904824  60.0548155
  60.78014675  61.50508033  61.8152816   61.88249496  61.94964802
  61.84905556  61.00234021  60.156073    59.31027213  58.11939069
  56.805529    55.49240295  54.47608264  54.18649657  53.89699638
  53.60764492  54.91343048  56.51630158  58.11816031  59.03211597
  58.89658274  58.76114141  58.62570709  58.69865462  58.7828305
  58.86694297  59.02011586  59.24192587  59.46362989  59.62271966
  58.71184929  57.80149125  56.89170227  56.26747348  55.82720436
  55.38717387  54.93207389  54.39719908  53.86261985  53.3283365
  53.79275784  54.65622162  55.51910744  56.04408611  55.64420271
  55.24448059  54.84497566  54.17052893  53.43622987  52.70230733
  52.31084179  52.49349628  52.6760164   52.85838024  53.1672468
  53.48596455  53.80453468  54.20180838  54.68696963  55.17194334
  55.64779834  55.85942285  56.07095604  56.28235475  56.53120436
  56.80641756  57.08153682  57.42933627  58.22977839  59.0299041
  59.82964663  59.47195646  58.59845882  57.72534018  56.81920279
  55.81056634  54.80236026  53.79454497  52.98874038  52.23425079
  51.48009758  51.84994505  54.29626765  56.74162069  59.18593881
  59.22380001  59.00655493  58.78943095  58.17858025  57.10045598
  56.02282392  54.96418981  55.7110993   56.45764974  57.20391446
  57.93115688  58.648047    59.36573667  60.04694401  60.4519529
  60.85680809  61.26162943  61.24642539  61.0238404   60.80125307
  60.3366992   59.02598266  57.71551216  56.40535586  56.32229547
  56.59456247  56.86671894  57.05720323  57.0808599   57.10446035
  57.12810083  57.08356149  57.02990975  56.97623724  56.80801868
  56.49488974  56.18185534  55.86899711  54.8241609   53.77059017
  52.7174696   52.68206663  51.26848758  44.77473496  36.16321753
  28.48294718  23.38935522  20.25328356  19.91341772  16.21426902
  14.54489541  15.03244201  14.57687979  14.84887628  15.46994512
  15.80364963  18.30062484  19.14727774  24.1995532   24.51473261
  29.34715905  37.2714609   41.95047766  45.81504656  45.804645
  38.35561923  31.46508365  33.24520128  27.25560636  26.55767811
  30.44037503  25.0582246   26.2018909   30.29681634  25.9236215
  26.78945673  31.72015705  30.99196821  31.22751895  34.14296814
  36.11628959  33.07243509  35.2466016   38.82597228  38.9336086
  38.96917584  39.60527594  39.58363721  39.29596004  39.97862187
  40.84664616  41.26958218  41.77889141  43.51519917  43.85892214
  44.09059979  45.98306485  47.78703059  47.08942581  47.49937449
  48.00014752  51.16363188  52.06525447  50.71477192  50.23083485
  50.41111079  51.51606603  50.68973113  50.26860204  50.18389328
  51.51122916  52.1010334   51.26177557  51.29133334  51.21930317
  52.53683287  52.34051927  52.16482466  52.28641776  52.72388788
  53.62938494  52.98767527  52.16329527  52.0072162   52.48485048
  53.6236624   54.70690514  54.69260395  55.26759519  55.95682643
  56.76923245  57.04108179  56.6875566   56.33425497  55.47313501
  54.0483345   52.62418052  51.17737133  48.87134088  46.56638614
  44.26259111  43.60992419  44.15318514  44.69615199  45.19752853
  45.42840392  45.65932028  45.8901193   47.61973293  50.03488167
  52.44884908  54.26826962  54.19351866  54.1187443   54.04401185
  51.95222512  49.33172644  46.71248854  45.36837033  46.43923111
  47.50951564  48.57929453  50.05969478  51.58605584  53.11167923
  53.55367527  52.67980461  51.80633994  50.93689696  50.93242699
  50.92795159  50.92349681  51.28213289  51.92869184  52.57489828
  53.21171712  53.77472293  54.33748832  54.89989146  54.51947808
  53.66149712  52.80389482  51.90696589  50.86632283  49.82622328
  48.7865616   49.00468428  49.59885716  50.19171907  51.00015512
  52.2620886   53.52335693  54.78386305  54.38094195  53.74238293
  53.10411056  53.00163211  53.61321715  54.22449089  54.83537634
  55.14917808  55.45733123  55.76525257  55.07367719  53.51229314
  51.95179497  50.48049764  49.92691868  49.3736649   48.82066556
  49.64087315  51.22824681  52.81477234  53.96753199  53.32152838
  52.67591123  52.03060459  52.507475    53.36315988  54.21903298
  54.93527066  55.32655075  55.7176797   56.10853781  56.09916949
  56.02106901  55.94302645  55.79341247  55.53914936  55.28507794
  55.03107104  54.2477447   53.44244752  52.63758633  52.29718396
  52.39872404  52.5001596   52.60754104  52.80064542  52.99359196
  53.18642567  53.8395019   54.77630824  55.71257159  56.36231402
  55.63239434  54.90281916  54.17361515  52.48952181  50.44290487
  48.39737538  46.86049691  46.64391805  46.42742417  46.21107382
  45.98178015  45.74998777  45.5183139   45.90166382  47.27167409
  48.40233094  50.00942416  50.46828653  50.67462476  51.24877749
  52.0028836   53.09771063  54.19192628  55.20135221  54.20203115
  53.20970711  52.31655861  52.10496374  52.34833319  52.48366929
  52.62003591  53.93616376  55.23887956  56.60880816  57.12721264
  56.73760304  56.76111113  56.82987416  57.00075023  56.85424067
  55.86354089  54.63602031  53.24948355  52.1159549   51.9578311
  51.9956611   52.01588794  51.71823     52.4360569   52.99707119
  53.91198602  54.57601407  55.02776523  56.45534359  56.88021014
  56.49773264  56.43240418  56.3329345   56.32717655  57.03325175
  57.15928392  57.17471336  56.64179815  56.10919678  55.5768252
  55.2055441   54.91021333  54.61501846  54.44100436  54.66503879
  54.88898192  55.11275155  54.61002308  53.90974524  53.20981159
  52.33364013  51.11405936  49.75878996  48.30245981  48.0183099
  47.71588528  47.4380723   47.97942147  49.63452723  51.499015
  53.33164381  53.95026549  54.35507062  54.5776364   54.60472608
  54.15233109  53.42256789  52.92957094  52.60851769  52.2875757
  51.96680334  52.25320757  52.69768341  53.0688443   53.4194404
  52.99024335  52.81593401  52.61703892  52.76748427  53.09106119
  53.41450103  53.88514417  54.67325927  55.19664509  55.87474038
  55.89853841  56.22065573  56.72896337  57.02257645  57.21656067
  56.46110543  55.85365849  55.20834714  54.51689016  53.98283904
  53.39587936  52.892413    52.54376346  52.21281747  52.17877338
  51.85197454  51.36611428  50.57159786  49.91024001  49.36784205
  49.38516574  50.86947114  52.30664273  53.79730366  54.20337559
  54.34546496  54.39273044  54.20066327  53.76403922  53.40393605
  53.34754334  53.42906059  53.5100508   52.98941108  52.84748081
  53.0025465   53.33118356  53.93479067  53.59382606  52.95230929
  52.31123434  51.85839733  51.5891194   51.31994857  51.04902533
  50.74760222  50.44631452  50.14526626  49.89047195  50.11540404
  50.19101791  50.31723709  50.76681313  51.21611462  51.66506825
  50.9049411   49.67300988  48.44178074  47.62425393  47.91386879
  48.20329305  48.49248505  48.86573812  49.25663899  49.64723886
  49.92051791  50.59852912  51.41942414  52.19821498  52.62906769
  53.17085201  53.28401165  53.15537298  52.89334816  52.59576624
  52.19723474  51.99149599  51.81692366  51.64621778  51.69016659
  52.04044959  52.1614767   52.30415675  51.68267448  51.1789818
  50.75811574  50.24670164  49.9192543   49.21811017  49.07873129
  48.95573929  48.91901364  48.9216284   49.14814983  49.77036016
  50.67025084  51.13620415  52.09829309  52.96548111  53.98364646
  52.70060916  52.25240235  51.60186073  48.85246044  47.43690635
  46.23480739  45.3569354   48.11331038  48.87156169  48.59188284
  48.57048549  48.08694953  48.67417309  48.75242037  46.70367276
  44.99153743  44.5501511   45.31552188  46.48136264  46.98539748
  47.70215381  46.83967373  46.8686484   48.24712388  44.99304602
  44.20423996  42.25378334  40.99958291  44.56764278  46.73828503
  45.99741892  45.87247112  45.80974593  45.96000521  48.83041775
  49.81718111  46.11913568  42.98200008  41.26151735  40.68364136
  41.5463322   43.91994266  45.63382742  45.03112896  47.26010229
  45.27161649  44.38774599  45.7838028   44.79625422  46.9424807
  48.07260536  48.21394436  47.55949416  46.63570398  44.97490454
  44.62186325  47.80529455  48.87292151  50.29729712  50.95630251
  50.76480863  50.18444339  49.96621261  49.01339718  48.92920061
  49.24326809  49.44142095  49.63588393  48.62252715  48.40100375
  47.32744623  47.43887847  46.60419325  45.96590349  44.33804414
  39.66512609  38.0461913   36.08820369  35.9304119   40.45349225
  41.01716795  43.01750321  44.69782223  45.48097128  47.21140908
  47.55909924  48.62248526  47.18590452  47.78485502  48.4756619
  48.9308311   50.83700791  51.56282281  51.31994311  50.58811959
  49.79025785  49.16981029  46.40471709  45.39316036  44.62219982
  44.14243201  46.31426244  47.03788246  47.30661247  48.41356632
  48.45554985  49.15837921  49.68291975  49.63437024  48.16036787
  47.50606964  46.06444657  45.73835935  46.1291297   46.77961874
  47.05335038  47.0041737   45.94457584  45.99486112  47.35798447
  48.10737152  48.70598786  47.13126319  46.90609239  46.96430284
  49.27526898  48.00252171  47.98583845  47.57525863  47.25376177
  48.7729191   48.37895374  48.3963885   48.24637176  46.9728697
  46.72488716  46.73028768  46.96541861  48.73248931  49.48429592
  47.90633288  47.56853679  47.34776653  46.5997425   46.71494801
  46.0858721   46.10887789  44.38853218  44.80577051  45.36365586
  45.72926794  47.79891607  48.62962753  48.49843638  47.93135119
  47.98350303  47.75817704  47.90186442  48.36369291  48.46667056
  48.20002003  47.35761939  47.3399304   46.65397641  47.05407219
  47.31843262  46.38305269  45.70576936  44.38373536  44.53925148
  44.94893418  45.28678547  45.74198124  46.02953225  45.96817295
  45.89299164  46.63556604  47.06636928  47.4343266   47.24225717
  46.64607254  46.06917544  45.70236366  45.74746973  45.69457918
  45.62497199  46.92130622  47.79546248  48.60558377  48.97882209
  48.86103641  49.23826266  49.62339707  50.12953745  50.57203382
  50.32367277  49.56894536  48.33769663  47.16650889  46.16308348
  46.38398238  46.62551829  46.94425491  46.92084274  47.29769127
  47.54871904  47.77916189  47.52180752  47.07664787  46.81271773
  46.90157103  46.70630291  46.71679081  46.89556022  47.34485663
  47.94142345  48.69442395  48.80929238  49.12282833  48.88844727
  48.6220657   48.01334193  47.40219727  47.01984325  46.94004279
  47.05922967  47.01343948  46.90198275  46.79727173  46.69266063
  46.58802267  46.64108456  46.75040433  47.02736846  47.15429709
  47.18815786  47.20626402  47.22079242  47.25908984  47.41018539
  47.50810207  47.68318383  47.58063419  47.47817665  47.29308367
  46.7224739   46.15227243  45.58239504  45.22547017  44.94762407
  44.66999879  44.58257468  44.9777165   45.33810823  45.53268121
  45.84840537  46.13644274  46.52900711  46.80822469  46.62517852
  46.44230899  46.25950696  46.68016374  47.1380871   47.59570824
  47.92847333  48.13380267  48.33904464  48.52982561  48.19668222
  48.06792524  47.96499871  47.73835467  47.61053682  47.2398219
  46.87855234  46.56864837  46.25889214  45.94935865  45.82335129
  45.77342318  45.58817406  45.49023585  45.63087628  45.74799516
  45.98150656  46.42826862  46.89851997  47.52789338  47.81021835
  47.70405151  47.59787365  47.49173765  47.10738433  46.44833217
  46.03676469  45.69324852  45.45665735  45.4874572   45.31515758
  45.27179516  45.59308659  45.73192752  45.44154621  44.83858361
  44.2358746   43.70299363  43.63119108  43.5594086   43.4876462
  43.98977983  44.75606005  45.52204513  46.18306491  46.50747033
  46.63291831  46.68488912  46.87017026  46.9808847   47.26415008
  47.70327414  48.15286417  48.53706308  48.79381885  48.53889849
  48.22515743  47.91154431  47.61214872  47.35627193  47.27175372
  47.45791256  47.36769972  47.27751473  47.18735762  47.30948718
  47.60090094  47.89216932  48.13913745  48.02457315  47.9100478
  47.79547826  47.72917745  47.68744399  47.64571643  47.62717724
  47.69329362  47.75936647  47.82539575  47.7646042   47.66564903
  47.56675535  47.4855263   47.44160887  47.39769847  47.35379512
  46.91062139  46.41029977  45.91019703  45.77669678  46.13454038
  46.49227688  46.84983789  47.08035338  47.30822278  47.5359725
  47.2975918   46.65136895  46.00543534  45.46930537  46.08876622
  46.7079952   47.32692403  47.70096324  47.93681423  48.17254042
  48.31425392  48.06248572  47.81079315  47.55918099  47.3631386
  47.18603434  47.00900058  46.91741071  47.02623057  47.13498511
  47.24367427  46.77100585  46.19765389  45.6245388   45.08784412
  44.60447046  44.12131546  43.63837935  43.774936    43.93843272
  44.10183802  44.46292217  45.01309603  45.56296624  46.07658007
  46.06543941  46.05429066  46.04313382  46.26100297  46.62091769
  46.98064393  47.23708388  46.99131712  46.55583208  46.10626535
  46.21812305  46.68745009  47.30085852  47.7372439   47.70707486
  47.40320955  47.09939444  46.92131696  46.76917746  46.61709892
  46.61393192  46.85099201  47.08792106  47.32471893  47.30669984
  47.271235    47.23568804  47.05787629  46.73116829  46.4046086
  46.03693237  46.22795826  46.65477114  47.17634392  47.55921188
  47.55808703  47.55686184  47.55092887  47.5174839   47.48404125
  47.45060094  47.48648399  47.55193141  47.61733133  47.67885759
  47.729046    47.77907707  47.82506652  47.63722377  47.39353529
  47.14999611  46.98925127  46.97534036  46.96142216  46.94749668
  47.06838226  47.20207599  47.33568272  47.44722718  47.53355862
  47.61981367  47.6978816   47.35676955  47.01587517  46.6751599
  46.4580306   46.33322745  46.20849364  46.06623125  45.80097225
  45.53588006  45.27095479  45.03652647  44.8166018   44.59675564
  44.34557836  43.99010078  43.63485417  43.27983867  43.55810044
  44.00996061  44.46148962  44.79511238  44.89819094  45.00112227
  45.10403592  45.06537953  45.00936127  44.95336559  45.03454998
  45.28735703  45.53996979  45.79238815  45.7645228   45.73566899
  45.70689103  45.64909301  45.56758824  45.48612392  45.37956056
  45.05364011  44.72793318  44.40243987  44.25256362  44.19478649
  44.13703366  44.07930334  44.02159055  43.96390212  43.90623806
  42.96816395  41.75620687  40.54509749  39.27983818  37.89610545
  36.51334634  35.13156136  35.852149    36.89078936  37.92867187
  38.19500805  37.8626359   37.57822228  37.50123828  38.87545399
  40.29264478  41.70880016  42.57182039  42.94041084  43.30871888
  43.64117153  43.56698435  43.49284224  43.41877415  43.37550908
  43.36126823  43.50820872  43.7369729   43.8460004   43.80928097
  43.7725711   43.41004284  42.93331461  42.45695411  42.21466715
  42.53735801  42.85979658  43.18198273  43.32860335  43.44320411
  43.5576829   43.62499334  43.62140744  43.61780687  43.61419164
  43.64596941  43.67948707  43.71296268  43.56508416  43.23949058
  42.65275222  42.27802144  42.427376    42.68115408  43.06348251
  43.12168873  43.12218094  43.04628522  42.90520633  43.07460716
  43.5064751   43.68335274  43.5226841   43.22939766  42.93631211
  42.77318025  42.60411134  42.76089156  42.89863513  42.74679641
  42.96375804  42.74303695  42.61178545  42.62853075  42.64524602
  42.66193126  42.6178079   42.56911376  42.52043872  42.45890102
  42.22003315  42.30862298  42.05865867  42.18807691  42.49732169
  42.8935794   43.11727881  43.24132473  43.36525868  43.44744446
  43.21938623  43.00369453  42.9411592   43.00243084  43.1646167
  43.11966785  43.09680301  43.10661338  43.15665613  43.34931009
  43.50080334  43.18466371  42.86874778  42.57883418  41.94138085
  40.83340322  40.40256736  40.60792267  40.75290557  41.42739449
  41.44148326  41.08616157  41.4302951   40.46400824  40.37962258
  40.27997552  40.3777889   40.8118827   40.53137448  40.50529178
  40.25729474  40.49010535  40.27611397  40.1937713   38.89811145
  37.92710121  39.15542298  38.72337476  40.38154587  40.83714335
  38.54495597  37.28899254  35.83645876  34.17955721  36.11336036
  37.72778947  38.84204247  38.01021398  36.61461548  35.25460766
  33.95601329  36.02640272  37.79529859  39.08626306  38.21828116
  37.25607021  37.08914364  37.3128648   39.00099585  36.47675462
  32.83001203  30.85051972  28.09961759  27.42087896  30.61123691
  32.25392388  35.76341764  40.00204387  40.43071193  37.31998422
  35.59487247  35.23260147  32.44419831  35.53860163  36.37555151
  34.75146428  37.50374929  37.58640712  36.78011844  37.99746227
  38.9365754   38.28535813  36.74490624  35.97846566  35.9130307
  36.51447539  40.09120789  38.33040876  37.66888016  34.09225638
  35.15661334  37.02855939  37.29450815  39.51907997  39.4536063
  39.96151749  40.20088883  41.62733348  42.09505623  42.02934196
  41.40762993  40.6080147   38.87779427  38.52865359  38.91136887
  38.91562235  40.05405672  40.15818656  40.04734397  40.28123836
  38.38408747  38.28869869  38.48960293  38.67033021  40.19601506
  38.90928489  37.80986829  37.30245013  36.10100055  36.82382014
  37.96991369  38.96909926  37.79972704  37.30308703  35.53793784
  33.43213946  34.73793142  34.90657397  36.96777656  38.28561755
  37.41283243  34.14504632  32.49325063  32.4829577   34.64722723
  37.00079127  34.06345329  33.91102291  33.22980325  33.41363458
  36.55824905  35.54770224  34.95638262  35.06624586  35.49550723
  36.04038852  33.49670151  32.70534268  33.23655424  34.28453838
  35.87660001  35.13735416  32.67647619  32.552162    34.45085441
  36.30606136  38.10601561  37.88001885  37.22722126  35.97695867
  33.31337096  30.81977767  31.5651495   33.2269413   36.38268636
  37.9160423   38.02860855  37.43276981  36.32925514  33.98668385
  31.65160281  31.56574111  31.98783816  32.62664147  30.90808428
  29.77114354  30.77014073  32.22987335  35.864623    36.36190976
  35.24469639  35.02869919  34.96305272  35.69887467  36.09362161
  35.83937284  33.65615058  30.49202036  29.71446619  27.0159983
  28.81843355  31.8471681   32.49426326  35.04488807  35.15569943
  34.35863807  34.64424841  34.65861704  33.18035781  32.21842628
  32.77145361  32.78075964  33.35524312  30.88528735  29.09694903
  28.19208698  28.82116769  32.35862913  33.84830893  35.65769951
  35.17694985  33.2087003   32.58452739  32.59478883  33.47877783
  35.5906598   36.11323974  35.27088306  34.69791961  33.1245939
  31.56124903  32.18619651  32.26023493  33.71565961  34.4514004
  33.76728002  33.22283899  32.63466063  32.25550218  31.58613392
  31.46007663  32.13341377  33.03557674  33.33477115  32.80198506
  31.8523966   29.82742117  30.34998586  31.57240745  32.51876985
  34.17679442  34.45593307  33.50467331  33.40532485  33.76728135
  33.5173626   34.14420173  33.9548205   33.69595011  33.89115021
  33.52104487  33.49106734  33.02963538  32.16750935  32.55330233
  32.47441856]
