[  15.01949551   15.26229202   15.50591369   15.75034117   15.99559873
   16.24165367   16.48853748   16.73623867   16.98477076   17.23410621
   17.48427092   17.73526639   17.98708981   18.23972931   18.49319465
   18.74750507   19.00263956   19.25860378   19.5153907    19.7730356
   20.03150098   20.29081065   20.69468003   21.16557737   21.63804495
   22.11212078   22.58777858   23.06505834   23.54391211   24.02438779
   24.50646128   24.99016268   25.47544573   25.96235579   26.45088511
   26.93995171   27.43043348   27.92249767   28.41616011   28.91140354
   29.40822318   29.90662085   30.40664113   30.90823715   31.41143243
   31.49215783   31.39712802   31.30161284   31.20565551   31.10921526
   31.01234936   30.91498842   30.81718934   30.71891192   30.62019819
   30.52098528   30.42132741   30.32120083   30.22062577   30.11955267
   30.01802268   29.91603491   29.81358165   29.71064165   29.60722797
   29.50336697   29.39902393   29.29420495   29.30786574   29.36607159
   29.42433331   29.48268283   29.54108828   29.59960521   29.65817145
   29.71683419   29.77555643   29.82796427   29.8757255    29.92357311
   29.97144454   30.01937196   30.0673554    30.11539493   30.1635195
   30.21167644   30.25988448   30.30814877   30.35647105   30.40488046
   30.45331377   30.42849314   30.37880868   30.32894516   30.27888012
   30.22860142   30.17812412   30.12744793   30.07660624   30.02553138
   29.9742568    29.92278223   29.87110738   29.81925029   29.76718897
   29.71428558   29.66110204   29.60771991   29.55417182   29.50039162
   29.44641202   29.39223275   29.3378617    29.28330665   29.20828619
   29.12691315   29.04527273   28.9633646    28.88122035   28.7987756
   28.71606208   28.63307944   28.54983519   28.46633678   28.38254453
   28.29848176   28.2141481    28.12916072   28.04359239   27.95774915
   27.87163841   27.78525983   27.69864348   27.61172808   27.52454384
   27.43709039   27.34936742   27.15987916   26.94265611   26.72484048
   26.50643899   26.28747823   26.06790409   25.84774054   25.62698828
   25.40564662   25.18372719   24.96121942   24.73810501   24.51439834
   24.2900987    24.06520538   23.83974355   23.61366046   23.38698154
   23.15970984   22.9318582    22.70338725   22.4743176    22.24464855
   22.40867548   22.66598312   22.92384638   23.18228647   23.44130527
   23.70090727   23.96110746   24.22186662   24.48320712   24.74512963
   25.00765228   25.27075046   25.53442321   25.7986806    26.0635233
   26.3289802    26.59499577   26.86159862   27.12878943   27.39656886
   27.66495678   27.93392605   28.20347556   27.89894861   27.47559203
   27.05119701   26.62570413   26.19914145   25.77150772   25.34281112
   24.91304857   24.48219367   24.05026269   23.61725437   23.18316745
   22.7480248    22.31177643   21.87444568   21.43603242   20.99655421
   20.55596827   20.1142949    19.67153284   19.22768081   18.78275441
   18.33656234   18.43555585   18.63117213   18.82719253   19.02363453
   19.22046166   19.41769317   19.61532948   19.81338244   20.01183914
   20.21069251   20.40995234   20.60961903   20.80969409   21.01019668
   21.21108666   21.41238518   21.61409264   21.81673832   22.02051144
   22.22470657   22.42933441   22.63439545   22.83991395   23.46828185
   24.16090051   24.85507704   25.55081979   26.24813785   26.94699901
   27.64742492   28.3494173    29.05297788   29.75813923   30.46484209
   31.17311833   31.88296967   32.59440627   33.30743901   34.02202675
   34.7381965    35.45595001   36.175317     36.89625326   37.61876914
   38.34287571   39.0685747    38.94033571   38.70724604   38.47352349
   38.23919743   38.00428473   37.76877079   37.53262979   37.29588253
   37.0585283    36.82056641   36.58203361   36.34285407   36.10306479
   35.86266508   35.62167062   35.38006772   35.1378323    34.89498367
   34.65152114   34.40747731   34.16278638   33.91745559   33.67147851
   34.11661177   34.62993338   35.14436207   35.65987565   36.17649467
   36.6942203    37.21308956   37.73303438   38.25408749   38.77625197
   39.29953496   39.82396003   40.34946624   40.87608858   41.40382823
   41.93271388   42.46270705   42.9938063    43.52602764   44.05937225
   44.59384806   45.12948145   45.66620357   45.83503524   45.97728694
   46.11828638   46.25797722   46.39789258   46.53803266   46.67839767
   46.81903468   46.95985027   47.10096205   47.24215353   47.38352324
   47.52542694   47.66741519   47.80946327   47.95200044   48.09471733
   48.23744561   48.38040064   48.52394474   48.66747576   48.81111342
   48.95497865   49.41701449   49.89538909   50.37466462   50.85529508
   51.33650434   51.81856611   52.3015569    52.78599994   53.27085602
   53.75664381   54.24336423   54.73155863   55.22015152   55.70967971
   56.20069826   56.69210434   57.18444842   57.67775979   58.17252662
   58.6676947    59.16380438   59.66144276   60.15944295   60.12330596
   60.07223891   60.02138954   59.96984491   59.91810577   59.86637704
   59.81462841   59.7623036    59.70992933   59.65765053   59.60473808
   59.55162957   59.49858605   59.44540328   59.39170451   59.33780881
   59.28409122   59.23000225   59.175142     59.12038612   59.06537482
   59.00990749   58.95424262   58.93722353   58.92005867   58.9026316
   58.88545605   58.86798937   58.85020334   58.83229753   58.81475525
   58.79669431   58.77842784   58.76004103   58.74210067   58.72347228
   58.70472312   58.68639034   58.66742702   58.64831423   58.6290801
   58.61028823   58.59081054   58.57121108   58.55151783   58.53506586
   58.72098415   58.90719655   59.09426977   59.28107268   59.46817049
   59.65564909   59.84382431   60.03180984   60.22012008   60.40924601
   60.59812161   60.7872939    60.97690855   61.16711278   61.35717823
   61.54754142   61.73846709   61.92975132   62.12101078   62.31277634
   62.50502017   62.69717825   62.88725758   63.01064429   63.13413239
   63.25751186   63.38105186   63.50520356   63.62921625   63.75323951
   63.87781643   64.0023742    64.12688186   64.25155094   64.37689801
   64.50198235   64.62713735   64.75245429   64.87854443   65.00418651
   65.1299909    65.25654087   65.38270186   65.50899486   65.63630613
   65.76703245   65.93494241   66.10310079   66.27212909   66.44078625
   66.60969247   66.77884797   66.94887939   67.11853537   67.28844128
   67.45869185   67.62963528   67.80029351   67.97123422   68.14299798
   68.31441046   68.48607436   68.65814974   68.83079794   69.00321867
   69.17589167   69.34910722   69.52264124   69.69123741   69.80062878
   69.90917621   70.01625903   70.11842245   70.22017238   70.32251678
   70.42431627   70.52687422   70.62904937   70.73165782   70.83430783
   70.93686815   71.03996159   71.14299841   71.24581377   71.34922949
   71.45209409   71.5557248    71.65896822   71.76264911   71.86637158
   71.97000299   72.07846391   72.22714942   72.37668699   72.52584709
   72.6756618    72.82546489   72.97538947   73.1258379    73.27587111
   73.42673162   73.57778216   73.72834747   73.87977739   74.03082175
   74.18252997   74.33422461   74.48604103   74.63838832   74.79031171
   74.94307447   75.09537741   75.24848781   75.40144594   75.55732676
   75.73394062   75.91030289   76.08748506   76.2642062    76.44185383
   76.61973512   76.79718682   76.97519579   77.15180786   77.3287164
   77.50606273   77.68314316   77.86104996   78.03847739   78.21683977
   78.39496908   78.57353906   78.75240846   78.93114917   79.1106541
   79.28967143   79.46963429   79.64560428   79.79877537   79.95231008
   80.10555853   80.25920673   80.41311073   80.56683512   80.72128784
   80.87519629   81.0300169    81.18447401   81.3394803    81.49459768
   81.64967907   81.80542224   81.95856524   82.11253996   82.2660651
   82.42028461   82.57446007   82.72873897   82.88360414   83.03838773
   83.19485519   83.3612956    83.52718582   83.69402023   83.86041482
   84.02753125   84.19461963   84.36182976   84.52961439   84.69691681
   84.86513508   85.03283142   85.20140818   85.36980333   85.53847252
   85.70756896   85.87632918   86.04593791   86.21570799   86.38498627
   86.5551933    86.72486818   86.8954358    87.03596325   87.03785029
   87.03989235   87.04131697   87.04332103   87.04447632   87.04632619
   87.04759754   87.04902306   87.0504483    87.051411     87.05287388
   87.05348938   87.05479696   87.05602664   87.05640953   87.05748343
   87.05797983   87.05862875   87.05927633   87.05946197   87.06014488
   87.05998244   87.07711163   87.16105888   87.24554432   87.3324268
   87.41914105   87.50641722   87.59298662   87.68038779   87.76719684
   87.85460754   87.94219664   88.02926968   88.11679108   88.20429788
   88.29163529   88.37953803   88.4667295    88.55475779   88.6421902
   88.73022789   88.8180957    88.90594855   88.99425264   89.09506742
   89.24392489   89.39220627   89.54135323   89.69027409   89.83943714
   89.98911713   90.13860918   90.28818709   90.43832276   90.58791483
   90.73842009   90.88834075   91.03913719   91.18970359   91.34051429
   91.4917285    91.64255227   91.79421736   91.94525201   92.09724934
   92.24889407   92.4009444    92.47304721   92.28697037   92.10114721
   91.91485797   91.72766723   91.54080462   91.35280543   91.16524927
   90.97683468   90.78830921   90.59951462   90.40998247   90.22068725
   90.03026714   89.84027496   89.64935419   89.45847115   89.267162
   89.07527389   88.8835341    88.69068122   88.49824107   88.3054494
   88.21806955   88.43652361   88.65466204   88.87343385   89.09238347
   89.31135752   89.53108314   89.75029582   89.97053083   90.19036572
   90.41099499   90.63164737   90.85247685   91.07394989   91.29497762
   91.5170011    91.74218418   91.9696907    92.19751677   92.42495376
   92.65322134   92.88153205   93.11004313   93.22738908   93.05549703
   92.88401078   92.71142734   92.53920649   92.36624456   92.1930137
   92.01966936   91.8454302    91.67150512   91.4964538    91.32182969
   91.14635267   90.97075806   90.79508244   90.61863324   90.44191061
   90.26506646   90.08733708   89.90990401   89.73135964   89.55322201
   89.37424023   89.45378432   90.13826907   90.82335978   91.51001544
   92.19688915   92.8855304    93.57457713   94.26500977   94.95635777
   95.64845922   96.34207967   97.03649635   97.73150042   98.42811805
   99.12490544   99.82352289  100.52251133  101.22292054  101.92424666
  102.62631666  103.32994895  104.03371696  104.73935906  105.3955161
  105.94758315  106.50015086  107.05339494  107.60785444  108.16227081
  108.71831326  109.27512768  109.83179765  110.39015328  110.94849573
  111.5082559   112.06850915  112.62943985  113.19161301  113.75370943
  114.31747854  114.88111678  115.44638904  116.01195695  116.57839599
  117.14590272  117.71350371  118.11753244  118.20103722  118.285557
  118.37011091  118.45376575  118.53833843  118.62245371  118.70670106
  118.79127733  118.8751988   118.95999055  119.04383167  119.12869136
  119.21294463  119.29752734  119.38224257  119.46649851  119.55152824
  119.63560489  119.72070259  119.80509349  119.89001218  119.97521202
  120.04883037  120.10627562  120.16381745  120.2208623   120.27864673
  120.33543931  120.39321899  120.45025398  120.50778138  120.56520734
  120.62233377  120.68010131  120.73687601  120.79463856  120.85155657
  120.90916545  120.96647451  121.02368185  121.08143166  121.13883196
  121.19593219  121.25367417  121.31042188  121.40232281  121.54886205
  121.69621779  121.84339723  121.99059877  122.13842003  122.28546623
  122.43358158  122.58087059  122.7291805   122.87711276  123.02526707
  123.03695271  123.03121392  123.02623571  124.04128447  126.33007254
  128.62291289  130.91783939  130.24315042  129.56100237  128.87793207
  130.11506544  132.91911006  135.72784964  137.77724625  133.26769908
  128.751139    124.2285893   122.72213895  122.79102204  122.8606634
  123.12497769  124.12632149  125.12896589  126.1318933   128.7722301
  131.92306484  135.07845645  136.89488381  135.80691614  134.71818562
  133.62678716  130.42513346  126.88252175  123.33724136  122.88309553
  126.66382998  130.44813707  134.2350189   134.97207902  135.63272808
  136.29331366  133.46312124  127.51144346  121.55500507  116.01715724
  115.26318011  114.50879267  113.7531199   116.43719222  121.10618203
  125.77865223  128.75677643  124.39066647  120.02120856  115.64704679
  113.23776677  111.515226    109.79057888  109.54647357  112.86241559
  116.18069826  119.50233503  123.23590742  127.0471408   130.86073081
  131.10112238  125.97545109  120.84465289  115.709829    119.06218643
  122.83508441  126.61175109  129.80537473  132.4290008   135.05592926
  137.50731608  137.14372843  136.77907406  136.41456312  135.08873959
  133.1520883   131.21431973  130.10590182  133.19680817  136.29144976
  139.38803457  142.17091626  144.83116002  147.49418104  149.07730716
  147.75318651  146.42853663  145.1025831   141.92612108  138.35353827
  134.77749429  132.10018051  130.90676265  129.71275564  128.51778555
  129.78375475  131.23453176  132.68642194  133.05693334  132.27348683
  131.48901024  130.75662358  131.38454008  132.01343473  132.64294257
  135.43102607  139.72334671  144.01921995  147.35948958  144.95287765
  142.54380432  140.13228627  138.8636407   138.09321092  137.32219137
  137.54463624  140.76898953  143.99596825  147.22515334  148.48080749
  149.2490457   150.01754337  149.68935306  147.36463974  145.03800672
  142.70870574  142.34622937  142.18245216  142.01798575  139.0147351
  132.68983289  126.35917751  120.08577049  118.10816007  116.12952583
  114.14823475  116.13508922  121.15283701  126.17149534  131.13979633
  135.71435409  140.29219248  144.87437933  144.93887251  142.81373365
  140.6857213   139.05210748  139.10759311  139.16259044  139.21832182
  137.0991112   134.36346162  131.62629983  129.30785773  127.83342438
  126.35676392  124.87945644  127.57776638  130.81614562  134.05774633
  136.25847644  137.12651464  137.99592249  138.86549496  140.86770878
  142.88147955  144.8964848   144.02172423  140.73075298  137.4378692
  134.10836521  130.46618616  126.82176375  123.17396007  124.90502591
  129.52381983  134.14595948  137.75480615  137.39908617  137.04376507
  136.68780235  137.16387968  137.90821908  138.65262257  139.32100973
  139.81589792  140.30991784  140.80521669  138.344495    135.41421928
  132.48148285  130.71327196  130.57921894  130.44457563  130.30970663
  129.75932821  129.19493293  128.63097987  131.43249463  137.31248976
  143.19635623  148.67839491  149.2117109   149.74484595  150.27821297
  149.21965671  147.2188086   145.21662225  143.55106856  143.40374124
  143.25593776  143.10765921  141.22781781  138.72083722  136.21193413
  134.83081445  136.24188226  137.6540362   139.06772199  142.81932888
  147.01552002  151.21431618  152.3059332   148.61040654  144.91210643
  141.21177023  137.60294081  133.9969379   130.38888377  129.5679239
  131.53592171  133.50499341  135.59417487  139.79073989  143.99017828
  148.19324554  149.56722916  149.10163375  148.63620573  148.62148592
  150.98959792  153.35825083  155.72936891  157.41986125  158.83628216
  160.2543847   161.09707301  160.34792535  159.5987792   158.8482404
  159.77896509  161.08161757  162.38600449  163.00200057  162.45352189
  161.90532601  161.35599842  161.14957245  160.97149664  160.79243203
  159.71801114  157.66379632  155.60819254  153.63477958  154.31528862
  154.99692826  155.67835073  155.88589428  155.7557759   155.62473183
  155.58440217  156.11512571  156.64632466  157.17725358  152.87224146
  146.39025537  139.90296439  134.78161398  133.92923847  133.07553868
  132.22152195  132.05793527  132.07063505  132.08436382  132.68582356
  134.38654844  136.08787715  137.79049643  137.87839022  137.79268283
  137.70721107  135.73195417  131.49392761  127.25376208  123.03510702
  121.79833211  120.56008443  119.32099314  118.35058312  117.5891033
  116.82731651  116.80164997  122.46874474  128.14043325  133.816407
  138.17897036  141.88756624  145.5989794   149.21504264  152.48463161
  155.75696016  159.03205216  161.38993752  163.48125287  165.57421364
  165.67063587  161.64658152  157.6196612   153.59028888  150.80192315
  148.18201303  145.56048495  143.57174365  142.41513848  141.25776132
  140.09889056  140.56045841  141.0447737   141.52991912  143.42393949
  146.52598014  149.6306295   152.34148071  151.14873066  149.95518863
  148.76008901  147.18436057  145.39714524  143.60909872  143.41197051
  149.65519922  155.90335546  162.15527061  168.22918163  174.24705767
  180.2685563   183.62183244  180.86478294  178.10630918  175.34486153
  167.44853593  158.69325733  149.93071495  146.40553439  150.40963592
  154.41598673  158.42590799  162.77582809  167.14232564  171.51081433
  174.36256467  175.79365981  177.22486751  178.21443616  173.2801817
  168.34092623  163.39871687  160.42113356  158.63520415  156.84682412
  155.675344    157.40277644  159.1306209   160.86024315  165.67061545
  171.6302899   177.59497098  182.62507717  185.26474564  187.90774685
  190.55167149  192.49075387  194.29025366  196.09169792  196.30982118
  194.02905646  191.74745156  189.46400849  188.54403675  187.71010265
  186.87456769  185.513438    183.61265206  181.71111511  179.95272651
  181.09914401  182.24713288  183.39577192  185.1096668   187.20197957
  189.29532456  190.34094877  185.58904529  180.83435578  176.07634504
  173.15053277  170.98663913  168.82101879  167.83728692  170.23364554
  172.63129637  175.01848179  172.38352343  168.5907393   164.79487101
  163.40448966  166.19666994  168.99023477  171.783836    176.99427507
  182.42122465  187.84947924  189.67852206  187.4705448   185.26160049
  183.16806068  185.64894875  188.1308946   190.61486511  192.48870908
  193.91645809  195.34588237  195.14459972  184.14266576  173.13519603
  162.12091732  157.55099352  155.95630157  154.35958012  153.93952355
  157.30263766  160.6662166   164.03256846  170.07176809  176.82339491
  183.57897669  189.30545647  193.06030404  196.81782224  200.57664171
  191.27342758  180.45526563  169.6313501   160.80249765  154.41981523
  148.0314917   141.68392938  152.88451884  164.08871701  175.2990145
  180.7874971   181.69264588  182.59945114  182.96491395  178.88398206
  174.80189179  170.71739223  160.58982439  147.36689436  134.13779485
  125.02215399  130.98599384  136.95215821  142.92033082  154.57782602
  167.96086587  181.35094911  189.45299186  186.33853138  183.22418299
  180.10845701  172.53551814  164.31842735  156.09780528  148.09738492
  140.39596333  132.69087755  124.98237894  136.33945796  148.0880029
  159.8412036   171.5614939   183.25255297  194.94786437  205.00784808
  197.66585333  190.3196173   182.97149315  181.04157148  182.17336833
  183.30563792  184.42649379  185.50496466  186.58395705  187.66214287
  183.93150601  178.55470676  173.17546156  168.0885644   163.69037241
  159.28990769  154.88822472  160.93096654  168.79941578  176.67218334
  183.86828676  190.06509336  196.2657755   202.46750818  209.14616068
  215.84866225  222.55235517  227.85924096  231.8246972   235.79025316
  239.25838388  235.35358222  231.44571557  227.53709355  221.04921432
  212.95744465  204.86332023  197.94975675  196.81716165  195.68523229
  194.55256916  189.37130516  182.63844163  175.90261194  168.45802525
  159.16328061  149.86342721  140.56072337  144.37422746  150.89326305
  157.41584744  166.82280254  180.89249798  194.96877827  209.05082083
  211.48496349  213.11328795  214.74186186  217.81795036  222.41449099
  227.01269806  231.34846274  229.57276832  227.79620608  226.01726327
  220.95070275  213.63493925  206.31762021  200.41132012  202.68623826
  204.96320405  207.24135627  205.4439394   201.90278828  198.36052035
  194.97499012  192.05777734  189.14027177  186.22405968  181.14379614
  175.54151717  169.93567582  165.50772792  163.17611516  160.84225546
  158.50851232  149.93060259  140.75404839  131.57325656  126.22331577
  125.26960284  124.31558117  123.49658537  129.72408286  135.95471172
  142.18749874  151.79117123  163.91976344  176.05324116  187.60067901
  195.00562645  202.41286142  209.82482867  214.83082608  218.6935204
  222.55959853  225.93265818  227.65910019  229.38810442  231.11633546
  232.01378653  232.68262529  233.35036722  232.5606586   228.90331627
  225.24309719  221.58172037  220.62734443  220.0054908   219.38350468
  221.87442024  228.27526152  234.68053217  241.08864707  239.86233635
  238.60905011  237.35515881  236.13375658  234.95639343  233.77665714
  232.15108544  226.62608495  221.09616032  215.56353882  216.47003673
  220.7583977   225.04998281  227.44818134  222.65885107  217.86660297
  213.07176207  211.55081883  211.05522405  210.55918982  208.53324306
  203.18220238  197.82767511  192.46813877  181.50037082  169.67230562
  157.83533991  152.41192872  155.81640022  159.22362757  162.63333004
  174.66623807  186.93711297  199.21633669  207.50962298  212.22445925
  216.9430307   221.59109483  225.40667563  229.22554448  233.04516588
  236.01777454  238.49893636  240.9797442   242.3595101   238.911073
  235.45851878  232.00560083  236.60152547  244.04272721  251.48912764
  258.30508664  263.59319824  268.88226758  274.16008203  273.5230018
  271.80620635  270.0875221   267.76830111  264.54467534  261.31748148
  258.09056847  254.31802259  250.5139131   246.70981111  245.56942459
  247.04238627  248.51802805  249.51343107  242.66764714  235.8202583
  228.96810963  215.4045552   197.55992651  179.70523925  161.70372036
  142.99014461  124.2664125   105.53301624  101.48181775  103.22976151
  104.97936175  111.96661758  133.12037922  154.28595633  174.54224971
  188.9254229   201.37995328  213.95797344  222.94240425  224.42870004
  226.72021131  229.21028196  234.09219719  239.7372001   245.24484489
  247.88878317  249.5066935   249.81321041  251.84664213  254.34933961
  256.08981041  258.48301866  259.19963622  256.34380547  254.48835861
  252.06331017  250.44404997  248.610598    246.62279277  237.50886068
  222.35680933  206.64714706  191.4915484   176.67441339  162.05539362
  147.36335865  131.39683048  114.67599064   97.72492626   90.79436764
  100.33596207  109.88161107  119.42989853  137.67730343  156.825332
  175.97915731  193.06016703  207.70236761  220.86400648  233.82672306
  243.62760713  253.40758004  263.56915099  268.35763782  268.54067455
  268.78972257  271.13837034  276.6708697   282.95886624  287.35414691
  291.45060816  293.18954433  296.46893812  300.88401236  304.53391147
  310.75167872  314.49877187  313.74268249  311.58532519  307.24435787
  305.30724855  304.21619333  305.2745468   306.80369121  312.88820454
  319.83003187  325.92369086  326.31274032  320.71591383  315.44796725
  310.8190905   310.90411512  311.04421472  311.1831067   314.998466
  321.89814049  328.80307665  335.15492452  336.31160049  337.47137752
  338.63159249  339.48551505  340.17815211  340.87117318  341.89454391
  344.21935403  346.48201455  348.74461497  348.51389175  347.47994972
  346.44334993  345.55141274  344.98326552  344.41508927  343.84688419
  345.8891394   348.34654266  350.80387845  347.24351843  335.19726931
  323.15114643  311.10751158  313.06254824  315.48104446  317.89947359
  325.03949932  336.51449429  347.99136954  358.54628902  357.64566252
  356.74501277  355.84434004  351.28198997  344.54679878  337.81135243
  330.8810187   323.07099011  315.26105984  307.4512303   315.47603047
  329.25432869  343.03070555  352.14831194  349.66643177  347.18456074
  344.70311452  339.38885844  333.53067142  327.67362521  324.17228579
  324.2745168   324.37672435  324.48151641  326.26379353  328.14285376
  330.02215296  327.45115056  320.40558374  313.36146302  306.89373448
  311.05746816  315.22177535  319.38665467  321.22429507  321.54301795
  321.85993755  321.8002114   319.73234207  317.66413471  315.59558998
  310.31786685  303.7325636   297.14539808  293.00127879  295.66212789
  298.32332351  300.9859597   307.56550224  315.02021996  322.47596288
  325.88303392  322.4041913   318.92546226  315.44746582  320.53159673
  326.32729916  332.12377975  333.65977633  330.51235331  327.36683616
  324.12895359  317.94530432  311.76075403  305.57530473  296.75409547
  286.04517048  275.33231659  264.09768471  249.54254258  234.98536212
  220.42614809  217.14274481  218.96200253  220.77971743  226.29998551
  243.44359879  260.58952173  277.7377487   284.56363553  288.71914937
  292.87519201  297.02494559  301.16243433  305.29922941  309.43697818
  315.26914524  321.28848654  327.30848342  329.34179591  326.57503098
  323.80963134  321.05863192  320.46873255  319.87872899  319.28862144
  320.65498365  323.55887223  326.46334007  328.87554508  327.44164671
  326.0075496   324.57325424  322.56395846  320.26744044  317.96864722
  315.79442785  314.0644537   312.33425189  310.60395042  317.23280524
  326.32335686  335.41486801  342.97990692  347.37879772  351.77812795
  356.18082405  348.6909614   339.55458002  330.41717144  325.31412545
  325.52811816  325.74464375  325.95874359  329.42323558  332.93921863
  336.45553783  337.01369772  335.02860108  333.04185854  330.98116206
  328.18715179  325.39280962  322.59813648  323.06982911  325.34933699
  327.62784456  330.52936917  335.97537336  341.4219031   346.86996043
  350.41571527  353.32551591  356.23557464  357.24961261  353.90343555
  350.55611874  347.2102946   345.36103391  343.76352489  342.16582718
  337.38705083  328.01458834  318.64386183  309.26951081  311.08824754
  313.3466943   315.60531271  318.0061177   320.54338266  323.07820093
  325.60380012  328.00116763  330.39871464  332.79644037  335.38026002
  338.0742085   340.76794119  342.70972092  341.09010893  339.47031376
  337.85033594  339.12751229  341.4870241   343.84656329  346.31125751
  349.04550414  351.77994976  354.51681277  348.35005752  340.40345167
  332.45611937  326.44305226  323.50062392  320.55937974  317.61755501
  319.36028947  318.92988706  314.38508235  314.23277631  317.30528158
  320.95812179  330.53432616  337.09642469  342.80835046  351.08832068
  352.72575398  353.2472863   354.07275714  350.14719642  343.13803578
  338.32413706  329.11223503  332.89155004  335.31975777  338.75527587
  347.3967228   353.12323034  361.38405656  368.82140502  359.19261463
  351.18911091  342.7146896   330.34667432  315.68667363  300.46839287
  283.57225948  298.38517816  316.10284771  333.76436153  343.99225706
  348.10572745  352.37089291  356.30124201  351.47503894  346.39740812
  341.00920072  339.13531436  340.29659163  340.89634589  342.2043835
  348.13264319  353.84415528  359.55338003  364.25637167  369.76748495
  373.95439549  375.41159793  368.94531305  362.47873319  356.01441769
  352.05556765  348.76775386  345.47969662  344.27865785  347.09441431
  349.91327476  352.7293214   354.18398134  355.47893079  356.77391807
  354.88209376  349.06658442  343.24796778  337.44109928  343.1422769
  348.84375228  354.54612139  361.76115671  370.19591857  378.62812984
  385.37090901  378.03100908  370.69057223  363.34960096  352.35654247
  339.47956781  326.60124913  317.15340561  320.36666427  323.58009706
  326.79551775  336.05558663  347.15930976  358.26371182  365.39721656
  364.06422494  362.73250284  361.40095373  359.48098321  357.4750074
  355.46886381  352.81454371  349.28539329  345.75744943  342.22700101
  333.66256009  324.98837904  316.31362666  315.09794881  320.4519083
  325.80358733  330.77445471  331.63523338  332.49602568  333.35683131
  326.82363371  316.08807155  305.3518366   295.54066754  289.65178684
  283.76252773  277.87516555  279.61274497  283.97526946  288.33801288
  290.09067492  285.66496139  281.24078198  276.81506849  280.56687925
  285.76158744  290.95933515  297.71470166  306.77664218  315.83909918
  324.90106307  338.88637283  353.09864865  367.31202835  375.41687099
  377.6323984   379.84594672  381.34003837  371.98612116  362.63141881
  353.27639374  340.98529316  326.85360951  312.72078076  303.39500642
  317.83234731  332.27077055  346.71328085  351.19591975  353.89956163
  353.71166129  354.70531724  352.47934511  351.10801369  347.95648672
  330.93732037  313.11268019  293.39896218  275.95563476  260.60209355
  243.49018113  227.47982032  243.17571435  259.97345715  278.49302492
  295.41605697  309.36550861  324.51170563  338.15944968  342.51852962
  346.10999594  350.63332056  348.48872505  340.68524346  334.68831431
  329.6141953   340.89378562  352.17229634  363.44885294  368.00461008
  369.66578615  371.32687182  373.60265692  377.69913455  380.95419255
  381.78121739  384.31235089  388.6189643   393.66016426  396.66136688
  394.46058122  388.86893609  382.76434718  380.55749453  378.2093859
  375.86447053  372.18421115  366.96509187  361.74373117  356.61001525
  354.70956971  355.7537303   356.814984    360.94396998  368.12637927
  375.30725882  379.56492564  363.10427235  346.64459637  330.18590422
  320.48702303  317.66906946  313.37902515  312.78308883  323.80024331
  337.26447051  347.79340609  350.9228612   353.67353304  354.553412
  355.37948813  356.09800498  355.17595133  355.29225101  360.77464783
  367.861612    374.40349355  375.42579633  370.40274333  365.37998166
  359.9586581   355.15267849  354.53335257  352.58281219  349.77964188
  346.79764673  343.81290412  341.83944555  348.83532483  355.83066247
  362.82545567  369.63740535  376.35281307  383.06950102  386.28662398
  376.13949964  365.99306031  355.84413046  358.77770793  365.82891619
  372.87955545  378.39709897  380.55323466  382.70805979  384.86345032
  383.16123125  380.8654558   378.5690313   377.99758423  379.81613872
  381.63444117  383.45249087  381.84653129  380.14116149  378.43935659
  375.93733032  372.71355354  369.49008693  366.60612262  367.71067607
  368.81653797  369.92222436  376.10976085  385.25778755  394.40151337
  399.87663759  389.16439101  378.45331968  367.74342776  370.09290651
  377.08358991  384.07391302  390.10374823  393.79409435  397.4826989
  401.16970557  400.02555089  397.98800279  395.95063957  391.22461066
  382.4119149   373.6037508   364.79658097  362.29435605  360.12137724
  357.94649874  356.68685353  356.3299442   355.97302851  355.90583202
  360.67815096  365.44750444  370.21901187  373.36673664  375.47422253
  377.58139867  379.00203945  376.8616293   374.72145449  372.58134348
  377.56783839  385.38470993  393.20067141  400.36652535  405.75811122
  411.14933722  416.54020107  415.5114743   413.09427745  410.67716067
  404.7141896   392.8329509   380.95209536  369.07385449  379.5076941
  391.67825846  403.84804643  410.14725193  410.11524897  410.08318981
  409.840367    403.58051126  397.31824651  391.05818693  389.77225118
  391.98687915  394.20131396  396.01489473  395.36916796  394.72615384
  394.08312418  397.18268894  401.93757807  406.68836238  410.57383837
  411.80155893  413.02914107  414.25658424  419.65423621  426.09892249
  432.54486293  435.79755437  433.1834094   430.56917858  427.95150697
  427.92309322  428.16455061  428.40593025  426.19168371  421.07425287
  415.9461345   410.85858139  409.29352315  407.72863264  406.16259345
  406.40671204  408.04985962  409.6927097   410.90712227  408.90961986
  406.90857444  404.911558    399.48489312  392.37477585  385.26565109
  378.60834864  373.52541009  368.44440364  363.36409938  364.53008361
  367.49039646  370.44779006  372.62331972  373.20466876  373.78587669
  374.36694326  383.32616609  393.39578279  403.46399705  408.24348013
  406.18920944  404.13349348  402.0776727   402.29716419  402.54126204
  402.78526416  400.91037973  397.24381542  393.58019394  389.99017584
  387.11095991  384.23217934  381.35115341  381.23308845  382.61299706
  383.99261252  385.34427772  386.58509378  387.8238106   389.06497879
  395.32123458  403.20859464  411.09452409  416.3166846   415.55503568
  414.79345881  414.03195427  409.2727176   403.86461641  398.46029829
  397.53766025  402.96835352  408.3980279   413.82277479  411.77254414
  409.46427758  407.15636096  407.01598876  408.87662572  410.73723717
  412.47257219  412.59218072  412.71170665  412.83095443  408.54860646
  401.64421599  394.74101295  388.67291971  386.4273699   384.17907159
  381.93369603  382.91056932  385.0655695   387.22011883  390.29472242
  395.67822548  401.06328423  406.4474854   405.01589804  402.269391
  399.51942937  397.15590206  395.38731819  393.61894076  391.85077048
  381.01921045  342.27279269  307.58972607  272.9883807   254.62972756
  271.70859894  284.6589633   301.16275632  307.44487925  316.34462734
  327.87288597  348.78721204  372.50224702  386.70886818  397.58269745
  385.1807198   374.51658594  368.94408256  348.62659237  358.92567134
  345.99757441  355.17647119  369.70555308  356.28923951  371.41308343
  374.64623743  362.20621316  376.75341189  382.53873653  371.80007226
  384.42396443  389.64756394  380.88375371  384.78080463  390.18041849
  387.76742761  385.32595963  392.81305913  395.65701293  397.78394119
  402.64337711  403.37543856  401.28408279  399.19403026  394.80624767
  391.70794767  388.80934033  389.6243164   392.32793908  388.56659531
  387.05199943  385.7402643   389.55899647  393.31083897  396.96116712
  389.5065554   383.19622125  372.53375334  362.94982546  365.96157213
  369.63455629  375.1879497   381.9548207   385.98638172  392.25847357
  391.82452067  392.45227852  393.27273931  390.82450805  391.78880648
  395.37913086  398.79372396  401.17623715  404.07023943  408.78092919
  412.18545743  408.76120165  405.09740235  397.71936066  390.98785822
  381.52118108  372.05730503  365.64935443  370.1954253   374.74064291
  379.28325056  385.14374822  391.40118143  394.40685724  399.74018076
  403.7124421   403.93601088  404.3330631   399.69863273  391.73204428
  386.15007576  384.50089365  383.84448194  383.61570653  383.80090137
  387.89259514  391.43915388  393.17012363  394.08625111  391.92947668
  391.92193879  391.54052147  386.67871205  385.67544383  384.20161534
  388.16389373  389.38874823  391.2381085   393.01623237  393.23169413
  389.97818375  389.40769774  384.75151938  379.84877489  378.79359247
  374.6279898   373.05982617  371.85917612  368.27576274  367.2371002
  370.38219066  372.53828641  375.99245677  380.17062425  378.80108707
  377.43315579  380.92636104  381.59766464  382.90137744  382.97828649
  383.16087285  384.4617657   387.78853762  394.73612583  400.6467481
  406.55476729  409.81745085  406.72782484  407.3477022   407.62279627
  407.67225613  409.58101562  410.99479498  407.20044685  401.02899827
  395.70610287  389.76347444  384.32393467  378.34664368  372.56313423
  375.75359738  380.45682873  386.53316583  390.13437811  391.15846179
  392.18225023  391.32270017  394.48051782  394.13054174  395.94434646
  396.98023041  398.51915556  400.48231637  400.68136794  401.71902984
  402.75612453  403.79265142  405.23937867  406.96108737  408.68192142
  410.22379561  410.7617139   411.29892666  411.8357883   409.32991033
  405.54484306  401.7610872   398.82778191  398.32846515  396.12828575
  397.32985822  399.58737975  402.49129817  405.39372284  404.9773151
  398.73807992  392.50167265  386.26734661  383.39237561  380.82650883
  378.26198245  379.80100073  385.98419945  392.16476561  398.24576523
  400.00279276  401.75898579  403.51444715  406.41352901  408.40972524
  413.89755755  417.32432143  418.61987447  419.91453743  421.20854623
  420.29815223  418.35630563  416.41500613  414.15998638  410.87810687
  407.28966076  401.956269    398.99232703  395.9503542   392.03676197
  391.45549607  391.63729863  392.41114638  393.27773702  398.70015432
  402.76344528  409.05361099  413.3738602   416.3693338   418.8478378
  420.67217697  409.69510941  395.67052702  386.85292638  379.88750538
  383.51787739  376.37462868  376.07257396  375.19165462  362.46891671
  371.71837175  373.36441747  370.88265487  374.33013066  366.03861647
  353.56346713  337.74867611  334.87096301  342.95720174  362.09882888
  369.98067908  372.27887958  358.74701502  358.09184123  374.8417735
  373.14818891  388.11257089  371.6494594   368.9777117   366.82432181
  354.6617239   359.98701008  359.94372864  366.98907235  372.23474253
  382.71994613  389.14138419  391.34325416  396.70197161  392.17175818
  387.19777345  382.87866204  383.99359515  389.64507638  392.9194191
  386.522484    385.2183936   379.61564353  375.32911495  381.8278977
  377.76937401  371.63184932  359.18655089  346.80304071  333.01266763
  339.69151446  353.743455    364.31749795  358.49570043  356.06861101
  341.15107786  337.01120053  344.6832914   340.27546621  350.6341657
  349.7527747   347.71199992  325.70830157  309.12863085  303.78479562
  299.26215985  299.27032189  296.73298855  280.69489362  265.31034191
  252.36568915  238.15092045  247.2808124   264.75911903  283.42559716
  298.31630127  320.81465068  328.21662178  323.94528029  320.65012996
  310.56262741  298.41501178  304.50532161  310.52910514  320.57961694
  337.4788702   347.43656631  355.62535552  360.97581705  359.16025419
  360.48404711  350.04192184  349.88289709  350.35642545  347.64355684
  352.42140059  355.28303999  355.95291269  353.63303836  352.65225656
  347.95059245  335.91306957  333.23951958  334.283026    339.64370909
  346.49276996  352.81688839  363.09172844  371.84437312  384.06240585
  391.865817    392.32767973  390.76001826  382.54489086  380.912889
  381.58040325  385.91147829  388.41473262  388.17665467  384.09860735
  385.52466938  390.97841663  391.96950621  393.89239651  383.12405908
  371.74488723  365.74506226  368.58712483  374.65730622  381.615561
  385.65701159  390.10245653  390.88191522  390.37824634  377.57999376
  363.3137089   349.83593355  344.38655458  342.44284624  340.81235192
  342.31268113  349.53681854  353.97180293  360.49068721  366.98422246
  373.47283591  381.70717677  387.20342426  389.38820401  392.12437148
  395.67772102  388.32497086  381.36349367  375.35765598  370.2513936
  370.06867565  369.11206194  367.29309087  365.58073876  362.97419837
  361.06202029  365.1965164   374.76283938  383.1814326   392.40955003
  393.49611831  395.16562243  397.02880121  395.04064662  394.72393949
  395.65402335  397.39799186  398.27221206  397.5998697   397.40172619
  394.36967798  391.84136334  390.21350816  384.44101341  374.55595882
  364.67603063  354.80147898  362.72369267  373.41126132  384.09225195
  390.25626045  390.14575767  390.03562681  389.92497953  384.48719408
  378.895337    373.30682437  371.15780055  372.1261259   373.09391871
  374.34098731  378.92026909  383.49679993  388.0708216   390.02805926
  390.45214687  390.87585404  390.24115857  384.89874585  379.55916073
  374.22251805  366.70856413  358.41865732  350.13339205  343.7208444
  341.89367981  340.06705708  338.24137284  346.48032273  356.59375566
  366.70080096  372.46747134  371.61231443  370.75773742  369.90320466
  370.36347242  370.89458633  371.42530012  372.39175576  373.7912823
  375.19014009  376.19392868  370.44672519  364.70275429  358.96237388
  355.02375648  352.24584614  349.46944141  346.59795467  343.2231228
  339.8501559   336.47905582  339.40935639  344.85744454  350.30188597
  353.61427747  351.09118378  348.56910773  346.04840204  341.79293085
  337.15981696  332.5290788   330.05909822  331.21157012  332.36319426
  333.51383233  335.46264854  337.47362157  339.48366325  341.99029083
  345.05145136  348.11142858  351.11387068  352.44913104  353.78381528
  355.11765093  356.6877858   358.42426373  360.16014889  362.35461507
  367.40506345  372.45351533  377.4995496   375.2426772   369.73127969
  364.22227351  358.50493311  352.1408673   345.77951703  339.42063243
  334.33634918  329.57584167  324.81745663  327.15103641  342.5862885
  358.01542314  373.43802781  373.67691582  372.30619205  370.93623238
  367.08202502  360.27952073  353.48012214  346.80059243  351.5132727
  356.22368756  360.93229961  365.52088909  370.04415991  374.57247565
  378.87060335  381.42603673  383.98050028  386.53475026  386.43881923
  385.03440286  383.62997177  380.69883503  372.42877273  364.16026285
  355.89373549  355.36965986  357.08754849  358.80473973  360.00661435
  360.15587784  360.30478658  360.45394796  360.17292371  359.83440412
  359.49575346  358.43436611  356.45865604  354.48354251  352.50954055
  345.91706974  339.26948784  332.62474628  332.40136865  323.48228777
  282.50947871  228.174477    179.71524718  147.57685456  127.78958014
  125.64517163  102.30512121   91.77208581   94.84829694   91.97389362
   93.69007544   97.60875493   99.71428801  115.46913649  120.81115515
  152.68885823  154.67750591  185.16805541  235.16701995  264.68961985
  289.07340113  289.00777175  242.00759652  198.53125623  209.76303914
  171.97125012  167.56762053  192.06578196  158.10670852  165.32275499
  191.15998781  163.56699383  169.03004479  200.14066056  195.54609964
  197.03232433  215.42756508  227.87838172  208.67295817  222.39102149
  244.97532369  245.65446293  245.87887703  249.89239733  249.7558662
  247.94074595  252.24805088  257.72491394  260.3934598   263.60698382
  274.56234513  276.73109047  278.1928776   290.1335249   301.51577921
  297.11419064  299.7007919   302.86045617  322.82069302  328.50954698
  319.98857815  316.93514169  318.07260598  325.04440223  319.83058147
  317.17343655  316.63896038  325.01388364  328.7352968   323.43993787
  323.6264348   323.17195515  331.48500557  330.24635047  329.1377924
  329.90499301  332.66524285  338.3785431   334.32962881  329.12814264
  328.1433503   331.15701883  338.34243628  345.17723594  345.08700149
  348.71495099  353.06370608  358.18964153  359.90489494  357.67430177
  355.44511919  350.01181958  341.0219361   332.03613196  322.90738312
  308.35731461  293.81403338  279.27806946  275.16001959  278.58776445
  282.01365367  285.17712578  286.633851    288.09083475  289.54707809
  300.46020235  315.69876068  330.92986536  342.40963286  341.93798624
  341.46619187  340.99466199  327.79638003  311.26215116  294.73587724
  286.25506469  293.01173939  299.76477826  306.51462673  315.85532085
  325.48600804  335.11204087  337.90084735  332.38709625  326.87590677
  321.39009244  321.36188885  321.33365096  321.30554317  323.56838388
  327.64789504  331.72518205  335.74323727  339.2955638   342.84637335
  346.39489728  343.99465111  338.58115723  333.17005253  327.51081356
  320.94479975  314.38221527  307.82239356  309.19865463  312.94763205
  316.6883378   321.78922443  329.7514864   337.70955156  345.66280748
  343.12054725  339.09151218  335.06428583  334.41769047  338.27653121
  342.1334078   345.98783438  347.96778951  349.91210446  351.85495676
  347.49141113  337.63974374  327.79366594  318.51040737  315.01756029
  311.52676493  308.037575    313.212735    323.2283857   333.23868505
  340.51210674  336.4360995   332.36253069  328.29092107  331.29976993
  336.69877649  342.0989707   346.61812492  349.08693539  351.55479222
  354.02094021  353.96183008  353.46904936  352.97663408  352.03263374
  350.42834192  348.82525969  347.2225845   342.28012942  337.19904767
  332.1207169   329.97292314  330.61359775  331.25361287  331.93114396
  333.14955019  334.36696055  335.58365904  339.70429146  345.61513987
  351.52256224  355.62215984  351.016678    346.41336982  341.81240356
  331.18649296  318.27321306  305.3667945   295.66974691  294.30322671
  292.93724263  291.57216425  290.12541896  288.66290794  287.20114461
  289.61991908  298.2640995   305.39806195  315.53813468  318.43336048
  319.73526671  323.35792553  328.11601344  335.02390498  341.92793896
  348.29698604  341.99169637  335.73055498  330.09516892  328.76009555
  330.29565299  331.14956606  332.00998127  340.31418657  348.5337676
  357.17743268  360.44834382  357.99007346  358.13839948  358.57226489
  359.65041996  358.72600712  352.47511415  344.72998287  335.98152738
  328.82944507  327.83175135  328.07044253  328.19806529  326.31997065
  330.8491522   334.38891302  340.16163534  344.3513691   347.2017262
  356.20913676  358.88986345  356.47659354  356.06439884  355.43678759
  355.40045737  359.85549072  360.65069994  360.7480531   357.38558548
  354.02509803  350.66606045  348.32343508  346.4600239   344.59747017
  343.49951542  344.91307714  346.32606276  347.73795363  344.56595145
  340.14749701  335.73121419  330.20294601  322.50791158  313.9567398
  304.76791775  302.97505298  301.06688264  299.31400127  302.72968357
  313.17269498  324.93681748  336.49992354  340.40316247  342.95731018
  344.36160528  344.53252962  341.6781102   337.07361568  333.96301525
  331.93730621  329.9122991   327.88836236  329.69545091  332.49990386
  334.84177075  337.05388255  334.34583225  333.24601466  331.99107149
  332.94031752  334.98194984  337.02271724  339.99227474  344.96494481
  348.26728613  352.54577817  352.69593353  354.72835642  357.93556085
  359.78813411  361.01209182  356.24549151  352.41276038  348.34112104
  343.97832243  340.60868769  336.90522249  333.72856451  331.52873461
  329.44060656  329.22580293  327.1638416   324.09827062  319.08521092
  314.91232497  311.49002522  311.59933029  320.96466423  330.03260396
  339.43803857  342.00017925  342.89670254  343.19492758  341.98306567
  339.22815414  336.95605673  336.6002428   337.11458187  337.62559555
  334.340581    333.44506153  334.42345989  336.49701958  340.30552298
  338.15418171  334.10648452  330.06157508  327.20436667  325.50533783
  323.80698472  322.09757459  320.19572335  318.29472647  316.39524036
  314.78759696  316.20682252  316.68391378  317.48030295  320.31693601
  323.15183676  325.98454263  321.18846459  313.41550405  305.64697335
  300.48872794  302.31607413  304.14221776  305.96689597  308.3219636
  310.78838135  313.25289993  314.97717417  319.25513566  324.43463311
  329.34847111  332.0669679   335.48539588  336.19938496  335.38772978
  333.73446498  331.85685     329.34228619  328.04416246  326.94268551
  325.86560421  326.14290246  328.35303879  329.11666825  330.01691849
  326.09563048  322.91754447  320.26205918  317.03525438  314.96920129
  310.54528091  309.66585966  308.88983262  308.65810943  308.67460741
  310.10386104  314.02974282  319.70766912  322.64763576  328.71800662
  334.1895931   340.61378215  332.5183641   329.69037031  325.58573013
  308.23818708  299.30664463  291.72191293  286.18291514  303.57446552
  308.35870783  306.59405363  306.45904547  303.40813977  307.11326997
  307.60697695  294.6802534   283.87740982  281.09245032  285.92161351
  293.27757136  296.45781626  300.98024295  295.53836151  295.72117936
  304.41877161  283.88692835  278.90989861  266.60334932  258.6898796
  281.20281541  294.8986421   290.22409298  289.43572565  289.03995643
  289.98802839  308.09910716  314.32516304  290.99207375  271.19808631
  260.34257419  256.69642317  262.13963441  277.11610389  287.92998567
  284.1272155   298.19108644  285.64458921  280.0677434   288.87626636
  282.64525607  296.18702965  303.31763421  304.20942302  300.08012142
  294.25139944  283.77246339  281.5449234   301.63101701  308.36728771
  317.35449023  321.51253319  320.30428849  316.64243133  315.26548825
  309.25362929  308.72238486  310.70401668  311.95427671  313.18125515
  306.78740615  305.38968796  298.61599792  299.31908784  294.05258012
  290.02524401  279.75414587  250.27002627  240.0552383   227.70117167
  226.70557278  255.24428045  258.8008337   271.42209593  282.02419217
  286.96552861  297.88385303  300.07762964  306.7871418   297.72293013
  301.50205231  305.86074903  308.73267256  320.75983515  325.33941755
  323.80695025  319.18945597  314.15528872  310.2405293   292.79397066
  286.41147916  281.54704702  278.51991679  292.22324039  296.78897405
  298.48454583  305.46895244  305.73385058  310.16840404  313.47803113
  313.17170439  303.87137819  299.74303548  290.64700883  288.58953755
  291.0551318   295.15944018  296.88657007  296.57628617  289.89067568
  290.20795429  298.80868121  303.53699384  307.31400757  297.37816665
  295.95743494  296.32471805  310.90592866  302.87543625  302.77017204
  300.17958848  298.15108044  307.73631516  305.25056182  305.36056771
  304.41402604  296.37877126  294.81410725  294.84818223  296.3317581
  307.48122047  312.22479945  302.26852577  300.13717655  298.74421034
  294.0244978   294.75139544  290.78219479  290.92735148  280.07270387
  282.70529981  286.22531839  288.53217462  301.5907715   306.83220652
  306.00444631  302.42638063  302.75543653  301.33372562  302.24033168
  305.15427249  305.80401754  304.12156642  298.8063777   298.69476776
  294.36669063  296.89112437  298.55912594  292.65727755  288.38390864
  280.04243803  281.02367841  283.6086015   285.740299    288.61239012
  290.42671435  290.03956337  289.56520134  294.25052908  296.96871374
  299.29036747  298.0784913   294.31682062  290.67684598  288.36242012
  288.6470202   288.31330338  287.87411166  296.05342771  301.56898085
  306.68050062  309.03547519  308.29229782  310.67243453  313.1024684
  316.29599832  319.08796164  317.52090938  312.75890135  304.99024707
  297.60055201  291.26936568  292.66314352  294.18713208  296.19822419
  296.05050335  298.42825686  300.01213498  301.46613105  299.84233475
  297.0335673   295.36828069  295.9289071   294.69684856  294.7630227
  295.89098147  298.72585017  302.48993231  307.24104428  307.96581505
  309.94409315  308.46524865  306.78449457  302.94370722  299.08764509
  296.67515434  296.17164748  296.92366587  296.63474932  295.93150485
  295.27082298  294.61077156  293.95055069  294.28534855  294.97510971
  296.72263523  297.52350075  297.73714775  297.85138988  297.94305791
  298.18469827  299.13804677  299.75585923  300.86055045  300.213506
  299.56704262  298.39918483  294.79888062  291.20115255  287.60546931
  285.35342563  283.60033525  281.84863816  281.29702933  283.79020563
  286.06412374  287.29179623  289.28388101  291.10127393  293.57818767
  295.33993149  294.18498826  293.0311595   291.87775669  294.53192155
  297.4212226   300.30861679  302.40822255  303.70376312  304.99875242
  306.20249896  304.10050626  303.28810467  302.63868212  301.2086549
  300.40217881  298.06312582  295.78366895  293.82830713  291.87387746
  289.92085315  289.12580044  288.81077537  287.64193243  287.02398411
  287.91136523  288.65033544  290.12369271  292.94257077  295.9096562
  299.88073397  301.66208407  300.99221663  300.32227959  299.65260675
  297.22750119  293.06916323  290.472348    288.3049075   286.81211812
  287.00645205  285.91931494  285.64571656  287.67292839  288.54895548
  286.71677328  282.91233648  279.1094997   275.74724805  275.29420463
  274.84128776  274.38849766  277.55674665  282.39164801  287.22468712
  291.39543999  293.44229978  294.23382303  294.5617367   295.73078162
  296.42934254  298.21662623  300.98731176  303.82403308  306.24816431
  307.86818368  306.25974498  304.28017267  302.30140767  300.41234919
  298.7978758   298.26460197  299.43918486  298.8699803   298.30095147
  297.7320986   298.50268398  300.34138052  302.17915978  303.73742331
  303.01457145  302.29196535  301.56908039  301.15075056  300.88743024
  300.62414717  300.50717278  300.92433895  301.34123044  301.75784699
  301.37427827  300.74991338  300.1259364   299.61341576  299.33631548
  299.05925961  298.78224822  295.98601103  292.82919498  289.67376001
  288.83143038  291.0892709   293.34643559  295.60249307  297.05694746
  298.49470618  299.93170976  298.42762925  294.35023866  290.27467312
  286.89192174  290.80045547  294.7075262   298.61270309  300.97273096
  302.46085008  303.94818178  304.84233352  303.25378356  301.66571085
  300.07814543  298.84120158  297.72374926  296.60674171  296.02884874
  296.7154556   297.40165037  298.08743264  295.1050965   291.48749022
  287.87137845  284.48506393  281.43518236  278.38668038  275.33955954
  276.20117372  277.23276829  278.26378606  280.54207298  284.01343539
  287.48288184  290.72356601  290.65327323  290.58292938  290.51253444
  291.88719584  294.15810422  296.42782335  298.04585008  296.49516663
  293.74744177  290.9108675   291.61664186  294.57789529  298.44824086
  301.20164643  301.01129265  299.09403217  297.17708846  296.05349548
  295.09356016  294.1340094   294.114027    295.60977503  297.10469626
  298.59878986  298.48509707  298.26132903  298.03704294  296.91512661
  294.85373852  292.79328615  290.47340597  291.67869787  294.37170506
  297.6626068   300.07834036  300.07124299  300.06351257  300.0260781
  299.81505458  299.60404573  299.39305161  299.61945836  300.03240366
  300.44504928  300.8332537   301.14992116  301.46559587  301.75576974
  300.57056209  299.03299171  297.49636338  296.48213203  296.39436009
  296.3065422   296.21867837  296.9814148   297.82496519  298.66796666
  299.37176462  299.91647922  300.46071175  300.95328711  298.80101556
  296.65011745  294.50034943  293.13035619  292.34290152  291.55588437
  290.65826939  288.98459824  287.31197963  285.64041416  284.16127146
  282.77364063  281.38650513  279.80168363  277.5587717   275.31731715
  273.0773208   274.83303387  277.68407877  280.53303421  282.63805155
  283.28843326  283.93788607  284.58722729  284.34332195  283.98987065
  283.63656177  284.14880064  285.74390533  287.33778408  288.93043627
  288.7546178   288.57256255  288.39098587  288.02630503  287.5120447
  286.99803958  286.32567023  284.26925125  282.21417943  280.16045551
  279.2148003   278.85025121  278.48585548  278.12160185  277.75745874
  277.39346933  277.02963373  271.11078621  263.46385402  255.82227042
  247.8390239   239.10826063  230.38364045  221.66516663  226.21176724
  232.76514491  239.31374086  240.99420853  238.89708201  237.10255341
  236.6168172   245.28753217  254.2294015   263.16473791  268.61002743
  270.93567598  273.25954259  275.35717696  274.8890875   274.42128246
  273.95394436  273.68096027  273.59110654  274.5182384   275.96164274
  276.64955977  276.41787582  276.1862522   273.89885355  270.89090179
  267.88527018  266.35654284  268.39258452  270.42703436  272.45989154
  273.38500508  274.10808698  274.83039935  275.2550995   275.23247398
  275.20975595  275.1869454   275.38744954  275.59893169  275.81014853
  274.87709812  272.82274151  269.12067279  266.75628139  267.69864495
  269.29987635  271.71220572  272.0794621   272.08256776  271.60369812
  270.71355049  271.78239751  274.50729999  275.62332242  274.60957184
  272.7590595   270.90981471  269.88052223  268.81376957  269.80298584
  270.67208902  269.71405148  271.08298679  269.69033092  268.86218993
  268.96784563  269.07331186  269.17858856  268.900189    268.59294972
  268.28583102  267.89755438  266.3904      266.94936407  265.37219588
  266.18876973  268.13997243  270.64018954  272.0516374   272.83431425
  273.61628461  274.13484179  272.69589167  271.33496904  270.94039775
  271.32699569  272.3503193   272.06671119  271.92244385  271.98434309
  272.3000915   273.51565578  274.47151358  272.47680735  270.48351263
  268.65428143  264.63222287  257.64135663  254.92296615  256.2186705
  257.13345081  261.38918816  261.47808226  259.23615399  261.40748977
  255.31063187  254.77819432  254.14946388  254.76662457  257.50557131
  255.73568411  255.57111338  254.00635785  255.47529351  254.12509918
  253.60555201  245.43049104  239.30383065  247.05401707  244.32797709
  254.79032946  257.66495524  243.20223062  235.27763712  226.11276854
  215.65842651  227.85989953  238.04625858  245.07671973  239.82823678
  231.02260554  222.44153628  214.24795976  227.3112339   238.47221235
  246.61764748  241.14105192  235.06991125  234.01667581  235.42826086
  246.07964774  230.15276233  207.14337209  194.65361998  177.29660096
  173.01404969  193.14384754  203.50850158  225.65191025  252.39583376
  255.10054634  235.4731814   224.58846209  222.30268664  204.70905209
  224.23341714  229.51421387  219.2669162   236.6326606   237.15419625
  232.06685864  239.74777888  245.67318218  241.56427896  231.84468461
  227.00877153  226.59590484  230.3907643   252.95842066  241.84852924
  237.67456593  215.10759554  221.82323393  233.63441504  235.31243827
  249.34853757  248.93542662  252.14012955  253.65046064  262.65071788
  265.60184895  265.18721991  261.26448223  256.21925121  245.3022983
  243.09936959  245.51413971  245.54097735  252.72401262  253.38102749
  252.68165802  254.15743191  242.18721902  241.58535647  242.85297652
  243.99328862  253.61970921  245.50099071  238.56414089  235.36254876
  227.78191442  232.34259769  239.57395913  245.87839386  238.50015397
  235.36656731  224.22922889  210.94253933  219.18152963  220.24559218
  233.25090131  241.56591581  236.05901399  215.44067753  205.01855133
  204.9536073   218.60922486  233.45921001  214.92586033  213.96408967
  209.66588417  210.82578147  230.66695741  224.29083808  220.55986351
  221.25305369  223.96150982  227.39947836  211.34989834  206.35676167
  209.70848002  216.32081294  226.3660427   221.70171673  206.17462642
  205.39025695  217.37019612  229.07576061  240.43270417  239.00676103
  234.8878867   226.99926303  210.19316077  194.45965077  199.16262909
  209.64782648  229.55923171  239.23405364  239.94429867  236.18481035
  229.22210353  214.44147789  199.70811258  199.16636186  201.82961424
  205.86019064  195.01682779  187.84321673  194.14646282  203.35675301
  226.29047292  229.42814021  222.37900043  221.01615024  220.60194902
  225.2446716   227.73535642  226.13115512  212.35595398  192.39164194
  187.48560677  170.45942546  181.83202302  200.94204611  205.02494054
  221.11829514  221.81746755  216.78835039  218.59042977  218.68108973
  209.35390455  203.28452691  206.77389344  206.8326105   210.45735621
  194.87298889  183.58933691  177.88004339  181.84927429  204.16914706
  213.56839119  224.98487394  221.95154863  209.53273355  205.59446874
  205.65921404  211.23680758  224.56188198  227.85913844  222.54422712
  218.92907215  209.00205805  199.13801875  203.0811708   203.54832161
  212.73143056  217.37364112  213.05713334  209.62194264  205.91078806
  203.51845998  199.29503181  198.49966409  202.74813421  208.44039775
  210.32818682  206.96653389  200.97503572  188.19830456  191.49546482
  199.20842362  205.17956672  215.6409945   217.40224033  211.40019698
  210.7733506   213.05714174  211.48026098  215.43534852  214.24043372
  212.60707203  213.83870141  211.50349456  211.31434914  208.40291029
  202.96326276  205.3974519   204.89972899]
