[   5.97936886    6.07602789    6.17301542    6.27032376    6.36796255
    6.46591879    6.564205      6.66281662    6.76175903    6.86102126
    6.96061362    7.06053672    7.16078943    7.26136703    7.3622734
    7.4635162     7.56508707    7.66698826    7.76921697    7.87178725
    7.97468418    8.07791722    8.23870051    8.42616812    8.61426085
    8.80299384    8.99235662    9.18236511    9.37300023    9.56428105
    9.75619796    9.94876295   10.14195762   10.3358       10.53028703
   10.72498795   10.92025226   11.11614654   11.3126771    11.50983706
   11.70762452   11.90604021   12.10510187   12.30479084   12.50511649
   12.53725385   12.4994218    12.46139652   12.42319522   12.38480167
   12.34623866   12.30747857   12.26854405   12.22941911   12.19012047
   12.15062309   12.11094858   12.07108747   12.03104782   11.99080989
   11.95039007   11.90978801   11.86900064   11.82801948   11.78684975
   11.74550194   11.70396223   11.66223305   11.6676715    11.69084367
   11.71403808   11.73726744   11.76051907   11.78381508   11.80713072
   11.83048478   11.85386252   11.87472646   11.89374055   11.91278902
   11.93184698   11.95092723   11.97002979   11.98915466   12.0083134
   12.02748503   12.04667699   12.06589135   12.0851288    12.10440093
   12.12368258   12.11380131   12.09402157   12.07417054   12.05423929
   12.03422298   12.0141276    11.99395305   11.97371261   11.95337934
   11.93296656   11.91247417   11.89190204   11.87125736   11.85053137
   11.82947016   11.80829741   11.7870456    11.76572772   11.74431744
   11.72282777   11.70125862   11.67961311   11.65789435   11.62802817
   11.59563298   11.56313135   11.53052313   11.49782092   11.46499907
   11.43207023   11.39903424   11.36589411   11.33265279   11.2992945
   11.2658285    11.23225467   11.19842058   11.16435522   11.13018041
   11.09589911   11.06151117   11.02702858   10.99242694   10.95771827
   10.92290242   10.88797928   10.81254265   10.72606459   10.63935063
   10.55240343   10.46523358   10.37781954   10.29017085   10.20228779
   10.11417009   10.02582238    9.93724044    9.84841699    9.75935776
    9.67006247    9.58053082    9.49077285    9.40076755    9.31052505
    9.22004656    9.12933718    9.03838126    8.94718699    8.85575409
    8.92105439    9.02349041    9.12614762    9.22903447    9.33215171
    9.43550113    9.5390887     9.64289879    9.74694031    9.85121354
    9.95572569   10.06046696   10.16543697   10.27063974   10.37607552
   10.48175581   10.58765852   10.69379503   10.8001656    10.90677051
   11.01361767   11.12069626   11.22800586   11.10677149   10.9382302
   10.7692755    10.59988373   10.43006607   10.25982202   10.08915483
    9.91806328    9.74653685    9.57458203    9.40219831    9.2293852
    9.05615179    8.88247819    8.70837368    8.53383822    8.35887879
    8.18347837    8.00764503    7.83137828    7.6546776     7.47754921
    7.29991695    7.33932698    7.41720322    7.49524035    7.57344532
    7.65180361    7.73032289    7.80900332    7.88784962    7.96685666
    8.04602161    8.12534838    8.20483712    8.28448844    8.36430995
    8.4442857     8.52442408    8.60472526    8.68539996    8.76652351
    8.84781505    8.92927886    9.01091513    9.09273352    9.34289128
    9.61862774    9.89498439   10.17196457   10.44957189   10.72779353
   11.00663811   11.28610631   11.56619882   11.84692861   12.12827209
   12.41024194   12.69283884   12.97606686   13.2599303    13.5444128
   13.82952512   14.11526794   14.40165309   14.68866299   14.97630174
   15.26457376   15.55347973   15.50242687   15.4096322    15.31658558
   15.22329869   15.12977826   15.03601847   14.94200905   14.84775827
   14.75326584   14.65853151   14.56356989   14.4683508    14.37288897
   14.27718412   14.1812425    14.08505865   13.988623     13.89194321
   13.79501904   13.69786344   13.60045022   13.50278228   13.40485704
   13.58206778   13.78642479   13.99122254   14.1964522    14.40212193
   14.60823222   14.81479779   15.02179155   15.22922653   15.43710396
   15.64542667   15.85420405   16.06341184   16.27306397   16.48316091
   16.69371408   16.90470816   17.11614258   17.32802371   17.54035202
   17.75313067   17.96637017   18.18004309   18.24725619   18.30388761
   18.3600205    18.41563243   18.47133373   18.52712451   18.58300482
   18.63899343   18.69505312   18.75123073   18.80744007   18.86372037
   18.92021325   18.97673979   19.03329015   19.09003522   19.14685183
   19.20367299   19.26058441   19.31773034   19.37487107   19.43205426
   19.48932804   19.67326781   19.86371218   20.0545152    20.24585763
   20.43743049   20.62934273   20.82162483   21.01448508   21.20750976
   21.40090537   21.59467225   21.78902595   21.98353828   22.17842296
   22.37390097   22.56953325   22.76553896   22.96192975   23.15889998
   23.35602994   23.55353476   23.75164817   23.94990562   23.93551922
   23.91518906   23.89494556   23.87442528   23.85382755   23.83323397
   23.81263247   23.79180159   23.77095102   23.75013845   23.72907363
   23.70793075   23.68681374   23.6656413    23.64426344   23.62280717
   23.60142181   23.57988861   23.55804835   23.53624964   23.51434925
   23.49226731   23.47010672   23.4633313    23.45649784   23.44956
   23.44272229   23.43576868   23.42868794   23.42155951   23.4145758
   23.40738561   23.4001136    23.39279368   23.38565149   23.3782354
   23.37077122   23.36347281   23.35592338   23.34831444   23.34065719
   23.33317601   23.3254218    23.31761912   23.3097791    23.30322945
   23.37724485   23.45137734   23.52585253   23.60022011   23.67470509
   23.74934167   23.82425557   23.89909396   23.97406161   24.049354
   24.12454673   24.19985758   24.27534453   24.3510662    24.42673262
   24.50251757   24.57852645   24.65467807   24.73081983   24.80716308
   24.88369673   24.96019623   25.03586818   25.08498931   25.13415081
   25.18326906   25.23245122   25.28187691   25.33124725   25.38062179
   25.43021676   25.4798041    25.52937149   25.57900315   25.62890472
   25.67870169   25.72852679   25.77841636   25.82861375   25.87863277
   25.9287164    25.97909684   26.02932244   26.07960059   26.13028412
   26.1823272    26.24917336   26.31611842   26.3834098    26.45055342
   26.5177962    26.58513822   26.65282895   26.72037021   26.78801097
   26.85578894   26.92384275   26.99178301   27.05983573   27.12821612
   27.19645666   27.26479729   27.33330173   27.40203422   27.47067614
   27.5394185    27.60837686   27.67746199   27.74458134   27.78813083
   27.83134434   27.87397478   27.91464677   27.95515414   27.99589818
   28.03642529   28.07725435   28.117931     28.15878017   28.19964587
   28.24047587   28.28151811   28.3225378    28.36346933   28.40463988
   28.44559101   28.48684714   28.52794908   28.56922519   28.61051785
   28.65177426   28.69495332   28.75414609   28.81367807   28.87305978
   28.93270209   28.99233977   29.05202582   29.11192042   29.17164972
   29.23170837   29.29184267   29.3517838    29.41206914   29.47220098
   29.53259711   29.59298784   29.65342704   29.71407759   29.77455938
   29.83537533   29.89600822   29.95696257   30.0178563    30.07991357
   30.15022482   30.2204359    30.29097339   30.36132735   30.43205014
   30.50286596   30.57351075   30.6443774    30.71468793   30.78511649
   30.85571934   30.92621632   30.99704229   31.06767743   31.13868477
   31.20959933   31.28068932   31.35189851   31.42305647   31.49451867
   31.56578675   31.63743125   31.70748617   31.76846468   31.82958795
   31.89059725   31.9517657    32.01303599   32.07423477   32.1357235
   32.19699556   32.25863076   32.32012124   32.38183036   32.4435837
   32.50532271   32.56732518   32.62829251   32.68959095   32.75071041
   32.8121063    32.87348466   32.9349042    32.99655713   33.05817759
   33.12046841   33.18672952   33.25277161   33.31918958   33.38543247
   33.45196272   33.5184818    33.58504935   33.65184561   33.71844991
   33.7854188    33.85217992   33.91929154   33.98633085   34.05347927
   34.12079777   34.18798243   34.25550488   34.32309156   34.39048246
   34.4582431    34.52579189   34.59369608   34.64964106   34.65039231
   34.65120527   34.65177242   34.65257025   34.65303018   34.65376663
   34.65427276   34.65484027   34.65540767   34.65579092   34.65637331
   34.65661834   34.6571389    34.65762844   34.65778088   34.6582084
   34.65840602   34.65866436   34.65892217   34.65899607   34.65926795
   34.65920328   34.66602253   34.69944253   34.73307679   34.76766533
   34.80218689   34.83693217   34.87139606   34.90619109   34.9407504
   34.97554923   35.01041908   35.04508348   35.07992638   35.11476346
   35.14953311   35.18452782   35.21923937   35.25428406   35.28909153
   35.32413997   35.35912077   35.39409562   35.42925011   35.4693852
   35.52864643   35.58767831   35.64705478   35.70634124   35.76572413
   35.8253128    35.88482666   35.94437469   36.00414478   36.06369846
   36.12361568   36.18330017   36.24333332   36.30327488   36.3633137
   36.42351316   36.48355719   36.54393615   36.60406412   36.66457535
   36.7249462    36.78547853   36.81418318   36.74010465   36.66612712
   36.59196404   36.51744206   36.44305072   36.36820689   36.29353944
   36.21853024   36.1434769    36.06831642   35.99286231   35.91750252
   35.84169492   35.76605767   35.69005074   35.61405883   35.53789729
   35.46150525   35.38517227   35.30839615   35.23178435   35.1550326
   35.12024606   35.20721419   35.29405666   35.38115129   35.4683167
   35.55549184   35.64296619   35.73023632   35.81791346   35.90543131
   35.9932654    36.0811087    36.16902249   36.2571925    36.34518523
   36.43357437   36.52322136   36.61379334   36.70449253   36.79503683
   36.88591179   36.97680392   37.06777582   37.11449208   37.04606063
   36.97779072   36.90908402   36.84052166   36.77166428   36.70269983
   36.63369021   36.56432435   36.49508352   36.42539434   36.35587523
   36.28601657   36.21611109   36.14617337   36.07592768   36.00557313
   35.93517021   35.86441487   35.79377749   35.7226977    35.65177983
   35.5805259    35.61219297   35.88469126   36.15743078   36.43079333
   36.70424267   36.97839569   37.25271014   37.52757632   37.80280692
   38.07833747   38.35447274   38.630925     38.90761111   39.18493958
   39.46233564   39.74046025   40.01873256   40.29757049   40.57677345
   40.85627255   41.13639361   41.4165687    41.69748988   41.9587107
   42.17849256   42.39847372   42.61872416   42.83945846   43.06017559
   43.28154008   43.50321189   43.7248262    43.94711158   44.16939171
   44.39223625   44.61527709   44.83858762   45.06239278   45.2861674
   45.51060792   45.73499635   45.96003529   46.18519193   46.41069538
   46.63662387   46.8625899    47.02343663   47.05668048   47.09032842
   47.12398993   47.15729352   47.19096252   47.22444941   47.25798888
   47.29165931   47.32506904   47.35882525   47.392203     47.42598625
   47.45952808   47.49320106   47.5269268    47.5604697    47.59432064
   47.62779216   47.66167016   47.69526679   47.72907353   47.76299219
   47.79230019   47.81516955   47.83807737   47.86078733   47.88379173
   47.90640126   47.92940377   47.9521098    47.97501188   47.99787356
   48.020616     48.04361368   48.06621609   48.08921177   48.11187124
   48.13480575   48.1576209    48.18039555   48.20338616   48.22623764
   48.24896965   48.27195714   48.29454881   48.33113523   48.38947355
   48.44813693   48.50673012   48.56533211   48.62418081   48.68272096
   48.74168674   48.80032355   48.85936679   48.91825969   48.97724098
   48.98189312   48.97960846   48.9776266    49.38172479   50.29290774
   51.20570392   52.11933061   51.8507321    51.57916407   51.30722888
   51.79974055   52.91605082   54.03423018   54.85010967   53.05482661
   51.25675165   49.45629219   48.8565635    48.88398636   48.91171108
   49.01693649   49.41557864   49.81473856   50.21401116   51.26514817
   52.51951807   53.7757021    54.49883486   54.06570713   53.6322757
   53.19778214   51.92318085   50.51284172   49.10144018   48.92064147
   50.42577897   51.93233875   53.43992356   53.73335248   53.99636161
   54.25934547   53.13262557   50.76321997   48.39191913   46.1872622
   45.8870985    45.58677145   45.2859327    46.35448114   48.21323946
   50.07338335   51.25899595   49.52081627   47.78130375   46.03991858
   45.08076693   44.3950111    43.70841671   43.61123664   44.93133693
   46.25236906   47.57473647   49.06109841   50.57837775   52.09659528
   52.19229689   50.15173039   48.10912284   46.06491263   47.39951016
   48.9015279    50.40504598   51.67645046   52.72093481   53.76673386
   54.74264853   54.59790168   54.45273017   54.30761575   53.77979589
   53.00880113   52.23736156   51.79609245   53.02660443   54.25860343
   55.49137605   56.59926121   57.65832332   58.71849109   59.34874495
   58.82160302   58.29425041   57.7663788    56.50180649   55.07953566
   53.6558869    52.59002909   52.11492089   51.63957813   51.16385197
   51.66784339   52.24540812   52.82341601   52.97091925   52.65902358
   52.34671783   52.05514944   52.30512751   52.55549498   52.80610656
   53.9160626    55.62486622   57.33508416   58.66486945   57.70677998
   56.74771062   55.78766799   55.28261109   54.97589747   54.66894906
   54.75750596   56.04114412   57.32582749   58.61138923   59.11127415
   59.41711529   59.72305973   59.59240481   58.66691976   57.74067048
   56.81335905   56.66905461   56.60385373   56.53837847   55.34276285
   52.82477393   50.30449463   47.80700631   47.01970543   46.23199695
   45.44323076   46.23421177   48.23181315   50.22977702   52.20769326
   54.02885751   55.8513278    57.67552924   57.70120444   56.85517142
   56.00799444   55.35764107   55.37973029   55.40162513   55.42381219
   54.58013924   53.49105753   52.4013738    51.47838537   50.89140288
   50.30353376   49.71540706   50.7896236    52.0788456    53.36935008
   54.24547652   54.59104875   54.93716625   55.28334929   56.08044497
   56.88214155   57.68432959   57.33608113   56.02592188   54.71500123
   53.38950182   51.93952423   50.48865353   49.03643673   49.72558645
   51.56436143   53.40446837   54.84117611   54.69956143   54.55810555
   54.41639424   54.60592404   54.90225089   55.19860326   55.46469298
   55.66171152   55.85838439   56.05556642   55.07593547   53.90937169
   52.74182829   52.03789085   51.98452338   51.93092092   51.8772286
   51.65811901   51.4334292    51.20891544   52.32421856   54.66508678
   57.00749621   59.18993512   59.40225204   59.61449693   59.82683416
   59.40541532   58.60886335   57.8117786    57.14870974   57.09005767
   57.03121605   56.97218529   56.22380695   55.22576      54.22694769
   53.67711404   54.23887026   54.80105887   55.36385732   56.85739892
   58.5279327    60.19950356   60.63408413   59.16286846   57.69054867
   56.2174183    54.78071742   53.34514181   51.90874959   51.58191958
   52.36539362   53.14929518   53.9810133    55.65169593   57.32352246
   58.99679368   59.54378641   59.35842954   59.1731393    59.16727924
   60.11004161   61.05301932   61.99697843   62.66997555   63.23386287
   63.79841966   64.13389992   63.83565887   63.53741841   63.23862353
   63.60915171   64.127747     64.64703278   64.89226524   64.67391195
   64.45567124   64.23697998   64.15480032   64.08390707   64.01262016
   63.5848855    62.76708785   61.94873725   61.1631074    61.43402293
   61.70538855   61.97666772   62.0592923    62.00749124   61.95532166
   61.93926613   62.15055098   62.36202509   62.5733917    60.8595355
   58.27901036   55.69637331   53.65752698   53.31819018   52.97832618
   52.63833599   52.57321096   52.57826683   52.58373235   52.82317779
   53.50024856   54.17755972   54.85538466   54.89037581   54.85625508
   54.82222816   54.03586423   52.34867547   50.66063516   48.98115833
   48.48878937   47.99583409   47.50254296   47.11621578   46.8130652
   46.50979242   46.49957439   48.75568545   51.01362531   53.27327117
   55.01003892   56.48645753   57.96399772   59.40357843   60.70522524
   62.0079627    63.31180031   64.25049138   65.08305902   65.91628171
   65.95466809   64.3526632    62.74951734   61.14539533   60.03532694
   58.99232194   57.94867281   57.15694064   56.69648782   56.23572768
   55.77437292   55.95812639   56.15093578   56.34407565   57.09809874
   58.33304337   59.56902654   60.64823584   60.1733935    59.69823586
   59.22245813   58.59514934   57.8836461    57.17181196   57.0933338
   59.57880792   62.06624372   64.55517597   66.9732435    69.36900311
   71.76620489   73.10116817   72.00356699   70.90539881   69.8060467
   66.66246285   63.17692366   59.68849271   58.28509305   59.87915458
   61.47411157   63.07048997   64.80222435   66.54055834   68.27968501
   69.41498727   69.98471651   70.55449056   70.94844493   68.98408285
   67.01772983   65.05020085   63.86480358   63.15381228   62.44184536
   61.97547072   62.66317396   63.35104123   64.03961625   65.95465996
   68.32724909   70.7018314    72.70435274   73.75522369   74.80742142
   75.85998678   76.63194938   77.34834315   78.06551103   78.15234746
   77.24435867   76.3360354    75.42698034   75.06073299   74.72873785
   74.39610539   73.8542299    73.09751339   72.34049789   71.64047078
   72.09686781   72.55389041   73.01117185   73.69348569   74.52645041
   75.35982606   75.77609656   73.8843297    71.99145372   70.09725552
   68.93246868   68.07100711   67.20885812   66.81722741   67.77123496
   68.72575695   69.67611258   68.62711676   67.11718221   65.60601982
   65.05249904   66.16408603   67.27622422   68.3883769    70.46269005
   72.6231976    74.78422467   75.51237973   74.63336815   73.75397158
   72.92051838   73.9081777    74.89625814   75.88514462   76.63113534
   77.19953245   77.76859651   77.68846444   73.30851564   68.92636302
   64.54149968   62.72218025   62.08732195   61.45165569   61.28442816
   62.623308     63.9623729    65.30254171   67.70679038   70.39466144
   73.08410698   75.36385965   76.85869139   78.35458633   79.85099931
   76.14732306   71.84053521   67.53145683   64.01662736   61.47563572
   58.93239831   56.40538824   60.86442322   65.32489485   69.78779466
   71.97279894   72.33314516   72.69415084   72.8396442    71.21499595
   69.58988655   67.96381798   63.93196061   58.66781735   53.40121797
   49.77221598   52.14646339   54.52163621   56.89760852   61.53854095
   66.86642507   72.19711323   75.42259454   74.18270549   72.94286107
   71.70246821   68.68762695   65.41634418   62.14365559   58.95863088
   55.89263972   52.82518982   49.75638125   54.27771584   58.95489583
   63.6339293    68.29986091   72.95415536   77.61014269   81.61509434
   78.69219359   75.76760434   72.84226343   72.07394777   72.52452422
   72.97528886   73.42150962   73.85085661   74.28041121   74.70964472
   73.22445143   71.0839091    68.94239301   66.91726278   65.16631101
   63.41445445   61.66211289   64.06777175   67.20025781   70.33446302
   73.1992834    75.66627654   78.13481256   80.60376681   83.26258626
   85.9309002    88.59968842   90.7123977    92.29107427   93.86979053
   95.25047824   93.6959487    92.14019896   90.58414851   88.00127727
   84.77988574   81.55755677   78.80521757   78.35432334   77.90369414
   77.45277283   75.39007448   72.70967323   70.02809113   67.06434779
   63.3640433    59.66170497   55.95823187   57.4764152    60.07169001
   62.66837762   66.4133539    72.01460054   77.61846866   83.22463078
   84.19368043   84.84192807   85.49027502   86.71488791   88.5448037
   90.37538291   92.10148191   91.39456523   90.68730306   89.97909318
   87.9620591    85.0496012    82.13652402   79.7851836    80.69084482
   81.59732123   82.50426997   81.78870542   80.37894777   78.96874551
   77.62094165   76.45957832   75.29809843   74.13713349   72.11464415
   69.88433672   67.65261108   65.88981327   64.96158151   64.03245523
   63.10337535   59.68844798   56.03519595   52.38025689   50.2504071
   49.87072714   49.49092428   49.16487617   51.64408758   54.12454561
   56.60586281   60.42915369   65.25763322   70.0880577    74.68517551
   77.63313819   80.58201154   83.53276885   85.52569232   87.06345863
   88.60257205   89.94541128   90.63272023   91.32104921   92.00907038
   92.36635208   92.63262159   92.89845444   92.58406578   91.12805157
   89.67089211   88.21327174   87.83332784   87.58576345   87.33814632
   88.32979766   90.87801847   93.42800265   95.97911914   95.49091605
   94.99197381   94.49279069   94.0065417    93.53782499   93.06816351
   92.42101177   90.22146945   88.0199668    85.81739051   86.17827383
   87.88550108   89.59401189   90.54875192   88.6420852    86.73425687
   84.82539632   84.21989791   84.02259808   83.82512329   83.01857936
   80.8882917    78.75661599   76.62294615   72.25659908   67.54776151
   62.83538058   60.6762817    62.03162622   63.38806786   64.74549486
   69.53588183   74.42100512   79.30945213   82.61106887   84.48807899
   86.36657612   88.21700378   89.73601386   91.25633293   92.7769516
   93.96036842   94.94813673   95.93576412   96.48505882   95.11221129
   93.73772469   92.3630933    94.19276385   97.15515962  100.11962503
  102.83310718  104.93834233  107.04395876  109.14509454  108.89146833
  108.20799975  107.52377922  106.60048072  105.31713219  104.03236317
  102.74770596  101.24582839   99.73138513   98.21694485   97.7629488
   98.34934541   98.93680898   99.33308606   96.60773039   93.88173579
   91.15384627   85.75409799   78.65002336   71.54194433   64.37541058
   56.92540189   49.47134988   42.0134505    40.40063933   41.09650827
   41.79303667   44.57471332   52.99617751   61.42234553   69.48652117
   75.21256556   80.17080341   85.17820343   88.75496975   89.34667476
   90.25894183   91.25025681   93.19378227   95.44109841   97.63373129
   98.68630208   99.33040378   99.45243036  100.26195411  101.25829592
  101.95118983  102.90394319  103.18923379  102.05230708  101.31364038
  100.34821121   99.70357211   98.97366174   98.18230223   94.55398051
   88.52184022   82.26771102   76.23415852   70.33535082   64.51541423
   58.66640976   52.3100204    45.65333416   38.90499389   36.1458888
   39.94446597   43.74465728   47.54589898   54.81032172   62.43328919
   70.05856439   76.85863684   82.68780189   87.9275447    93.08809512
   96.98989735  100.88337469  104.92876894  106.83509989  106.90796812
  107.00711593  107.94212944  110.14465711  112.64795362  114.39774637
  116.02857697  116.72085993  118.02641011  119.78408282  121.23713383
  123.71247156  125.20421621  124.90321161  124.0443522   122.31618198
  121.54500487  121.11064796  121.53198607  122.14074942  124.56303781
  127.32662905  129.75255838  129.90744176  127.67930501  125.5820977
  123.73930867  123.77315758  123.82893224  123.88422613  125.40314803
  128.14995792  130.89886252  133.4275787   133.8880597   134.34977525
  134.81166515  135.15161784  135.42736162  135.70325828  136.1106695
  137.03619308  137.93697446  138.83773191  138.74587934  138.33425961
  137.9215818   137.56649521  137.34031172  137.11411669  136.88791017
  137.70094661  138.67925647  139.65753947  138.24013462  133.44443646
  128.64878857  123.85413117  124.63244529  125.59526597  126.55805995
  129.40055539  133.96883317  138.5378595   142.73984863  142.38130277
  142.02274764  141.66418337  139.8478791   137.16655118  134.4851217
  131.72610614  128.61687776  125.50768852  122.39853938  125.59326987
  131.07850919  136.5629836   140.19276808  139.20471379  138.21666314
  137.2287816   135.11313815  132.78095189  130.4492198   129.05531147
  129.09601037  129.13669992  129.17841839  129.8879557   130.63602305
  131.38418554  130.36065104  127.55576037  124.7514454   122.1765963
  123.83420853  125.49204908  127.1501174   127.88169522  128.00858109
  128.13474905  128.11097164  127.28773804  126.46436986  125.64086737
  123.53976795  120.9181115   118.29571367  116.64591007  117.70521317
  118.76465423  119.82466879  122.44403186  125.41180843  128.37999315
  129.73637256  128.35142037  126.9665134   125.58189808  127.60592705
  129.91323774  132.22085823  132.83234948  131.57933781  130.32708488
  129.03806061  126.5763055   124.11419168  121.65171996  118.1399333
  113.87663347  109.61176952  105.13918201   99.34467556   93.54935763
   87.75323013   86.44608374   87.17034329   87.89398862   90.09164693
   96.9166423   103.74255717  110.56938929  113.28682378  114.94116364
  116.59571402  118.24776067  119.89492461  121.54181239  123.18907985
  125.51090738  127.90725031  130.30385423  131.11333052  130.01186156
  128.91093613  127.81574354  127.58090037  127.34601572  127.11108967
  127.65504827  128.81110713  129.96739661  130.92771272  130.35686749
  129.78594315  129.21493988  128.41502483  127.50076453  126.58559847
  125.72002615  125.03131104  124.34250529  123.65365987  126.2926545
  129.91166828  133.53106407  136.5427603   138.29399027  140.04539518
  141.79814007  138.81637204  135.1791131   131.54144523  129.50988602
  129.59507805  129.68127845  129.76651313  131.14575223  132.54549029
  133.94536218  134.16756964  133.37728843  132.58635198  131.76597394
  130.65365841  129.54121076  128.42863134  128.61641556  129.52390399
  130.43099419  131.58611195  133.75420527  135.92250781  138.0914185
  139.50300893  140.66142142  141.81993667  142.22363246  140.89149537
  139.55890455  138.22690797  137.49070403  136.85472423  136.21866932
  134.31620419  130.58495966  126.85440625  123.12240989  123.84646202
  124.74556587  125.64473805  126.60051573  127.61061911  128.61974844
  129.62520759  130.57961678  131.53409744  132.48864925  133.51728638
  134.58976658  135.66216088  136.43519732  135.79041817  135.1455661
  134.50064131  135.00909438  135.94843295  136.88778241  137.86899486
  138.95751805  140.04612046  141.13568524  138.68065576  135.51705499
  132.35316501  129.95931988  128.78791806  127.61698766  126.44582614
  127.13962123  126.96827494  125.1589556   125.09832147  126.32150785
  127.77572973  131.58808536  134.20050384  136.47446244  139.77077796
  140.4226519   140.63027765  140.95890351  139.39610965  136.60571253
  134.68926493  131.02194068  132.52651309  133.4932      134.86090439
  138.30112637  140.58089009  143.86958424  146.83044599  142.99715549
  139.81090327  136.43717538  131.51337981  125.67712842  119.61862172
  112.89214987  118.78927901  125.84281031  132.8739856   136.94578415
  138.58338621  140.28137916  141.84607932  139.92473327  137.90329204
  135.75820803  135.01220043  135.47451324  135.71327971  136.23401887
  138.59410156  140.86789548  143.14077879  145.01307348  147.2070872
  148.8739263   149.45404904  146.87977467  144.30538285  141.7318925
  140.15584591  138.84694367  137.5379445   137.05980236  138.1807752
  139.30298376  140.42407211  141.00318267  141.51871133  142.03425505
  141.28110623  138.96591026  136.64947725  134.33772126  136.60740095
  138.87719919  141.14735322  144.01971051  147.37764969  150.73457346
  153.4189222   150.4968554   147.57457486  144.65208156  140.27566615
  135.1492502   130.02229919  126.26104494  127.54026625  128.81955689
  130.09963892  133.78613874  138.20661054  142.62735263  145.46725201
  144.93657849  144.40641038  143.87631112  143.11195709  142.31336374
  141.51470359  140.45799973  139.05301964  137.64851989  136.24302306
  132.83345772  129.38020404  125.92672292  125.44275285  127.57420251
  129.70474431  131.68368226  132.02636442  132.369052    132.7117449
  130.11083209  125.83692781  121.56275569  117.65685894  115.3124533
  112.96789702  110.62409592  111.31583875  113.05259103  114.78943047
  115.48717779  113.72526951  111.96397196  110.20206368  111.69568645
  113.76373703  115.83299766  118.52235751  122.12998101  125.73781013
  129.34544293  134.91309503  140.57110394  146.22955232  149.45614829
  150.33816564  151.21939509  151.81420369  148.09034218  144.3661681
  140.64186554  135.74869026  130.12276567  124.4963852   120.78372757
  126.5313365   132.27937632  138.02904323  139.81361392  140.88995314
  140.81514867  141.21073023  140.32455476  139.77861789  138.5239724
  131.74852024  124.65240318  116.80423068  109.85991695  103.7475621
   96.93518707   90.56134763   96.80999559  103.49729744  110.87007017
  117.60725058  123.1606273   129.19043694  134.62370171  136.35908269
  137.78887118  139.58963915  138.7358603   135.62923832  133.24181783
  131.22177466  135.71226045  140.20231644  144.69159448  146.50527407
  147.16660017  147.82789029  148.73389666  150.36473378  151.66059571
  151.98984022  152.99750262  154.7119963   156.71893415  157.91373444
  157.03758589  154.81151186  152.38123125  151.50266738  150.5678685
  149.63434087  148.16920322  146.09143441  144.01277328  141.96900416
  141.21242316  141.62811099  142.05060369  143.69438262  146.55375126
  149.4125109   151.10751859  144.55441448  138.00169945  131.44937608
  127.58818194  126.46633441  124.75843701  124.52119049  128.90719869
  134.26740408  138.45904884  139.70490735  140.79996954  141.15025566
  141.47912249  141.7651692   141.39809303  141.44439277  143.62697425
  146.44834551  149.05271546  149.45970153  147.45998811  145.46039067
  143.30212289  141.38882795  141.14226986  140.36574575  139.24978354
  138.06262989  136.87438246  136.08873445  138.87384416  141.65873823
  144.44341556  147.15530158  149.82875354  152.50271518  153.78347489
  149.74383194  145.70446168  141.66409993  142.83197816  145.63911473
  148.44602478  150.64259842  151.50097149  152.35882283  153.21689926
  152.53923364  151.62526897  150.71104591  150.48354873  151.20752832
  151.93140756  152.65518618  152.01584216  151.33692221  150.65942148
  149.66334688  148.37993823  147.09665306  145.94852619  146.38825683
  146.82850839  147.26869006  149.73199271  153.37388773  157.01407055
  159.19375676  154.92913459  150.66498028  146.40129551  147.33663985
  150.11968104  152.9025788   155.30309943  156.77225268  158.2407126
  159.70853639  159.25304021  158.4418777   157.6307888   155.7493228
  152.24092543  148.73433214  145.22813468  144.231981    143.36690255
  142.50106782  141.99959403  141.85750587  141.71541517  141.68866377
  143.58855816  145.48727198  147.3868433   148.6399751   149.47898035
  150.31786228  150.88342956  150.03131693  149.17929799  148.32730445
  150.31246383  153.42441645  156.53600676  159.38878459  161.53521359
  163.68149931  165.82764087  165.41809736  164.45579397  163.49352245
  161.1196209   156.38961458  151.6597608   146.93094794  151.0847343
  155.92992324  160.7748031   163.28256198  163.26982137  163.25705839
  163.16038888  160.66829543  158.17524293  155.68306832  155.17112808
  156.05278735  156.93436973  157.65636924  157.39930078  157.14331225
  156.88731753  158.12127649  160.01423195  161.90555324  163.4523891
  163.94115346  164.42986271  164.91851664  167.06736059  169.63303641
  172.19921152  173.49413131  172.45342145  171.41267741  170.37056357
  170.35925185  170.45537778  170.55147274  169.66996531  167.6326794
  165.59113871  163.56574733  162.94268643  162.31969229  161.69624086
  161.79342622  162.44757506  163.10160546  163.58507181  162.78985177
  161.99322124  161.19819468  159.03780048  156.20721181  153.37701827
  150.72669843  148.70314414  146.68035904  144.65785348  145.12204017
  146.30056194  147.47792154  148.34401549  148.57545472  148.80683776
  149.03816453  152.60489538  156.61368199  160.62191029  162.52465677
  161.70683688  160.88844161  160.07000462  160.15738576  160.25456286
  160.35170185  159.60529692  158.14561138  156.68709739  155.25788545
  154.11164894  152.96558575  151.81862867  151.77162616  152.32097768
  152.87021248  153.40832009  153.90229786  154.39543991  154.88955787
  157.38021816  160.52023275  163.65967782  165.73865736  165.43543946
  165.13225025  164.82908983  162.93440359  160.78139973  158.62990193
  158.26259311  160.42459104  162.58618335  164.74581398  163.92960246
  163.01066499  162.09186684  162.03598365  162.77671657  163.51743933
  164.20828865  164.25590566  164.30348979  164.35096319  162.64612975
  159.8974424   157.14922777  154.73347634  153.83950685  152.94444318
  152.05054306  152.43944333  153.29736435  154.15510589  155.37912762
  157.52233879  159.6661693   161.80965839  161.2397332   160.14632905
  159.05154961  158.11061244  157.40652652  156.70252278  155.99860152
  151.6864798   136.26125305  122.45367554  108.67863183  101.36992038
  108.16914154  113.32477445  119.89505279  122.39601098  125.93906451
  130.52854693  138.85469011  148.29581559  153.95157334  158.28052274
  153.34320651  149.09773835  146.8792848   138.79074627  142.89088345
  137.74411537  141.39829999  147.18243167  141.84130104  147.86221175
  149.14935354  144.19689068  149.9882348   152.29141403  148.01627478
  153.04193677  155.12148919  151.6325535   153.18399741  155.33362241
  154.37299344  153.40102753  156.38169553  157.51389393  158.36063932
  160.29521561  160.58665452  159.75407079  158.92200589  157.17519818
  155.94174273  154.78778636  155.11223418  156.18856576  154.69114783
  154.08817635  153.56596519  155.08622985  156.57986525  158.03308706
  155.06535268  152.55316341  148.30835848  144.49292807  145.69192601
  147.15416734  149.36501308  152.05895295  153.6639463   156.16091104
  155.98815128  156.23806618  156.5646975   155.59003908  155.9739332
  157.40326708  158.76264108  159.71113666  160.86325972  162.7386191
  164.0939862   162.73076542  161.27218065  158.33492935  155.65506996
  151.88631791  148.11868099  145.56762991  147.37745332  149.18693704
  150.99538172  153.32848786  155.81961689  157.01619798  159.13943232
  160.72081804  160.80982238  160.96789171  159.12289175  155.95133576
  153.72911407  153.07256285  152.81124064  152.72016351  152.7938909
  154.42282353  155.834734    156.52384546  156.88856238  156.02993502
  156.02693413  155.87508916  153.93956797  153.5401597   152.953418
  154.53082944  155.0184528   155.75469639  156.46258025  156.54835712
  155.25311131  155.02599674  153.17233875  151.22052101  150.80044532
  149.14208903  148.51779184  148.03980445  146.61322189  146.19972288
  147.45180595  148.31016312  149.68529312  151.34865155  150.80342897
  150.25884573  151.64951578  151.91676656  152.43578397  152.46640202
  152.53909096  153.05698573  154.38139749  157.14728217  159.50034328
  161.85236808  163.1512658   161.92126353  162.16804116  162.27755807
  162.2972484   163.05713924  163.61997494  162.10941774  159.65251981
  157.53343698  155.16763399  153.00211421  150.6225118   148.32005522
  149.59020148  151.4625916   153.88162498  155.3152934   155.72298846
  156.13056598  155.78837294  157.04552279  156.9061948   157.62828347
  158.0406763   158.65333343  159.43488183  159.51412568  159.92722633
  160.34010116  160.75274995  161.32870244  162.01412702  162.69920339
  163.31303456  163.52718369  163.74105194  163.95478041  162.95717242
  161.45031     159.94396966  158.77619979  158.57741821  157.70151101
  158.17986563  159.07860114  160.23467189  161.39014796  161.22437305
  158.74048879  156.25773033  153.77580043  152.63125387  151.6097639
  150.58880756  151.20150177  153.66307752  156.12360523  158.54449478
  159.24398004  159.94313308  160.64199483  161.79614011  162.59084014
  164.77558554  166.13980481  166.65557376  167.17098837  167.68614255
  167.32370817  166.55064512  165.77779987  164.88006034  163.57352057
  162.14493444  160.02167294  158.84170639  157.63067519  156.07264606
  155.84123994  155.91361684  156.22169118  156.56668713  158.72539034
  160.3430156   162.84717568  164.56709787  165.75961738  166.7463276
  167.4726101   163.1025608   157.51927398  154.00892394  151.23593989
  152.68121703  149.83743849  149.71718834  149.36648804  144.30147485
  147.98374922  148.63905182  147.65104434  149.02350917  145.72259792
  140.75615151  134.4601698   133.31453158  136.5337212   144.15414022
  147.29196131  148.20689141  142.8197591   142.55892971  149.22719785
  148.55296969  154.51039745  147.95631472  146.8926728   146.03539284
  141.1933754   143.31341002  143.29617937  146.10098122  148.18932013
  152.36355487  154.91997541  155.79655563  157.92989947  156.12638902
  154.14621003  152.42674081  152.87060367  155.12049888  156.42403819
  153.87737246  153.35820472  151.12770975  149.42121198  152.00842399
  150.39269661  147.94930402  142.99474147  138.06477728  132.57473087
  135.23362768  140.82780597  145.03740829  142.71970895  141.75346725
  135.81469034  134.16657549  137.22088988  135.46610306  139.5899756
  139.23908753  138.42664045  129.66681036  123.06632456  120.93890544
  119.13841171  119.14166108  118.13153048  111.74664989  105.62194954
  100.46859045   94.8095891    98.44426456  105.40250376  112.83376255
  118.76185863  127.71861286  130.66539062  128.96493895  127.65311598
  123.63720888  118.80115599  121.225752    123.62386342  127.62504424
  134.35275814  138.31698836  141.57700406  143.70706116  142.98427257
  143.51128402  139.35419908  139.29089019  139.47940522  138.39939278
  140.30148663  141.4407258   141.70740692  140.78384831  140.39339205
  138.52162585  133.72940168  132.66504226  133.08046965  135.21459602
  137.94125627  140.45893316  144.54942066  148.03391127  152.89799771
  156.00459164  156.18846251  155.56436524  152.29386411  151.64415247
  151.90989468  153.63412671  154.63069021  154.53590966  152.91240979
  153.4801353   155.65131119  156.04587106  156.81138748  152.52443513
  147.99430522  145.60573188  146.73717737  149.15376011  151.92389123
  153.53282169  155.3025852   155.61289329  155.4123791   150.31730298
  144.63779267  139.27219366  137.10275682  136.32895259  135.67984111
  136.27713293  139.15311383  140.91871292  143.5139275   146.09905044
  148.68221398  151.96036412  154.14845966  155.01823615  156.10752404
  157.52213797  154.59495541  151.82354142  149.43257437  147.3997347
  147.32699337  146.9461586   146.22201317  145.54031352  144.5026311
  143.74137929  145.38735184  149.19577361  152.54727594  156.22105566
  156.65362629  157.31826785  158.06001268  157.26851408  157.1424307
  157.51270375  158.20699012  158.55502345  158.28735914  158.20847679
  157.00139665  155.99485647  155.34679565  153.0487241   149.11341298
  145.18014272  141.2490129   144.40290298  148.6577007   152.90987966
  155.36381564  155.31982369  155.2759798   155.23193033  153.06710895
  150.84095055  148.6161236   147.76058181  148.14607907  148.53136433
  149.02783128  150.85087619  152.67282593  154.49377676  155.27296711
  155.44179943  155.61048029  155.35780347  153.23095066  151.10522354
  148.98066782  145.98930889  142.68903754  139.39061403  136.83773282
  136.1103255   135.38313389  134.65631591  137.93630093  141.9625311
  145.98621831  148.28197114  147.94152704  147.6013138   147.26111819
  147.44435408  147.65579434  147.8670753   148.25182822  148.80898978
  149.36588509  149.76550053  147.47749761  145.1907816   142.905495
  141.33750317  140.23159715  139.12629051  137.98313105  136.63958629
  135.29678398  133.95472486  135.12129853  137.29022149  139.45769266
  140.77637947  139.77191778  138.76786122  137.76435021  136.07021662
  134.22574075  132.38221069  131.39889371  131.85770104  132.31617086
  132.77424813  133.55008584  134.35066862  135.15088063  136.14878704
  137.367457    138.58565587  139.7809496   140.31252632  140.84387369
  141.37488323  141.99996518  142.69126949  143.38233782  144.25597054
  146.26659026  148.27641515  150.28527758  149.38680049  147.19267362
  144.99949876  142.72338455  140.18980432  137.65730516  135.1257876
  133.10169799  131.20650581  129.3121586   130.24117345  136.38605799
  142.52850712  148.66835663  148.76345966  148.2177647   147.67237393
  146.13798634  143.4298606   140.72297127  138.0638026   139.93995441
  141.81520434  143.68973656  145.51648694  147.31723348  149.11998845
  150.83110391  151.84844026  152.86539051  153.88225575  153.84406491
  153.28495669  152.7258426   151.55893605  148.26656495  144.97481187
  141.68384805  141.47520979  142.15911357  142.84273972  143.32121462
  143.38063748  143.43991912  143.49930134  143.38742357  143.25265649
  143.11783724  142.69529132  141.90874698  141.12244012  140.33657578
  137.71206588  135.06561586  132.4202966   132.33136836  128.78061831
  112.46904922   90.83789543   71.54592856   58.75140401   50.87394817
   50.02024377   40.72840234   36.53512542   37.75978713   36.61546655
   37.29869084   38.85874524   39.69697306   45.96909121   48.09578715
   60.78652933   61.57822422   73.71673062   93.62167692  105.37483563
  115.08219381  115.05606628   96.3449595    79.03671668   83.50817
   68.4629878    66.70987129   76.46276502   62.94341437   65.81617422
   76.10216187   65.11719311   67.29207287   79.67743209   77.84830444
   78.43998114   85.76325839   90.72001778   83.07420095   88.53546032
   97.52643297   97.79680317   97.88614403   99.48395524   99.42960122
   98.70698884  100.42175781  102.60213627  103.66450351  104.94383047
  109.30523836  110.16863143  110.75057937  115.50423668  120.03559374
  118.28328977  119.31303428  120.57091928  128.51723269  130.78200625
  127.38974746  126.17415251  126.6269852   129.40250728  127.32684785
  126.2690194   126.0562406   129.39035761  130.87187887  128.76375851
  128.83800428  128.65707267  131.96655765  131.47344017  131.03211526
  131.33754332  132.43641857  134.71092437  133.09902256  131.02827362
  130.63622072  131.83598378  134.69654999  137.41753274  137.38160976
  138.82592247  140.55719305  142.59786471  143.28071939  142.39270426
  141.50525069  139.34221515  135.76327808  132.18596501  128.55174465
  122.75925804  116.9694735   111.18260203  109.54317685  110.90778666
  112.27165772  113.53105865  114.11099141  114.69102708  115.270768
  119.61536102  125.68194036  131.74555235  136.31573011  136.12796421
  135.94013949  135.75242006  130.49808937  123.9156943   117.33646615
  113.96019386  116.65007451  119.3385077   122.02567078  125.74426809
  129.57831372  133.41050641  134.52075027  132.32568641  130.13164237
  127.94770035  127.93647229  127.92523059  127.91404067  128.81489379
  130.43897643  132.06217363  133.66179022  135.07599688  136.48959963
  137.90229245  136.94673724  134.79158651  132.63738693  130.38440331
  127.77042613  125.1578142   122.54630214  123.09420153  124.58669633
  126.07589811  128.10659765  131.27643124  134.44459404  137.61084225
  136.59875023  134.99476247  133.39149478  133.13408054  134.6703127
  136.20576293  137.74023779  138.52847213  139.30251785  140.07598128
  138.33882248  134.41680305  130.49700887  126.80127707  125.4107496
  124.02103894  122.63196741  124.69223571  128.67953807  132.66471002
  135.56031135  133.93762364  132.31590669  130.6949697   131.89281401
  134.04219724  136.19205327  137.99116098  138.97401213  139.95648362
  140.93827482  140.91474266  140.71856312  140.52252907  140.14671576
  139.50803569  138.86983715  138.23180067  136.26417386  134.24135878
  132.21963889  131.36458679  131.61964395  131.87443856  132.14416854
  132.6292248   133.11388459  133.59826098  135.2387143   137.59186544
  139.94365264  141.57573184  139.7422565   137.9096465   136.07796884
  131.84771764  126.70684831  121.56871054  117.70824636  117.16422487
  116.62041681  116.07696932  115.50100965  114.91877352  114.33683506
  115.29976652  118.74107673  121.58115834  125.617994    126.77060415
  127.28890236  128.73110881  130.62533772  133.37541888  136.12396431
  138.65952762  136.1493466   133.65674131  131.41325371  130.88175143
  131.49306786  131.83301678  132.17555424  135.48151791  138.75379206
  142.19489711  143.49707029  142.51841523  142.57746488  142.75018981
  143.17941108  142.8113957   140.32287039  137.23947809  133.75665522
  130.90935997  130.51217095  130.60719562  130.65800315  129.91032021
  131.71341986  133.12262403  135.42078618  137.08874923  138.22349683
  141.80941156  142.87662808  141.91588802  141.75179036  141.50193382
  141.4874705   143.26105122  143.57762971  143.6163867   142.27776423
  140.93993008  139.60267314  138.67005718  137.92821982  137.18672383
  136.74962017  137.31236923  137.87488893  138.43697281  137.174176
  135.41515761  133.65700375  131.45616054  128.39271216  124.98842936
  121.33029341  120.61654109  119.8568848   119.15905015  120.51885777
  124.6762955   129.35967702  133.96303245  135.51693986  136.53376438
  137.09282433  137.16087053  136.02450569  134.19142341  132.95307107
  132.14662178  131.34045193  130.5347082   131.25412311  132.37059593
  133.30290994  134.18356751  133.10547326  132.667628    132.16802612
  132.54592777  133.35871624  134.17116037  135.35336251  137.33301812
  138.64770388  140.35100224  140.41078016  141.21990229  142.49671337
  143.23423607  143.72150241  141.82388465  140.2980469   138.67709808
  136.94023667  135.59876092  134.12438487  132.85973455  131.98396649
  131.15266774  131.06715288  130.24627129  129.0258455   127.03011048
  125.36885467  124.0064126   124.04992773  127.77833432  131.38834615
  135.13271711  136.15272369  136.50963604  136.62836157  136.14591065
  135.04916062  134.14462234  134.00297027  134.20773234  134.41117055
  133.1033827   132.74686998  133.13637738  133.96187636  135.47806888
  134.62160449  133.01018722  131.39987977  130.26240461  129.58600904
  128.90988249  128.22935406  127.47221345  126.71541296  125.95921392
  125.31919955  125.88420342  126.07413687  126.39118512  127.52046907
  128.64906339  129.77678391  127.86743085  124.77295952  121.68025175
  119.62671726  120.35419689  121.08119776  121.80761524  122.74518455
  123.72708314  124.70822566  125.3946716   127.09775874  129.15975382
  131.11598796  132.19824103  133.55914172  133.84338589  133.52026014
  132.86208357  132.11459158  131.1135257   130.59673333  130.15822746
  129.72943367  129.83982809  130.71969922  131.02370558  131.38210166
  129.82100878  128.55578995  127.49862222  126.21400809  125.39149754
  123.63030311  123.28019921  122.97125728  122.87900661  122.88557458
  123.4545707   125.01749238  127.27791556  128.44833736  130.86499552
  133.04327334  135.60078906  132.37794509  131.25210048  129.6180138
  122.71183252  119.15612142  116.13658535  113.93147061  120.85517152
  122.75981269  122.0572912   122.00354348  120.78895605  122.26399495
  122.46054324  117.3143219   113.01363241  111.90492006  113.82744455
  116.75590412  118.02198242  119.82239291  117.65594089  117.72872199
  121.19129583  113.0174218   111.03603057  106.13670506  102.98629602
  111.94885719  117.40126401  115.54029248  115.2264378   115.06887923
  115.44631348  122.6564638   125.13510129  115.84603113  107.9659028
  103.64424558  102.19268672  104.35966814  110.32190804  114.62699191
  113.11308184  118.71200971  113.71715919  111.49697689  115.00371304
  112.52310316  117.91418033  120.75292513  121.10795265  119.46404808
  117.14359206  112.97185248  112.08505284  120.08147073  122.7632284
  126.34109817  127.99644488  127.51543401  126.05762242  125.5094515
  123.11608734  122.90459512  123.69349696  124.19123444  124.67970336
  122.13426622  121.57782459  118.88117002  119.16107515  117.06444067
  115.46112928  111.37213146   99.63429203   95.5677117    90.64946919
   90.25311413  101.61457829  103.03046764  108.05508264  112.27585317
  114.24303464  118.58969788  119.46305608  122.13416098  118.52563332
  120.03012896  121.76535738  122.90869073  127.6967904   129.51995499
  128.90986877  127.07161118  125.06747311  123.50897931  116.56337921
  114.02246358  112.08589827  110.88077602  116.3361674   118.15381871
  118.82883799  121.60938035  121.7148382   123.48026573  124.797852
  124.67590113  120.97337458  119.32985175  115.70865831  114.88956425
  115.871135    117.50508959  118.19267239  118.06914614  115.40755667
  115.53386755  118.95787861  120.84025378  122.34391003  118.38838051
  117.82277703  117.96899507  123.77387957  120.57688296  120.53497652
  119.50364663  118.69608303  122.5120337   121.52243748  121.56623161
  121.18940658  117.99051404  117.36761008  117.38117557  117.97179776
  122.41047868  124.29893148  120.33526754  119.48676213  118.9322123
  117.05326089  117.34264405  115.76247682  115.82026473  111.49895169
  112.54700701  113.94835165  114.86672765  120.06544871  122.15210157
  121.8225643   120.39811069  120.5291102   119.9631169   120.32404327
  121.48410401  121.74277217  121.07297631  118.95696157  118.91252885
  117.18949031  118.19448548  118.85852887  116.50896071  114.8077019
  111.48690264  111.87754147  112.90661789  113.75526195  114.89866202
  115.6209575   115.46682992  115.277983    117.14324557  118.22537437
  119.14964137  118.66718477  117.1696367   115.7205367   114.79914717
  114.9124485   114.77959344  114.60474807  117.86099244  120.05677369
  122.09170637  123.02923863  122.73337439  123.68092388  124.64833779
  125.91970495  127.03120557  126.40735083  124.51156128  121.41880431
  118.47691371  115.95642304  116.51129599  117.11800677  117.91863696
  117.85982823  118.80642895  119.43698219  120.01582845  119.3693835
  118.25119304  117.5882305   117.81141989  117.32092855  117.34727295
  117.79632143  118.92490298  120.42341107  122.31486282  122.60339925
  123.39096595  122.80222735  122.1331071   120.60406212  119.06893613
  118.10850627  117.90805658  118.20744049  118.09242074  117.81245408
  117.54943188  117.28666068  117.02382202  117.15710745  117.43170631
  118.12740875  118.44623906  118.53129346  118.57677407  118.61326777
  118.70946653  119.08900141  119.33495697  119.77474247  119.51714943
  119.25978773  118.79485517  117.36154825  115.92926691  114.49779962
  113.60124488  112.90332704  112.20596386  111.98636443  112.97891579
  113.8841789   114.37292412  115.16598736  115.88950451  116.87558163
  117.57694448  117.11715329  116.65780579  116.19862786  117.25526993
  118.40552139  119.55501372  120.39088183  120.90664582  121.42219035
  121.90141048  121.06459211  120.74116921  120.48262944  119.91332535
  119.59226143  118.66106767  117.75359954  116.97515598  116.19708351
  115.41957053  115.10305435  114.97764061  114.51231585  114.26630619
  114.61957898  114.91376832  115.50032242  116.62253798  117.80375597
  119.3846705   120.09383875  119.82715972  119.56045298  119.29385142
  118.32839951  116.67293535  115.63912459  114.77625098  114.18196083
  114.25932656  113.82652948  113.717608    114.52465557  114.87340823
  114.14400336  112.62942979  111.1154932   109.77695671  109.59659687
  109.41628742  109.23602843  110.49733108  112.42213998  114.3462075
  116.00661413  116.82148369  117.13659477  117.26713955  117.73254471
  118.01064683  118.72217728  119.82520706  120.95452616  121.91959018
  122.56453151  121.92420053  121.1361186   120.34835806  119.59631034
  118.9535769   118.74127677  119.20888664  118.98228222  118.75574776
  118.52928336  118.83605892  119.5680572   120.2996903   120.92004619
  120.63227368  120.34459901  120.05681332  119.89027321  119.78544351
  119.68062863  119.63406029  119.80013713  119.96610462  120.13196266
  119.9792612   119.73069706  119.48228735  119.27824921  119.1679336
  119.05763567  118.94735545  117.83415338  116.57740227  115.32120098
  114.98586352  115.88472602  116.78331946  117.68147212  118.26050084
  118.8328829   119.40496433  118.8061791   117.18294067  115.5604288
  114.21373122  115.76974652  117.3251794   118.87985832  119.81940234
  120.41183323  121.00395064  121.35991886  120.72750573  120.0952826
  119.46326142  118.9708252   118.52595943  118.08127071  117.85120737
  118.12455049  118.39772955  118.67074439  117.48345498  116.04325998
  114.60365996  113.25554386  112.04136414  110.82773365  109.61465299
  109.95766777  110.36835297  110.77880854  111.68581089  113.06778516
  114.44899667  115.73913628  115.71115222  115.68314783  115.6551231
  116.20238566  117.10645057  118.01004203  118.65419007  118.03685187
  116.9429629   115.81370234  116.09467618  117.2735724   118.81438473
  119.91053522  119.83475402  119.07147888  118.30832984  117.86101942
  117.47886229  117.09685824  117.08890311  117.68437112  118.27950999
  118.87431936  118.82905745  118.73997379  118.65068388  118.20404095
  117.38338757  116.56310671  115.63954577  116.11938112  117.19148659
  118.50161817  119.46333903  119.46051351  119.45743598  119.44253304
  119.35852307  119.27451893  119.19052066  119.28065481  119.4450513
  119.60932848  119.76387544  119.88994302  120.01561539  120.13113569
  119.65929603  119.04717823  118.43543548  118.0316627   117.99672006
  117.96175913  117.92677991  118.23043075  118.56625421  118.90185914
  119.18204616  119.39890095  119.61556382  119.8116616   118.95482686
  118.0985389   117.24270084  116.6972967   116.38380535  116.07048819
  115.71314122  115.04684074  114.38095928  113.71549708  113.12663976
  112.57421398  112.02198539  111.39105659  110.49813726  109.60579814
  108.71403952  109.41300149  110.54802291  111.68221249  112.52023499
  112.77915662  113.03770844  113.29621583  113.19911537  113.05840387
  112.91774907  113.12167504  113.75669765  114.39123221  115.02527847
  114.95528387  114.88280638  114.8105194   114.66533734  114.46060661
  114.25597749  113.98830243  113.16962729  112.35148846  111.53388625
  111.15741412  111.01228452  110.86721597  110.72220398  110.577236
  110.4323292   110.28748364  107.931148    104.88684947  101.84468024
   98.66649256   95.1907131    91.71737924   88.2464923    90.0565266
   92.66547325   95.27251625   95.94152248   95.10664137   94.39222667
   94.1988516    97.6507254   101.2105477   104.7677692   106.935578
  107.86143536  108.78658333  109.62166661  109.43531684  109.2490803
  109.06302965  108.95435273  108.91858131  109.28767916  109.86230877
  110.13617348  110.04393843  109.95172741  109.0410976   107.84361044
  106.64704695  106.03844963  106.84901242  107.65894149  108.46823651
  108.83653084  109.12439493  109.41195267  109.58102884  109.57202146
  109.56297725  109.55389621  109.63371834  109.7179109   109.80199784
  109.43054378  108.61268968  107.13886958  106.19758841  106.5727501
  107.2102118   108.17057742  108.31678482  108.31802121  108.12737977
  107.77300562  108.19852128  109.2833245   109.72762103  109.32403965
  108.58733742  107.85113981  107.44137109  107.01668921  107.4105033
  107.75649951  107.3750979   107.92008086  107.36565457  107.0359657
  107.07802799  107.12001486  107.16192626  107.0510934   106.92877924
  106.80651309  106.65193737  106.05192841  106.27445601  105.64657405
  105.97165795  106.74844573  107.7438001   108.30570761  108.61729688
  108.92860488  109.13504621  108.56218985  108.0203968   107.86331514
  108.01722255  108.42461501  108.31170859  108.25427473  108.27891726
  108.40461897  108.88854382  109.26907767  108.47497081  107.68142589
  106.95319584  105.35198548  102.56887151  101.48666076  102.00248995
  102.36667056  104.06091011  104.09629949  103.20377177  104.06819611
  101.64099327  101.42902606  101.17872396  101.42442006  102.5148144
  101.81020961  101.74469282  101.12175243  101.70654624  101.1690242
  100.96218875   97.70763836   95.26857092   98.35397571   97.26871964
  101.43385715  102.57826628   96.8205519    93.66571441   90.01711451
   85.85516598   90.71265988   94.76792246   97.56679946   95.47734076
   91.97175582   88.55557062   85.29364906   90.49423216   94.93749772
   98.18025385   95.99998188   93.58301725   93.16371667   93.7256788
   97.96607229   91.62546501   82.46526176   77.49300189   70.58304816
   68.87813379   76.89195066   81.01819375   89.83364352  100.48059124
  101.55735671   93.74356199   89.41027718   88.50029358   81.49614151
   89.26893124   91.37125429   87.29173161   94.20515897   94.41278606
   92.38748047   95.4453099    97.80425544   96.1684716    92.2990314
   90.37381972   90.20945454   91.7202153   100.70456111   96.28163368
   94.61994896   85.63587622   88.30942002   93.01153591   93.679569
   99.26744077   99.10297834  100.37879356  100.98006719  104.56313414
  105.73800058  105.57293379  104.01126379  102.00272114   97.65660391
   96.77960219   97.74093949   97.75162375  100.6112416   100.87280393
  100.59437993  101.18189609   96.41646851   96.17686271   96.68151134
   97.13547777  100.96782483   97.73570478   94.97409512   93.69951834
   90.68161345   92.49725417   95.37611101   97.88595168   94.94862147
   93.70111816   89.26726387   83.97773748   87.2577386    87.68134953
   92.85885635   96.16912325   93.97678614   85.76847855   81.61935538
   81.5935007    87.02989997   92.94178554   85.56352613   85.18063834
   83.46949191   83.93125534   91.83016976   89.29179093   87.8064632
   88.08242718   89.16068299   90.52936292   84.13991002   82.15210651
   83.48644962   86.11886677   90.11794477   88.26104315   82.07959716
   81.76733405   86.53663374   91.1967029    95.71798357   95.15030537
   93.51055197   90.37003432   83.6794045    77.41578135   79.28807075
   83.46230301   91.38917621   95.24079219   95.52354583   94.02686658
   91.25496307   85.37069001   79.50523164   79.28955679   80.34981666
   81.95441803   77.63759752   74.78173152   77.29109899   80.95778156
   90.0878599    91.33698774   88.53067465   87.98811422   87.82321774
   89.67151889   90.66307838   90.02443434   84.54042799   76.59249221
   74.63936443   67.86111956   72.3886322    79.99646942   81.62189897
   88.02877884   88.30712439   86.30499678   87.02241751   87.05850989
   83.34529058   80.92902783   82.31816966   82.34154534   83.7845826
   77.58033422   73.08823146   70.81532077   72.39550006   81.28120145
   85.02310794   89.56809158   88.36050302   83.41648369   81.84863223
   81.8744078    84.09488778   89.39969545   90.71235689   88.59645258
   87.15723347   83.20521797   79.27827319   80.8480703    81.03404639
   84.68990791   86.53800522   84.81957252   83.45199847   81.97456122
   81.02215826   79.34078122   79.02413963   80.71548605   82.98161698
   83.73315934   82.39486121   80.00960282   74.92309453   76.23571767
   79.30630188   81.68345676   85.84822618   86.54939077   84.15993428
   83.91038223   84.81957586   84.19180833   85.76635703   85.29065289
   84.64039989   85.13072037   84.20105778   84.12575764   82.96669295
   80.80113027   81.77019842   81.57205136]
