[   9.46692783    9.52208031    9.57739654    9.57499015    9.56120037
    9.54730399    9.53331889    9.51923734    9.5050661     9.49078885
    9.47641926    9.46195714    9.44740001    9.43274086    9.4179841
    9.40313863    9.38819292    9.37314908    9.35800302    9.34277085
    9.32743388    9.31200256    9.29646616    9.28084284    9.26511188
    9.24928864    9.23336079    9.2119009     9.1789822     9.14591168
    9.11267871    9.07929328    9.04573736    9.01202629    8.97815603
    8.94376621    8.90916425    8.87440581    8.83949478    8.80442464
    8.76919309    8.73379992    8.69825716    8.66255022    8.62668499
    8.59065466    8.55447456    8.51812689    8.48162338    8.44495289
    8.40813091    8.37113857    8.37523659    8.38878977    8.40236177
    8.41593556    8.42952624    8.44312748    8.45674514    8.47036555
    8.48400043    8.49764978    8.51131166    8.5249802     8.5386593
    8.55235682    8.56606296    8.57977968    8.59350354    8.60724878
    8.62099921    8.63476416    8.64853429    8.66232583    8.67612058
    8.68993233    8.68733001    8.64478662    8.60073668    8.55656073
    8.51224062    8.46778544    8.423195      8.37846913    8.33361563
    8.2886197     8.24348639    8.19821692    8.15281158    8.10727794
    8.06159889    8.01578296    7.96982999    7.92374468    7.87752102
    7.83115576    7.78465274    7.73801176    7.69124127    7.64432379
    7.59726783    7.65923124    7.75033832    7.84166791    7.93321467
    8.02480667    8.11659112    8.20859009    8.30081307    8.39324194
    8.4858861     8.57874579    8.67182369    8.76512256    8.85863051
    8.95235502    9.04629636    9.14045478    9.23484075    9.32943419
    9.42424548    9.51927488    9.6145253     9.70999974    9.8056851
    9.88510495    9.92200046    9.95883194    9.99562279   10.03248079
   10.06940873   10.1064067    10.14348592   10.18062421   10.21783275
   10.25511162   10.29246089   10.32988913   10.36738229   10.40494326
   10.44257494   10.48028827   10.51806219   10.55590646   10.59382174
   10.6318081    10.66987085   10.70800603   10.74620613   10.78447761
   10.7913477    10.7886532    10.78594232   10.78319157   10.78041263
   10.77760721   10.77478169   10.77191793   10.76902582   10.76610532
   10.76315639   10.76019002   10.75718466   10.75415017   10.75108707
   10.74799707   10.7448865    10.74173735   10.73855944   10.73535272
   10.73212465   10.72886423   10.72557083   10.72224847   10.70900412
   10.66688819   10.62463861   10.58226673   10.53977238   10.49715543
   10.454423     10.41156425   10.36857853   10.32546961   10.28223733
   10.23889246   10.19541297   10.15180967   10.10808242   10.0642348
   10.02026609    9.97616601    9.93194137    9.88759202    9.84311781
    9.79852898    9.75380454    9.70895479    9.66398008    9.75983911
    9.90445643   10.0493988    10.19466658   10.34026015   10.48618927
   10.63234521   10.77810838   10.9241773    11.07055286   11.21724546
   11.36423367   11.51152891   11.65913147   11.8070485    11.95527241
   12.10379901   12.25263422   12.40177833   12.55123234   12.70100788
   12.85108079   13.00146389   13.15215749   13.33318238   13.61309568
   13.8936268    14.17478269   14.45656405   14.73898692   15.02202155
   15.30568372   15.5899741    15.87489752   16.16045908   16.44663855
   16.733449     17.02089112   17.30896561   17.59769139   17.88703297
   18.17700899   18.46762015   18.75887198   19.05077033   19.34329134
   19.63645025   19.93024777   20.22470024   20.25908458   20.19247372
   20.12567401   20.05868522   19.99151228   19.92416002   19.8566026
   19.78885522   19.72092677   19.65280985   19.58449117   19.51598164
   19.44728104   19.37838914   19.30932548   19.24005024   19.17058303
   19.10092364   19.03108058   18.96104675   18.89080937   18.82037891
   18.74975515   18.67895593   18.62836533   18.65471068   18.68106667
   18.70744988   18.73386889   18.7603171    18.78678211   18.81327441
   18.83979404   18.86635917   18.89293445   18.91953616   18.94616525
   18.97282463   18.99952489   19.02623628   19.05297514   19.07974148
   19.10654784   19.13337597   19.16022488   19.18710135   19.2140054
   19.24093994   19.26791567   19.25433897   19.22311745   19.19179971
   19.15975846   19.12697901   19.0941011    19.06112463   19.0280495
   18.99489461   18.96162178   18.92827836   18.89477716   18.86115805
   18.82756206   18.79381004   18.75989292   18.72597907   18.69194661
   18.6577305    18.62341465   18.58913769   18.55466786   18.52005174
   18.48533545   18.4477915    18.39730857   18.34668347   18.2960794
   18.24521445   18.19418885   18.14302967   18.09191579   18.04048843
   17.98892707   17.93723156   17.88557839   17.83361357   17.78151419
   17.72945491   17.67708536   17.62458083   17.57194982   17.51933862
   17.46642767   17.41338115   17.36036952   17.30705086   17.25359623
   17.20003078   17.09527784   16.96545479   16.83533812   16.70498476
   16.57438489   16.44338418   16.31212853   16.18065614   16.04876873
   15.91658561   15.7841758    15.65148371   15.51841032   15.38504003
   15.25146909   15.11755472   14.98319648   14.84861757   14.71372626
   14.57847311   14.44292279   14.30717915   14.17106695   14.03462199
   13.94473146   14.0941688    14.24384337   14.39380274   14.54416673
   14.69471899   14.84553575   14.99663839   15.14817337   15.29984995
   15.45181322   15.6042063    15.75675265   15.90957897   16.06269306
   16.21625115   16.36994296   16.52392335   16.67820059   16.83291251
   16.98776165   17.14290043   17.29849496   17.45421527   17.61022605
   17.50203081   17.25221768   17.0017333    16.75072755   16.49933353
   16.24725702   15.9946496    15.74154829   15.48798763   15.2337819
   14.97904319   14.72383408   14.46810249   14.21175928   13.95492747
   13.69759739   13.43964502   13.18115607   12.92219745   12.66268643
   12.4025821    12.14193912   11.88084135   11.61914511   11.40968513
   11.52348091   11.63745691   11.75160683   11.86596903   11.9806398
   12.09544512   12.21044633   12.32566061   12.44120532   12.55684734
   12.67270299   12.78888678   12.90517738   13.02167621   13.13856071
   13.2558787    13.37329268   13.49092624   13.60890719   13.7269816
   13.84527624   13.96379129   14.08265875   14.20161632   14.49889114
   14.90206405   15.30613304   15.71087933   16.11642957   16.52291606
   16.93005765   17.33799796   17.74677908   18.15644682   18.56679162
   18.97793822   19.38996846   19.8028238    20.2163841    20.63081627
   21.04576529   21.46102576   21.87549458   22.29052029   22.70642044
   23.12282949   23.54017245   23.95807342   24.3112448    24.17138208
   24.03117641   23.89083841   23.7501678    23.60911088   23.46794012
   23.3262757    23.18454899   23.042384     22.90004727   22.75741075
   22.61443297   22.47131137   22.32770413   22.18402311   22.03988915
   21.89561734   21.75100475   21.60609208   21.46099762   21.31544534
   21.16979784   21.02386782   20.87746377   20.99742205   21.291075
   21.58536223   21.88008955   22.17529557   22.47110314   22.76722542
   23.06404541   23.36116583   23.658979     23.95718652   24.25591756
   24.55521809   24.85486446   25.15520665   25.45582309   25.75717507
   26.0590339    26.36117228   26.66392618   26.96661597   27.26982393
   27.57360133   27.87769794   28.16097103   28.23739335   28.31417497
   28.39089323   28.46779204   28.54482032   28.62182287   28.69912347
   28.77626807   28.85377669   28.93119364   29.00884522   29.08666676
   29.16442183   29.24236003   29.32042907   29.39847016   29.4768146
   29.55499779   29.63355181   29.71201041   29.79070745   29.86948269
   29.94828215   30.02736181   30.21723864   30.48776052   30.75846833
   31.02978814   31.30144432   31.57349174   31.84611558   32.11906098
   32.3923403    32.66622966   32.9402474    33.21498127   33.48988441
   33.76541914   34.04128643   34.31754583   34.59438232   34.87136391
   35.14906487   35.42689176   35.70542724   35.9842289    36.26348743
   36.54326896   36.8008134    36.76619379   36.73146652   36.69635417
   36.66146082   36.62616669   36.59107433   36.55572798   36.52032275
   36.48492318   36.44920546   36.41367092   36.37772181   36.34200342
   36.30598374   36.26996863   36.23389347   36.1975659    36.16138627
   36.12479459   36.08843      36.05197258   36.0151042    35.97846134
   35.94151926   35.91693454   35.90204394   35.88693817   35.87201264
   35.85671404   35.84167422   35.82634055   35.81114703   35.79685468
   35.78240941   35.76811      35.75343767   35.73902079   35.72427841
   35.7096968    35.69510316   35.68021577   35.66542588   35.65054566
   35.63551268   35.6206234    35.6053631    35.59035522   35.57502337
   35.56549108   35.66741516   35.76944477   35.87176775   35.97394571
   36.07655906   36.17901049   36.28188317   36.3847353    36.48775657
   36.59105885   36.69435577   36.79775847   36.90145945   37.00500941
   37.10900319   37.21282865   37.31708342   37.42131474   37.52571701
   37.63035586   37.73490477   37.83987078   37.94464752   38.04989212
   38.13383803   38.19963098   38.2648515    38.32712094   38.38970196
   38.45229632   38.51472078   38.57749111   38.63999105   38.70288763
   38.76563014   38.82853603   38.89153861   38.95443658   39.01764962
   39.08058958   39.14392937   39.20707967   39.27046198   39.33387396
   39.39724775   39.46090526   39.52428696   39.58807171   39.65248433
   39.73855247   39.82505819   39.91140435   39.99801828   40.08469484
   40.17136506   40.258356     40.34509899   40.43228429   40.51927253
   40.60660043   40.69392148   40.78130487   40.86895995   40.95639807
   41.04426578   41.13353297   41.22382374   41.31423932   41.40446224
   41.49503898   41.58561674   41.67626598   41.76719989   41.83930246
   41.89415895   41.94872739   42.00366731   42.05847936   42.11337768
   42.16843401   42.22329031   42.27850188   42.33340541   42.38871865
   42.44384913   42.49913825   42.55460438   42.60992324   42.665329
   42.72089407   42.77625703   42.83197845   42.88738872   42.94321238
   42.99885136   43.0546503    43.11051269   43.16628506   43.24764313
   43.32872685   43.4102662    43.49162181   43.5732511    43.65493449
   43.73659828   43.81859215   43.90058504   43.98248417   44.06475157
   44.14673964   44.22918948   44.31145199   44.39399154   44.47658522
   44.5591582    44.64206549   44.72468994   44.80778049   44.89064358
   44.97386126   45.0570578    45.14030826   45.23015826   45.32634312
   45.42299955   45.51976838   45.61626885   45.71326203   45.81004299
   45.90720349   46.00436151   46.10159333   46.19912978   46.29643214
   46.39421321   46.49173985   46.58972724   46.68763371   46.7856917
   46.88397939   46.98210717   47.0806797    47.17897423   47.27777347
   47.3766865    47.4753394    47.57445988   47.65866261   47.7426708
   47.82688813   47.91091857   47.9953766    48.07952791   48.16416746
   48.24863888   48.33332057   48.41813311   48.5028364    48.58793101
   48.67271538   48.7579923    48.84305866   48.92841743   49.01396853
   49.09779037   49.18025922   49.26285008   49.34531952   49.42817502
   49.51070535   49.59372429   49.67940302   49.76866196   49.85797046
   49.94724638   50.03687932   50.126192     50.21600628   50.30556108
   50.39549504   50.48539589   50.57534598   50.66561477   50.75582948
   50.84601033   50.93655255   51.02676907   51.11749361   51.20795412
   51.29879845   51.38960837   51.48046744   51.57162794   51.66250099
   51.75386555   51.84492062   51.84642215   51.84348679   51.84055474
   51.83771027   51.83453153   51.83167218   51.82875254   51.82541464
   51.82243773   51.81902173   51.81594531   51.81261929   51.80929611
   51.80605969   51.80248988   51.79923771   51.79552639   51.79219532
   51.78855214   51.7849953    51.78144083   51.77763739   51.77410845
   51.77012136   51.78731403   51.83054219   51.87337643   51.91665419
   51.95968437   52.00286504   52.04611246   52.08917481   52.13257683
   52.17558357   52.21455382   52.24475997   52.27516755   52.30531363
   52.33559805   52.36602101   52.39618204   52.42654488   52.45696207
   52.48715912   52.51779071   52.54811757   52.57864684   52.60891325
   52.63931867   52.70104097   52.76478593   52.82876292   52.89282373
   52.9566917    53.02083503   53.08497709   53.14937416   53.21342801
   53.27765133   53.34204456   53.40620034   53.47059048   53.53506506
   53.59934425   53.66390163   53.72845738   53.79327071   53.85773658
   53.92237351   53.98718196   54.05174991   54.11655456   54.18144427
   54.16994955   54.0538981    53.93768796   53.82116814   53.7049651
   53.58836604   53.4717806    53.35480098   53.23789909   53.12092435
   53.00359993   52.88639423   52.76903038   52.65139835   52.53408174
   52.41637475   52.29867782   52.18059237   52.06257962   51.9444924
   51.82606019   51.70774071   51.58926339   51.47048404   51.35185684
   51.43737064   51.54358255   51.64945908   51.75559934   51.86185897
   51.96796752   52.07438272   52.18083416   52.28717497   52.39386585
   52.50050884   52.6075036    52.71415502   52.82107413   52.92811372
   53.03499796   53.14219365   53.24942502   53.35654232   53.46401533
   53.57143823   53.67881031   53.78664754   53.89434821   53.91576767
   53.80624202   53.6968452    53.58729693   53.47744767   53.36776832
   53.25785228   53.14770031   53.03782234   52.92762315   52.81735753
   52.70675117   52.59626823   52.48563435   52.37470317   52.26393558
   52.15293361   52.04169805   51.93062408   51.81925421   51.70808562
   51.5963945    51.48482137   51.3730978    51.25990156   51.55842564
   51.90988479   52.26148688   52.61362879   52.96585062   53.31865976
   53.67131238   54.02446898   54.37785197   54.73130762   55.08531611
   55.43946243   55.79374415   56.14858469   56.50349341   56.85901128
   57.2143455    57.57019993   57.9262788    58.28241857   58.63913024
   58.99597217   59.35294193   59.71048961   60.03699795   60.31185637
   60.58725659   60.86271778   61.13833557   61.41393796   61.69006323
   61.96624625   62.24248515   62.51925155   62.79599907   63.07290083
   63.3503602    63.62787468   63.90554424   64.18318925   64.4613719
   64.73960643   65.01789093   65.29671773   65.57551649   65.85446794
   66.13179072   66.4087341    66.68631393   66.74174864   66.76241597
   66.78292539   66.80327678   66.82397548   66.84443633   66.86484548
   66.88554896   66.90596117   66.92682765   66.94716304   66.9678463
   66.98837125   67.0087378    67.02945247   67.04992873   67.07035314
   67.09107259   67.11150006   67.13198242   67.15273334   67.17343249
   67.19397295   67.21435461   67.2314208    67.24149529   67.25151041
   67.2618137    67.271817     67.28186786   67.29218022   67.30243321
   67.31251985   67.32244008   67.33270212   67.3427175    67.35267344
   67.36291777   67.37286185   67.38285351   67.3931176    67.40359077
   67.41389747   67.42403767   67.43452002   67.44475554   67.45493161
   67.46539635   67.47556063   67.52500443   67.58217511   67.63902483
   67.6964124    67.75331744   67.8105997    67.86766766   67.92470937
   67.98207529   68.03917238   68.09635107   68.1538007    68.16433845
   68.14223526   68.11958913   68.09726467   69.15489306   70.32272881
   71.49169658   72.30427428   71.93038194   71.55646342   71.18189397
   71.80786318   73.23880341   74.67082018   76.10355536   74.21292819
   71.85788967   69.50083541   67.61951621   67.63601925   67.65217258
   67.66848516   67.93684783   68.43417073   68.93156592   69.42924752
   70.86351712   72.4670553    74.07177852   75.30454112   74.72292767
   74.14106351   73.55894432   72.36274522   70.53763927   68.71073645
   66.88281424   68.13388074   70.07541851   72.01862061   73.73789219
   74.07456247   74.41164385   74.74857716   73.51066574   70.4478584
   67.38306947   64.31569888   63.3548389    62.96480951   62.57415458
   62.49022322   64.88698048   67.28516421   69.68534377   70.07116066
   67.82427026   65.57532339   63.32475722   62.10629248   61.21852049
   60.33022717   59.64918323   61.35028319   63.05284218   64.75669968
   66.56209125   68.51652986   70.47244691   72.43004756   71.05035326
   68.41390787   65.77565955   63.36364368   65.2979288    67.2336829
   69.17055615   70.88741705   72.23215757   73.57813339   74.92470888
   75.20167199   75.01210846   74.82200561   74.616154     73.61990716
   72.62259422   71.6251034    71.51204876   73.09670593   74.68213946
   76.26889655   77.70623202   79.06863328   80.43229764   81.7970142
   81.13622329   80.45386952   79.77051986   78.72718393   76.89147636
   75.0545925    73.21651889   72.15586917   71.54099149   70.92570345
   70.30964355   70.99573509   71.73723468   72.47954977   72.89751763
   72.49284949   72.08804076   71.68255241   71.71644978   72.03623358
   72.35566227   72.67558677   74.73959553   76.93823637   79.13791222
   80.4710749    79.23375908   77.99512872   76.75586677   76.00084343
   75.6025464    75.20427463   74.80564043   76.24754801   77.8980911
   79.54942032   80.92148094   81.31141872   81.70190902   82.09273017
   81.61888114   80.42425914   79.2286943    78.0319746    77.79953171
   77.71236105   77.6252955    76.93250354   73.69031207   70.44582237
   67.19868306   65.10066204   64.08481745   63.06800516   62.05077175
   64.0372843    66.60483342   69.17369844   71.70725757   74.04877448
   76.39163707   78.73649523   79.41570064   78.32603312   77.23596824
   76.14492143   75.95266876   75.97195703   75.99184191   75.82322027
   74.41445732   73.00557162   71.59596816   70.4798126    69.71674465
   68.95328455   68.18892384   69.30070198   70.94744574   72.59505094
   74.12046574   74.5548405    74.98936241   75.42441533   76.10703693
   77.12520375   78.14426038   79.1631969    78.15705061   76.46749932
   74.77650509   73.07278087   71.20546058   69.33665225   67.46745957
   67.26057678   69.60700539   71.95507313   74.30401278   74.83063765
   74.64033711   74.44966932   74.28178411   74.65170909   75.02160354
   75.39149401   75.71620716   75.96105517   76.20571593   76.44944797
   75.49355769   73.9928298    72.49143561   71.00456038   70.92786716
   70.85113294   70.77382929   70.62404      70.3286008    70.03308259
   69.73767657   71.59598077   74.57722047   77.56006678   80.54398847
   80.85738604   81.11892814   81.38041624   81.25037591   80.2247042
   79.19795343   78.17137714   77.73587802   77.65116614   77.56702084
   77.48283085   76.26057692   74.97907859   73.69704388   72.95873576
   73.66617928   74.37374626   75.0815498    76.63141363   78.74990224
   80.86910226   82.98961886   81.42628263   79.5424537    77.65827833
   75.78553442   73.94994332   72.11405434   70.27680767   70.04063314
   71.02894072   72.01713153   73.00624626   74.99802446   77.11410207
   79.23149762   80.84564005   80.60006634   80.35472821   80.10905495
   80.63239589   81.82025287   83.00842352   84.19676098   84.97002751
   85.67579908   86.38138774   86.88704077   86.49729398   86.1080555
   85.71864121   85.85367157   86.50117509   87.14898166   87.79646969
   87.66823085   87.38070931   87.09254124   86.83324258   86.73240597
   86.63131342   86.53061319   85.97930446   84.93202976   83.88480661
   82.8370291    82.89272531   83.22600267   83.55938131   83.8420292
   83.76606604   83.68943555   83.61335843   83.68580318   83.94225269
   84.19926462   84.45647715   81.99812524   78.72433796   75.44910052
   72.43485957   71.9969427    71.55869111   71.11996722   70.86293891
   70.86081387   70.8582899    70.85623295   71.48088925   72.32674118
   73.17348129   73.96369344   73.91078928   73.85788454   73.80445532
   72.94710658   70.80883027   68.6692332    66.52900933   65.45950174
   64.82895355   64.19829015   63.5754449    63.18603786   62.79681821
   62.40733594   63.16387118   65.99989528   68.83720982   71.67533073
   73.84338992   75.69385632   77.5457013    79.39797787   81.02702098
   82.65725002   84.28832618   85.72615286   86.76349942   87.80148917
   88.83949714   87.89154934   85.86623632   83.8396484    81.81261689
   80.47278173   79.15189034   77.83091639   76.72601346   76.13811138
   75.55050365   74.96261477   74.88195577   75.11566644   75.34897178
   75.58279224   77.04779721   78.58954035   80.13228862   81.10701615
   80.50131668   79.89552353   79.28966372   78.50972124   77.60808723
   76.70621565   75.80350126   78.55682173   81.66605124   84.77610546
   87.85964419   90.85152179   93.84570196   96.8493193    97.40817094
   96.03029116   94.6516187    93.27148507   89.25859601   84.88867766
   80.51550565   77.44301226   79.4384827    81.43487473   83.43259118
   85.52389557   87.69849215   89.87505257   92.05296601   92.98223853
   93.69403446   94.40627343   94.56486432   92.1017258    89.63698364
   87.16994822   85.48631977   84.59346914   83.70037081   82.80685038
   83.35178601   84.21170382   85.07239152   86.23660291   89.20542152
   92.17644143   95.14901728   97.34726465   98.66206227   99.97697506
  101.29345759  102.27693936  103.17171228  104.06785189  104.73236156
  103.59325921  102.45423759  101.3138665   100.48944755  100.07172105
   99.65319707   99.23462814   98.41191998   97.4566549    96.50096548
   95.6725462    96.23631248   96.80027972   97.3649091    98.1199859
   99.1542488   100.18903714  101.22354946   99.76941746   97.39482487
   95.01823474   92.71047489   91.6264381    90.54111046   89.45593457
   89.22549463   90.4108513    91.59705909   92.78346651   91.81950702
   89.93345944   88.04610983   86.23409124   87.6254081    89.01679893
   90.40955905   92.25622275   94.95790804   97.66171085   99.84052614
   99.95350497   98.57179504   97.28404812   96.19380651   97.02664793
   98.22300209   99.50556182  100.66898016  101.72397863  102.7116744
  103.06472492   99.68313647   93.62272634   88.25979403   83.32609577
   82.56531684   82.17689236   81.79748599   81.37600955   83.0228189
   84.48874202   86.28454147   89.03329851   92.38478261   96.26807951
   99.22361131  100.44364788  101.81438993  103.59298592  103.66386243
   98.38640977   93.45209826   88.33684931   84.34701973   81.87308811
   78.69239983   75.51092894   80.23009299   85.80483879   91.38167594
   95.80132816   96.25070604   96.70024484   96.50065432   94.96963761
   92.80968478   90.65891099   88.65212284   82.80742243   76.28669803
   69.78814137   65.52043059   68.7489334    72.18660784   75.15466081
   80.0353591    86.04212545   92.44995687   99.22683037   98.95500555
   98.20760922   96.65635829   94.68463961   90.562279     85.8312706
   81.65549103   77.56249032   74.1383457    70.78499501   66.9495844
   70.97154012   76.61331119   82.1932329    88.04194344   93.96718045
  100.12441476  105.94254698  107.41882717  103.76613463  100.11259717
   96.45680843   96.09910923   96.66186058   97.22405794   97.78438567
   98.32060368   98.85628294   99.3928725    98.55491841   95.88077281
   93.20387349   90.50958016   88.18341302   85.97896804   83.77513672
   82.02669342   85.91718437   89.80762085   93.69800162   97.25617839
  100.31283913  103.36867649  106.42446416  109.65683216  112.95739216
  116.25789631  119.49864862  121.4387091   123.37868216  125.31861486
  125.82415343  123.8641022   121.90479763  119.94500743  116.5554901
  112.52799639  108.500554    104.5236499   103.94286734  103.36199582
  102.78074888  101.26492489   97.91780842   94.57073898   91.22397346
   87.04409544   82.43667435   77.82932726   73.22205561   76.30038688
   79.50072488   82.70146698   87.04524645   93.96335314  100.88954419
  107.81675617  110.87138674  111.66057527  112.4489766   113.23748138
  115.41971688  117.6693109   119.91922282  121.29963469  120.41009956
  119.52041944  118.6305946   116.10513007  112.49152623  108.87812752
  105.26354588  106.01021583  107.11666492  108.22326174  108.62318803
  106.86957316  105.11541956  103.36069861  101.78186909  100.3355311
   98.88897368   97.44255176   94.81832568   92.05298037   89.28722989
   86.87052405   85.71318523   84.55584316   83.39866012   80.42774612
   75.9144302    71.40046905   66.88586413   65.85803833   65.38111744
   64.90361467   65.08398521   68.12694491   71.17032061   74.21411131
   78.73039557   84.65973541   90.58988616   96.52084589  100.51841319
  104.12979563  107.74166243  111.08258013  112.95653444  114.83073182
  116.70517165  118.07733941  118.90496761  119.73366962  120.56150133
  120.97246601  121.28124313  121.59004755  121.63133221  119.82613241
  118.02001126  116.21352153  115.07461411  114.75314695  114.43162966
  114.11066835  116.43798312  119.54377688  122.64991008  125.39727945
  124.76620308  124.13549798  123.50480395  122.88491015  122.28078156
  121.67657105  121.07227883  118.8961856   116.17636131  113.45549014
  111.0506432   113.10935542  115.16828225  117.22747112  117.56803986
  115.21122505  112.85413836  110.49678056  109.62853409  109.36070645
  109.0937338   108.7412604   106.11823859  103.49492087  100.8713081
   97.12273678   91.36756119   85.61103367   79.85384264   79.13720653
   80.76693928   82.39683598   84.05155129   89.96565256   95.88019506
  101.79535005  106.50638044  108.75931997  111.01298705  113.266804
  115.2344236   117.04965298  118.86505735  120.68063611  121.86386018
  123.03151647  124.19862371  124.5115402   122.81769914  121.12367063
  119.42919723  120.99866701  124.55210025  128.10585213  131.6599215
  134.2283961   136.74021982  139.2534161   140.86136955  140.00815756
  139.15485095  138.30144997  137.02020284  135.44506675  133.86863333
  132.29204112  130.46410357  128.61270671  126.7611279   125.51457446
  126.19750545  126.88032657  127.56319421  126.00493384  122.69744119
  119.38964093  116.08245325  108.1165323    99.54410332   90.9709098
   82.31310741   73.33556612   64.35763664   55.37857565   51.60974293
   52.43607938   53.26248112   54.08894788   62.84426669   72.94889771
   83.05414675   91.76231557   95.95854158  100.86576799  106.23527385
  109.30632738  111.95567355  113.90541338  115.56443208  119.05593836
  121.13399587  123.24764927  125.26805262  124.76911637  124.83353827
  125.67698098  124.65502718  126.42122343  126.8796999   127.7182777
  129.01028212  127.77728751  127.45644037  126.81334731  124.80148033
  124.42852466  123.90953271  120.36764015  114.36596544  108.15469798
  101.33657475   94.32543325   87.25827706   80.17757461   72.79744025
   64.72750882   56.67727771   48.59947549   45.74153991   50.27462204
   54.76846385   59.26775248   67.17679593   76.18989696   85.21280297
   94.15791156  101.03451276  107.90919215  114.87081957  121.52716566
  126.50597154  131.39166791  136.27765773  137.82563347  137.96871021
  138.11067048  138.30420671  140.36433986  142.42458432  144.4849394
  146.47273048  148.32220046  150.17176617  152.02142699  153.80330543
  155.55234883  157.3027501   159.05204943  158.07343101  157.08651736
  156.09952754  155.35383759  155.12040005  154.88824811  154.65474155
  156.66672275  159.92299016  163.17945813  166.43612556  163.88739072
  161.13757535  158.38734934  156.44662083  156.48850781  156.53037956
  156.57310559  158.57020817  161.80001617  165.03001467  168.26020256
  168.95237652  169.47297328  169.99373359  170.45643868  170.7558849
  171.05533039  171.35477505  172.10459104  173.17715496  174.24865943
  175.3202103   174.98422125  174.50244273  174.02068926  173.59083898
  173.32952995  173.06818513  172.8068046   173.33290748  174.49648911
  175.66163059  176.82532104  172.0053313   166.33722044  160.66875701
  156.35686844  157.50308058  158.64813061  159.79316086  163.16888424
  168.58123776  173.99388158  179.4079744   179.88834804  179.47032232
  179.05225237  178.1703617   175.00406091  171.83829683  168.67207872
  165.25571502  161.5822425   157.90845382  154.23435023  158.86200703
  165.36584544  171.86929058  177.30788706  176.1461312   174.98426241
  173.82250702  171.9256837   169.17104536  166.41617129  163.66106244
  163.10384155  163.14698299  163.19152502  162.87296733  164.08251588
  163.95160337  164.83480158  163.65079265  160.49104861  156.52586923
  152.79159128  154.02088211  155.61436019  157.78733068  159.97885468
  159.41981665  159.5342773   160.05973709  159.41200981  159.12933809
  158.65310708  157.36010347  155.14322529  151.82300594  148.81382662
  145.68633632  147.06866896  148.6394315   149.88757657  152.79586391
  156.29790218  159.79723405  163.2961055   163.21467568  161.56356343
  159.91246931  158.34110707  161.05691499  163.77119793  166.11853263
  165.97480069  163.41817564  161.54631009  159.99106922  158.3617749
  157.16868402  154.62037799  151.86702032  147.04487921  141.99391287
  136.9442979   131.33295085  124.47830222  117.62307384  110.76631179
  108.19527539  109.33457644  110.48362258  111.32747515  119.06756647
  127.11132646  135.15525488  141.48353099  143.42189645  145.36012131
  146.62331456  149.22926461  151.15783944  153.04019219  154.40798703
  157.76138403  159.80828441  162.51761623  165.16146746  163.84895052
  162.53628145  161.22267971  159.75801992  159.19926847  159.02936837
  159.30698102  160.80328136  162.15046763  163.4975408   164.39557465
  163.52791606  161.83516873  162.04424593  161.42823892  160.33712869
  159.24607268  158.15373326  157.29406458  156.46991173  155.6457959
  155.78712244  160.02986482  164.27210119  168.51479588  171.62805668
  173.67242464  175.71662067  177.75905561  174.50064402  170.20982304
  165.91929481  162.33023491  162.4134588   162.49621548  162.57930441
  163.40891299  165.03595592  166.66242508  168.28793137  167.83869227
  166.89218939  165.94576827  164.95047478  163.62607711  162.30328486
  160.98061791  160.73210466  161.77937291  162.82569614  163.87201582
  166.06704893  168.59238724  171.11741623  173.52351196  174.8617775
  176.2013508   177.54074666  177.64428351  176.0644271   174.48339036
  172.90362794  171.93403556  171.17153974  170.40910906  169.39326214
  165.00576756  160.619759    156.23424317  153.98008216  155.01672321
  156.05180752  157.08815052  158.21631796  159.38075822  160.54503757
  161.70566631  162.80491476  163.9045218   165.00397381  166.1531532
  167.38956603  168.62473003  169.86101261  169.72021514  168.94919291
  168.17824149  167.42723071  168.51306969  169.5989023   170.68465193
  171.82819946  173.08715488  174.34584658  175.6053112   173.60866876
  169.90264498  166.1968063   162.48967084  161.06203246  159.68339363
  158.30481157  157.6259957   158.56410939  159.50293827  160.4416895
  162.29162421  164.68624057  167.07916102  169.47342227  171.3982095
  173.29767218  175.19699509  176.70100551  177.1529811   177.60530889
  178.0575835   176.92315392  174.71089301  172.49796314  170.2863516
  171.22883706  172.44998051  173.67102154  175.36444046  178.54392512
  181.72317885  184.90220031  183.67847703  179.06833712  174.45868177
  169.85004867  162.4041735   154.60277827  146.80181504  142.40447961
  150.67968849  158.95431514  167.22835605  172.08062912  173.95782331
  175.83015834  177.70169008  175.78162302  173.23567552  170.68951833
  168.65605208  168.93636941  169.2166218   169.49680913  170.98114306
  173.64517484  176.31037732  178.9751629   180.91331266  182.70027639
  184.48583502  185.54445069  182.53419133  179.52435313  176.51493725
  174.20394904  172.66436089  171.12635695  169.58855908  170.30266514
  171.58630275  172.86818995  174.06602164  174.64614738  175.22615993
  175.80605903  174.92459146  172.2184522   169.51360031  166.80913789
  168.18876944  170.80304692  173.41527385  176.14267861  180.01276929
  183.88217373  187.75089039  188.60328891  185.1952429   181.78819689
  178.38171011  173.09358352  167.1361799   161.1790516   155.6748689
  157.13737274  158.59959966  160.06154907  162.91735313  168.01265885
  173.10704961  178.20052342  179.24193699  178.60580922  177.97103338
  177.3269033   176.38282468  175.43888687  174.49344302  173.30187867
  171.65761568  170.01361969  168.36989135  165.12367923  161.11526255
  157.10824168  153.1057842   155.54717385  157.98802674  160.42704655
  162.19875579  162.57495507  162.95106216  163.32707688  160.25588685
  155.30718695  150.35959279  145.41287821  142.6265568   139.90696002
  137.18922107  135.85376598  137.84150504  139.82892848  141.81603547
  141.31507645  139.27099632  137.22720143  135.1836926   137.28705684
  135.48705561  123.44373156  112.84823587  102.81202615   98.4355918
  107.73875722  116.69447805  128.37436895  136.06747717  145.16521781
  150.8770182   159.96510024  170.27904228  174.95801387  173.73399033
  162.49556871  152.46374277  145.72844494  133.39023647  132.82131669
  123.31481183  130.67842191  141.67056306  141.9532205   152.75345032
  154.8548858   150.45864402  157.04888374  158.81002799  153.01980307
  156.84946849  158.54825365  148.45674598  142.24522281  136.4443508
  128.11524368  120.90107626  116.64941556  110.07757897  110.55892507
  119.27972565  127.44006777  135.17388911  141.85969038  147.47201747
  153.61979582  159.17077381  162.33690133  165.84661109  166.40155715
  165.41624149  161.45386675  158.91513361  156.30217394  160.36115217
  164.28062476  169.3320971   171.89949783  169.97820571  171.8178142
  173.974217    177.49726188  179.71332448  180.36924936  182.08080418
  182.9858287   186.82305173  190.81051903  192.78938264  188.34250798
  185.20422094  181.99852531  179.38182272  178.32610052  178.06237001
  177.71117538  177.42183741  176.6985634   174.36336615  173.01320641
  173.03311437  173.05349933  173.07444677  174.3099502   177.56609189
  180.8207985   184.06915814  179.80953397  170.9036264   163.67667005
  157.13936794  154.51369965  151.97702274  149.46651459  148.50509311
  153.17969292  159.01781804  164.76868675  167.37169107  168.49935227
  169.24715541  169.71872871  169.33699804  169.70669986  169.70135884
  171.34448212  174.37464361  175.15406229  177.64899838  176.86149189
  176.11710097  173.72289073  171.6079283   170.637562    169.58019131
  167.03572683  165.60175496  163.99939112  162.86203913  163.38637966
  164.72597472  167.61137442  170.65469067  172.57770897  174.35748832
  177.904421    180.98419033  183.43700511  181.52412305  176.90631497
  172.29091268  172.16647184  173.94513563  175.9909628   178.42644744
  179.87833898  181.64775258  184.18751403  185.17116335  184.10553968
  183.04031844  181.97567347  179.83565257  180.17439105  180.49029142
  181.32790026  181.63041274  181.5057428   180.92242911  179.85013627
  178.60920792  177.05060729  175.62000398  174.94292537  175.2832991
  175.99028508  176.62935637  180.93590783  185.26886719  189.35222108
  191.97074932  186.22660713  181.97924969  176.10461366  175.07907941
  178.14911266  181.86490929  185.79712237  187.7048393   189.33056429
  190.95551914  192.23635384  191.28996173  190.3437427   189.39789247
  187.06458741  183.08246424  179.10190357  175.12306921  173.46662057
  172.46368511  171.46103641  170.54661907  170.36181695  169.44943531
  169.9921891   170.78809919  172.90004628  175.01100009  177.12100141
  178.33603754  179.25298418  180.16934322  180.94540052  179.95555468
  178.966251    177.97712174  178.7541509   182.21642167  185.67738672
  189.13669409  191.81457446  194.1879099   196.56031164  197.93470295
  197.66615383  196.55159632  195.43746883  192.77688871  187.44274795
  182.11090658  176.78118337  178.84735531  184.23991295  189.63032486
  194.801362    193.76045343  193.47418172  193.04356086  191.26135167
  188.91459494  186.22347232  183.80788315  183.89560839  184.88148783
  184.95009601  186.04900554  185.48913926  184.89439138  184.07898255
  183.71027488  183.59987182  181.97413605  182.61224189  181.11260989
  182.46920163  178.70692874  178.3253723   180.70407196  177.38322259
  184.79758979  188.18236077  187.20232636  189.21966586  184.84760556
  177.41184642  168.82393191  166.7444051   170.15590904  177.08685785
  178.17537893  176.42955638  167.44181255  165.61499717  171.78733488
  169.68446197  175.8956473   168.40576081  168.53584484  170.80411779
  167.14138915  171.59169548  171.16809244  173.60401474  173.50690131
  175.3808041   174.94933754  173.02821255  172.98454762  169.92299624
  166.68155788  166.70439687  168.38196423  171.37590734  173.1396031
  170.03510054  170.14256641  168.34253897  169.13058418  177.5812134
  181.51482866  184.39132442  179.15853783  171.67692643  163.60461063
  165.76030837  172.35020329  177.25004036  174.17060175  172.77718316
  165.66561715  163.78303571  167.64474118  164.91576197  169.34575646
  168.32712073  168.92923452  163.12788924  159.72462605  162.03486581
  164.52252378  169.67113912  173.62782556  171.96076633  174.15798471
  178.64055727  178.51331561  176.84003053  178.12868771  179.99501718
  181.5366053   187.3991263   183.10348764  174.618699    171.88049343
  168.7107438   165.36817614  169.96692688  173.91391723  177.2159758
  183.4684964   184.67390513  185.55612363  186.03257893  183.46403977
  182.58630965  175.33291979  174.69895446  176.05763678  175.72481641
  176.46546348  176.94717941  176.30727642  174.87306157  174.41065577
  171.45670793  164.91608045  164.19519163  165.82890921  169.62895688
  174.22238385  175.21062696  176.19613035  176.51448383  178.7499487
  180.58670242  179.01521967  176.53541659  173.25691063  173.56638232
  174.94270665  177.52381215  179.52706428  180.30374142  179.29110737
  179.0861869   180.41868439  179.69083386  181.62326757  180.17070401
  178.28722668  178.88492455  179.26496519  182.60450741  186.4706624
  188.25419099  189.86637629  190.06229052  190.68706727  192.87168262
  192.29887694  190.73517336  189.46025905  188.13338635  188.50455756
  189.71547888  190.55450202  189.82262863  190.03668292  189.43470427
  188.64025097  189.134185    189.49958388  190.0509523   190.87175041
  191.06486483  189.97550745  189.59762575  189.65939535  188.97434196
  189.473525    189.58236647  189.88569288  190.41046528  190.46291224
  190.87484269  189.82957923  188.63549784  186.89938649  186.04229125
  185.46995691  185.1651624   184.94175775  182.97859523  182.00565011
  181.61108308  181.68997893  182.57150697  182.91887772  183.48273673
  183.57067735  181.34193408  179.52070145  176.64695602  175.23317146
  175.46770187  175.70201008  175.93612575  178.21990917  181.0380994
  183.85463368  186.20968477  185.05732845  183.90534965  182.75396094
  182.88272774  184.64514143  186.40631067  188.16641173  189.53891256
  190.79017732  192.04051993  192.90276103  189.6499484   186.3989076
  183.14956803  179.55901116  175.47561064  171.39439136  167.3154105
  167.62247047  169.5299405   171.43607669  173.38212526  176.02278654
  178.66206278  181.29954406  183.24258983  184.04945355  184.85597511
  185.66176026  184.72053907  183.0394799   181.35943959  179.70517359
  179.00890991  178.31308213  177.61761763  177.65561238  179.06282704
  180.46929158  181.87480798  181.89579159  181.24142734  180.58755976
  179.93386312  179.5260625   179.11962279  178.7135655   178.63725315
  179.26655924  179.89542879  180.52391408  180.71483411  180.66133078
  180.60782482  180.55443238  178.26959284  175.90495014  173.54171993
  171.72049454  171.23520139  170.75013455  170.26540418  170.56184683
  171.35339913  172.14441438  172.93489211  172.42591593  171.83139256
  171.24964971  171.2229178   172.7889923   174.35448921  175.91933779
  176.45360765  176.24685728  176.03999323  175.83326519  178.08318322
  180.59081181  183.09744889  185.19041961  185.8863077   186.5816835
  187.27685494  187.56760945  187.52941089  187.49129509  187.45312867
  185.2661891   182.77166332  180.27825512  177.81145002  175.4499474
  173.08951662  170.72994988  170.56372978  172.41306993  174.26174162
  176.10954908  176.76406208  177.19843171  177.63247466  178.13423828
  178.97328176  179.81205245  180.65041142  181.12427637  181.20884456
  181.293418    181.3779968   181.76579308  182.22303431  182.67994404
  183.17693012  183.92506324  184.6730033   185.42082803  185.93698862
  186.18241536  186.42781017  186.67312834  185.47796081  183.88631932
  182.29513277  180.85342249  180.65421668  180.45479959  180.25553046
  180.67931817  181.91335673  183.14193384  184.36981995  182.66821325
  180.01042566  177.35389911  174.81847256  173.65304445  165.21157408
  141.08920294  112.46603378   88.86851469   73.2068966    63.58629595
   62.51407839   50.87379022   45.611479     47.10155806   45.744379
   46.66846765   48.69284251   50.32737099   58.99946977   62.49674501
   80.28055976   82.98579783  101.19697477  130.98532869  144.85284904
  154.08391812  150.08944838  123.37930039  100.47934139  105.55154642
   86.03358177   84.32316842   97.61474129   81.31318723   85.39992337
   98.49046218   85.24225188   89.03017826  105.43149202  102.85805193
  103.11907757  112.60559084  119.22943316  107.7860826   112.70069284
  122.85495479  121.89199989  122.90056791  127.45088576  130.59730033
  132.75047071  137.13302573  140.6965745   142.75236111  144.6883455
  149.55790789  149.39113413  148.83133094  155.02989285  160.48141793
  157.52732077  158.28155953  159.47409475  169.49441044  171.98934904
  168.62601643  169.68905758  173.03738764  179.63591305  178.2884529
  178.31656955  179.53717897  184.43745396  183.6163587   177.7813899
  175.10385157  173.82365919  178.31699709  177.67270162  176.54016583
  176.72917734  178.06938292  181.27778796  179.80620894  176.57661531
  175.61428451  174.73269741  176.49847757  178.94763916  177.67736972
  178.11344321  177.94072756  177.96011941  179.20326245  178.58283601
  177.12548839  175.66858744  174.21248975  173.66650676  174.09778882
  174.52893447  174.95970181  175.28242539  175.57862206  175.87477025
  175.9315923   174.3677381   172.80497511  171.24354678  170.12392732
  169.53980912  168.95604382  168.37249193  165.00303376  160.8267768
  156.65235526  152.51240384  148.67191469  144.83332915  140.99657979
  135.98320361  129.35552352  122.73089801  116.10952643  119.66332384
  126.70099525  133.73525358  140.61150805  145.36590669  150.11792186
  154.86767802  157.33835204  156.26612032  155.19447045  154.12328269
  154.61864095  155.73824089  156.85737622  158.03091213  160.5949479
  163.15746899  165.71879366  168.07840979  170.0826215   172.08593504
  174.08814205  174.01689947  172.99068066  171.96502349  170.93430716
  169.19686068  167.45999704  165.72400365  164.46086879  164.15138771
  163.84209014  163.53297592  163.25438781  162.99224765  162.73002312
  162.46800928  168.00260149  173.66729515  179.32894199  183.45742567
  184.02835646  184.59869315  185.16881763  184.26213265  182.46661431
  180.67215921  178.87850859  178.3630952   177.91875783  177.47476287
  177.49581108  178.77015355  180.04388884  181.31675965  179.90293155
  176.65251032  173.40599918  170.16112993  170.69358157  171.56762128
  172.4410019   173.55721414  175.44023423  177.3223041   179.20334412
  176.80071374  171.08787982  165.37786957  159.67095387  158.21008858
  157.28992076  156.37026006  156.195724    158.81601227  161.43482512
  164.05230069  167.11944013  170.57924123  174.03724225  177.49330801
  178.90095975  179.96584569  181.03025658  181.34642709  178.25939781
  175.17415013  172.09044931  170.01912287  168.94600492  167.87356422
  166.80158855  166.00242541  165.26051993  164.5190674   164.53089585
  168.81492829  173.09668976  176.50600497  179.62146149  179.60270525
  178.90811146  179.51328891  179.91108817  180.35005315  180.78874515
  181.17251585  180.6557388   180.14538747  179.95885581  178.98851326
  177.05584226  174.7738215   172.13088741  169.24351966  165.68217768
  162.26766494  159.181512    162.24444547  166.44328121  171.14742277
  175.46502592  176.1780924   174.26724262  173.83179135  171.72830689
  169.83555633  169.5870233   167.38648609  167.73981684  167.06593282
  167.35968365  167.53008786  169.75929088  171.49169427  172.89088411
  176.11698919  175.72932775  174.85928568  174.89834786  172.48617927
  170.12400077  169.71031406  167.10176915  163.59173329  160.08335973
  156.57696017  154.91684742  154.14322923  153.37008827  152.59729873
  156.8742967   161.15490878  165.43327355  168.21574112  167.85352599
  167.49161627  167.12978288  167.14656383  167.37118404  167.137653
  166.52908204  166.5351423   166.02616738  165.59569697  164.85337979
  163.01180796  161.78608007  160.36990134  159.36598575  158.20555636
  156.52351513  155.968705    155.17373852  153.56950948  152.54244842
  152.09348379  154.39982592  156.70484952  159.00863124  158.86290022
  157.11980737  155.95601725  154.83167382  153.64197268  152.2933085
  150.33288187  148.94004398  149.42765072  149.91472629  150.40161258
  150.37081304  150.93337588  150.72320402  151.46654104  153.08599231
  154.89246432  157.42562523  157.19881614  156.78226525  157.50612873
  158.13293618  159.31414108  159.88874283  160.22145119  161.01871197
  163.06965091  166.54116392  169.11596942  170.41583166  166.93964628
  163.87982648  161.21696221  159.05789926  156.54249064  153.87856671
  151.36816981  149.28169277  147.58857127  145.63393451  144.50955713
  150.62853643  156.93626188  164.16304088  167.95280118  167.85138407
  165.86489088  164.67933768  162.06294515  159.49743821  157.72568528
  156.14091837  158.10962695  160.07727541  162.043549    163.97027615
  165.8457163   167.72007326  169.59319412  170.83646967  171.87786146
  172.30920038  173.77693472  173.19806301  172.5725217   171.9473306
  170.15650359  166.64580099  163.1372434   159.63091083  159.17586116
  159.86530267  160.55432621  161.20976324  161.23982987  161.26979651
  161.29981326  161.25323461  160.21360095  159.68897007  159.62103805
  158.95843092  158.36469132  158.19275923  156.70690097  153.41538207
  150.58400234  147.65559433  146.17301444  148.47255616  150.86312571
  153.26896452  155.24158046  157.45556464  158.97742406  160.80887179
  160.73815057  161.00900304  161.53277827  161.78296078  162.83894568
  162.65849305  164.27869659  164.22578823  163.54745913  162.99521211
  159.90329493  155.61657858  152.17668359  147.77712721  147.00302786
  150.18103077  153.79380249  153.69256074  154.69530633  154.08183286
  148.22938066  147.59663726  146.05775934  145.33743442  149.42391815
  147.65850699  144.34532997  143.70010412  143.06823273  146.50806931
  149.33951275  147.30434624  146.12773426  148.28344847  150.28248436
  151.60290977  150.45377349  149.99704536  148.41822023  149.6692896
  153.99295519  141.22652564  136.05369657  127.47384887  122.4842348
  131.49231149  136.18917987  132.56843842  132.76748981  133.302023
  134.4623091   144.35484035  149.62719374  140.73709284  133.26512576
  130.6324984   131.52942586  137.18616103  145.37648894  147.40588667
  141.96593092  145.62751401  138.43783998  135.09877175  138.69194428
  134.03754712  138.84364551  140.72659423  140.25742351  139.54586354
  137.64982247  133.5454971   132.02913292  140.78794767  143.58913156
  147.71050656  150.22650382  149.57116964  147.58274192  146.43426805
  143.30640917  144.45650041  146.87231751  149.07833363  151.41009393
  150.19204304  152.15024009  151.41578268  152.53806803  149.66968648
  147.15779481  141.31600068  123.67121216  115.12163898  105.91151521
  101.55353191  109.86095273  107.39860238  108.37104395  112.720226
  115.26355307  120.23099048  121.66221963  123.57379138  118.95340278
  119.50691862  122.65881018  129.71177009  140.88465608  149.09174534
  150.90544877  149.40109457  147.68908375  147.08208996  134.81544163
  127.83077367  121.5400101   115.51595648  122.2429813   125.18464205
  127.736806    134.20526851  138.20020606  144.14431496  149.77798919
  147.59856535  141.12809977  136.35660533  129.62958713  127.60453757
  127.82424976  129.96603148  132.05653291  133.8392439   132.71775739
  134.77403286  140.55332437  144.12824135  145.99909254  140.41676811
  136.46546391  134.48108481  139.09041253  133.27279603  131.09043481
  128.28932184  125.73329419  131.79891105  132.24908006  133.74348812
  135.1766532   134.75121026  137.29912876  140.58325302  141.97172919
  146.39589956  147.7142316   142.08539722  142.76334274  143.98392885
  143.57079991  145.5740029   144.25389446  144.96510121  140.17042818
  139.86024162  137.92967467  135.33689922  137.39118874  137.27159423
  134.78537465  131.14068839  130.46725395  133.44731834  137.43113362
  142.57688324  144.2871384   142.14055332  138.32298442  137.62263845
  138.12706974  142.50528989  147.41339562  149.50155093  151.44508134
  151.20220765  151.38704675  151.87046722  151.49139659  151.67057529
  151.42079405  149.67841799  147.80667606  148.40217952  147.81699404
  145.81163744  144.08383632  142.1116102   141.22192714  141.84821474
  142.31719927  142.48143069  142.77220547  144.74964025  144.65625482
  144.57134532  145.82194797  147.45045907  150.57216527  151.97911632
  151.47767635  150.77818243  148.01626911  142.78946173  137.23934918
  131.86851183  127.25838449  127.14035243  127.03018725  127.12411306
  125.80430504  125.14229476  124.15439954  123.32089858  126.06024341
  129.49753945  133.44467304  137.40522972  137.5990891   138.39288754
  139.34313403  140.35669999  142.94849459  146.0068267   148.86618047
  149.54905553  146.9708744   144.67975278  142.22840884  142.7665757
  143.9938629   145.11124084  147.34764442  150.46834797  153.36655704
  156.26264955  157.46077697  157.74032101  157.42785585  157.26661232
  156.40863427  155.28086546  154.0941752   152.18618597  148.68524397
  145.48138564  142.61524107  141.67082376  142.45514388  142.53867286
  142.62220787  144.61158879  146.7171738   148.82134185  150.7864804
  152.37055432  153.95321623  155.53487151  156.11070336  155.98341686
  155.73779902  154.93121973  155.12293537  155.30308492  155.83435028
  156.2358905   154.854488    153.47421527  152.09471053  151.05473726
  150.28292687  149.51172806  148.74097703  149.14364853  149.70300642
  150.26173347  149.59791804  147.69485684  145.87352889  144.17719299
  142.40202169  139.26618347  136.13233562  133.00076165  132.55103446
  132.56914705  132.58724951  133.28745713  136.79506444  140.29736818
  143.81026573  145.80978747  146.74281852  148.09289594  149.45680966
  149.07656252  147.64696861  145.94311934  144.36801622  143.55303066
  142.58988184  140.85433589  140.96262461  142.40545827  144.05015383
  146.55909421  146.35372854  144.72836006  144.26939861  143.44261972
  144.27733978  145.11165422  145.94556259  147.30071808  149.32415313
  151.34665456  153.36822133  154.56266672  155.49696928  156.43101489
  157.22828878  156.55022633  155.21074492  153.64502649  152.35373795
  150.21035871  148.62053524  147.45169188  146.83949741  146.2545023
  145.2816643   144.29697518  143.09789186  141.89930874  140.43530111
  138.75539788  137.62571158  137.27960422  136.15491813  138.42542431
  142.14651354  145.86587761  149.49599474  149.57192345  149.64777656
  149.72355401  149.48772088  148.66532005  147.84351345  147.02204138
  146.62509154  146.43666927  146.24829276  146.05996209  146.67245094
  147.28977878  147.90685771  147.80875804  146.17067366  144.53330404
  142.89665001  141.87025184  141.18726422  140.50455334  139.82211951
  139.05939166  138.2936961   137.52853724  137.03130603  137.19856289
  137.36570312  137.5327266   138.30685376  139.46874967  140.63006232
  141.79079109  138.91995818  135.76401421  132.60952677  130.45772637
  131.20903674  131.95995568  132.71048279  133.61284013  134.62481865
  135.63620652  136.64723142  138.59403401  140.64048778  142.68592927
  144.45503568  145.28358593  146.1116997   146.93937653  146.96979613
  146.34686797  145.72436509  145.10211797  144.51923002  143.94226447
  143.36553408  142.99769686  143.48617125  143.97436869  144.46219861
  144.19499007  143.23026378  142.26596184  141.30208473  140.43499835
  139.58631568  138.73800377  137.91435234  137.21303695  136.51180208
  135.25936952  135.53296712  137.54150989  140.01404559  142.92107676
  145.37328925  148.01204348  149.81597612  151.21804774  150.07750435
  148.93747714  147.7979667   145.64945513  142.31231141  138.97677256
  135.64284033  136.92332214  139.48418295  142.04347572  144.28480182
  143.83781535  143.39100772  142.71852702  140.79816436  138.60275054
  136.68304149  135.07541154  136.78362769  139.78552923  142.78613327
  145.44334389  143.91846264  142.39430351  140.87086728  139.95328679
  139.94952259  139.94571749  139.94167983  140.59183132  141.48167451
  142.37086138  143.19808005  142.72162831  142.24545082  141.76954775
  141.0486043   139.90791944  138.76777423  137.62848925  135.96937146
  134.0790534   132.18998449  130.35695765  132.11631953  133.87442371
  135.63126953  136.78911426  136.77933874  136.76965891  136.75993619
  137.74234272  139.23153739  140.7196514   142.20668419  141.18448077
  140.12504146  139.0661062   138.51299821  139.09430762  139.67516204
  140.25556121  140.31648623  140.07470427  139.83303934  139.5914915
  139.57547191  139.56997919  139.56465914  139.50921371  139.32380586
  139.13847629  138.95322505  138.35806965  137.49114784  136.62478391
  135.75894014  135.35733414  134.99399967  134.63087075  134.51745163
  135.16260713  135.80725652  136.45139954  136.04034611  134.83762154
  133.63544701  132.43432661  133.03154231  133.84149458  134.65082123
  135.6405016   137.28012964  138.91853906  140.5557292   141.34584387
  141.4181602   141.4906373   141.56300877  140.91323789  140.15029435
  139.3878432   138.34722772  135.36850567  133.01820441  130.83785132
  131.35670437  133.00056953  134.64320135  136.28459918  136.53610712
  136.51135034  136.48655866  136.44541487  136.31652301  136.18769739
  136.05902867  136.17863368  136.76787038  137.86278088  139.32487776
  139.70280459  139.32906138  138.95553534  138.58054166  138.19522633
  137.81025656  137.42551329  137.73867339  138.90406127  140.06854315
  141.23211856  141.38963165  141.25282768  141.11593256  140.90849836
  140.03829797  139.16868087  138.29964736  137.80262136  137.81848192
  137.83427588  137.85000321  136.85185633  136.3783207   136.16462119
  136.2576293   136.37257014  135.74262673  135.11309522  134.36328657
  133.50598703  133.15972415  133.62048807  133.58561263  133.6683637
  133.75099906  133.82690314  133.72890926  132.52320051  132.33765734
  132.35571337  132.97085448  134.96681098  135.60029501  136.02422705
  136.3508726   136.67721727  136.99977004  136.74466446  136.48969443
  136.23486003  135.74728781  134.26674041  133.8281066   132.28450045
  129.99311061  127.71869533  125.69018595  123.33167659  124.25619733
  125.26413058  126.27101152  127.03394206  127.66634904  128.75421034
  129.52640397  130.39411866  130.69200915  131.10719379  131.78389932
  130.18861877  128.88386258  128.40065546  127.18581446  127.10746757
  127.02912693  125.76710337  124.69496789  126.73789411  129.40982124
  131.74437007  133.64372078  134.22614687  134.81306499  137.68496843
  136.03613979  135.1667745   134.2553876   132.36727176  130.41128338
  126.27802057  122.98625208  121.68177132  122.30322776  121.5754581
  121.41035391  118.46312075  116.5847362   121.47665014  120.3005724
  125.00652128  125.96230074  118.45902657  114.60005391  110.14134346
  105.05403614  111.34001917  118.00621709  123.23357815  122.3027251
  119.24423209  115.45443645  111.82656509  118.49593894  122.26789584
  124.18885456  119.26191925  115.77130834  115.56011296  116.56944455
  121.82543418  113.66458955  102.06520741   95.72466983   87.3165517
   85.80498966   96.59648275  102.24025696  113.59693483  126.97723517
  128.1699375   117.85146507  111.90018707  110.17816873  101.02493166
  110.22418909  112.18653781  106.57731018  114.50771086  114.15795421
  110.18093351  112.08345233  113.05357098  109.68050911  104.51814848
  102.00324239  101.48204267  103.9147975   115.53583164  111.85799558
  111.29928574  101.39534117  104.85620018  110.74812746  111.4540789
  117.50273284  116.71169051  117.61224791  118.89527618  124.24540084
  126.78466647  127.84161139  127.17962538  125.94206667  121.7550937
  121.54107052  123.15976278  123.5886963   127.27325555  126.31615318
  124.47581014  123.71720244  117.25483151  116.61465349  116.8743147
  117.22100759  122.08969239  118.8490845   116.14796336  113.34059663
  108.84989772  110.43894736  113.67981888  116.88254642  113.80425924
  112.75747046  108.20491087  102.25289327  106.02295143  106.84044301
  113.84277743  118.27201825  115.65632147  105.31088743   99.98246667
   99.86761212  106.1399777   112.81057918  103.5880865   103.44735707
  101.51109163  102.21480444  110.99810656  106.58164764  103.51583048
  102.54409987  103.6505274   105.36635397   98.04622551   96.24331172
   98.90646277  103.08101697  108.9596293   107.46636965  100.46695926
  100.6082671   107.06433956  114.44874803  121.82050897  122.81906209
  122.03132995  119.0336125   111.24836739  103.64858017  104.80725657
  108.36862837  116.56949615  120.12475184  119.94313413  117.61928669
  113.78523408  106.28669557   98.81948811   98.38719762   99.58435478
  101.84484906   97.10823553   94.29308723   98.54054772  103.69238848
  115.75407396  118.30002725  115.68015554  116.14440581  115.96633902
  117.05611626  117.12893973  115.25827816  108.56060275   98.64839695
   96.17536986   87.03327359   92.08861826  100.9590837   102.45609288
  111.26265417  112.39289244  110.18420684  111.89033914  113.28537994
  109.80299483  108.41937958  108.98008742  107.75931336  108.39897474
  100.0926168    94.33586032   91.4395201    92.86934066  102.50853271
  105.40322903  109.13230411  108.95610377  104.98498031  105.12931716
  106.7523197   109.79564285  116.87807058  118.75177585  116.67157797
  114.79006109  109.59835168  104.37039087  106.42908296  106.71374178
  111.74333762  116.2219121   116.65265711  117.58521209  116.37135884
  114.26599416  110.16763736  107.86190768  107.63949794  108.25328374
  106.92620297  104.45486279  101.16485953   95.79156464   97.97553594
  101.02962848  103.42539653  108.65509773  110.61057882  108.77642676
  108.88029756  109.89147771  108.71005053  110.37067849  110.18299289
  109.71381371  110.71612224  109.49616608  108.908636    107.35447847
  104.49967569  106.6663457   108.29001265]
