[  3.76885185   3.79080845   3.81283024   3.81187224   3.80638243
   3.80085018   3.79528261   3.78967664   3.78403497   3.77835109
   3.77263046   3.76687299   3.76107769   3.75524177   3.749367
   3.74345691   3.73750692   3.73151786   3.72548811   3.71942407
   3.71331831   3.70717499   3.70098984   3.69477008   3.68850748
   3.68220813   3.67586714   3.6673238    3.65421863   3.64105302
   3.62782274   3.61453176   3.60117291   3.58775229   3.57426829
   3.56057746   3.54680217   3.53296459   3.51906626   3.50510458
   3.49107865   3.47698837   3.46283855   3.44862336   3.43434515
   3.42000122   3.40559766   3.3911274    3.37659509   3.3619963
   3.34733721   3.33261029   3.33424174   3.33963736   3.34504047
   3.35044429   3.35585484   3.36126959   3.36669088   3.37211326
   3.3775414    3.38297531   3.3884142    3.39385574   3.3993015
   3.40475458   3.41021109   3.41567181   3.42113538   3.42660746
   3.4320816    3.43756153   3.44304351   3.44853403   3.45402582
   3.45952437   3.45848837   3.44155154   3.42401494   3.40642818
   3.38878403   3.3710861    3.35333433   3.33552864   3.31767214
   3.29975894   3.28179104   3.26376894   3.24569275   3.22756548
   3.20938032   3.19114068   3.17284647   3.15449958   3.1360976
   3.11763926   3.09912607   3.08055797   3.0619383    3.04326012
   3.0245268    3.04919488   3.08546526   3.12182422   3.15826965
   3.19473308   3.23127313   3.26789858   3.30461321   3.3414098
   3.3782921    3.41526021   3.45231519   3.48945814   3.52668433
   3.56399673   3.60139545   3.63888059   3.67645632   3.71411465
   3.7518597    3.78969159   3.82761146   3.86562052   3.90371355
   3.93533116   3.95001953   3.96468241   3.97932911   3.99400254
   4.00870382   4.02343298   4.03819448   4.0529795    4.06779248
   4.08263347   4.09750248   4.11240293   4.12732923   4.14228252
   4.15726396   4.17227791   4.18731598   4.20238205   4.2174764
   4.23259904   4.2477521    4.26293398   4.27814172   4.29337787
   4.2961129    4.2950402    4.29396098   4.29286588   4.29175957
   4.29064271   4.28951785   4.28837777   4.2872264    4.28606373
   4.28488973   4.2837088    4.28251235   4.28130429   4.28008485
   4.2788547    4.27761636   4.27636266   4.27509751   4.27382089
   4.27253578   4.27123778   4.26992666   4.268604     4.26333133
   4.24656468   4.22974482   4.21287626   4.19595896   4.17899285
   4.16198076   4.14491838   4.12780546   4.11064349   4.09343241
   4.07617651   4.05886701   4.04150823   4.02410009   4.00664404
   3.98913978   3.97158322   3.95397708   3.93632128   3.91861578
   3.90086465   3.88305953   3.86520452   3.84729977   3.88546193
   3.94303513   4.00073772   4.05856987   4.11653171   4.17462714
   4.23281287   4.29084223   4.34899331   4.40726648   4.46566585
   4.52418291   4.5828222    4.64158384   4.70047067   4.75947967
   4.81860918   4.87786154   4.93723688   4.99673559   5.05636231
   5.11610741   5.175976     5.23596821   5.30803551   5.419471
   5.53115245   5.64308263   5.75526181   5.86769638   5.9803745
   6.09330244   6.20648048   6.31991053   6.43359464   6.54752474
   6.66170603   6.7761388    6.89082332   7.00576713   7.12095609
   7.23639762   7.352092     7.46804145   7.58424827   7.70070298
   7.81741165   7.93437455   8.05159819   8.06528684   8.03876858
   8.01217513   7.98550642   7.95876439   7.93195097   7.90505588
   7.87808516   7.85104236   7.82392452   7.79672637   7.76945223
   7.74210203   7.71467567   7.68718093   7.65960196   7.63194657
   7.60421467   7.57640964   7.54852867   7.52056667   7.4925278
   7.46441197   7.4362263    7.41608581   7.42657409   7.43706659
   7.44756994   7.45808754   7.46861676   7.47915267   7.48969945
   7.5002571    7.51083287   7.52141268   7.53200301   7.54260424
   7.55321753   7.56384709   7.57448109   7.58512602   7.59578189
   7.6064537    7.61713417   7.62782292   7.63852263   7.64923332
   7.65995616   7.67069539   7.66529041   7.6528609    7.64039308
   7.62763723   7.61458749   7.60149856   7.58837039   7.57520295
   7.56200375   7.5487576    7.53548334   7.52214627   7.50876227
   7.49538746   7.48195054   7.46844789   7.45494655   7.44139798
   7.4277763    7.41411491   7.40046901   7.38674632   7.3729654
   7.35914459   7.34419808   7.32410046   7.30394624   7.2838004
   7.2635507    7.24323704   7.22287021   7.20252141   7.1820478
   7.16152086   7.1409405    7.12037701   7.09968944   7.0789483
   7.05822313   7.03737444   7.01647201   6.99551922   6.97457433
   6.9535101    6.9323919    6.91128759   6.89006105   6.86878038
   6.84745559   6.80575269   6.75406921   6.70226882   6.65037422
   6.59838147   6.54622915   6.49397533   6.44163523   6.38912991
   6.33650686   6.28379357   6.23096789   6.17799042   6.12489476
   6.07171921   6.01840694   5.96491796   5.91134113   5.85763993
   5.80379468   5.74983113   5.69579061   5.64160337   5.58728365
   5.55149758   5.61098966   5.67057618   5.73027608   5.79013707
   5.850073     5.91011423   5.97026928   6.03059644   6.09097998
   6.15147764   6.21214642   6.27287621   6.33371747   6.39467328
   6.45580586   6.51699168   6.57829237   6.63971125   6.70130317
   6.76294972   6.82471159   6.88665488   6.94864826   7.01075727
   6.96768397   6.86823157   6.76851194   6.66858475   6.56850299
   6.46814952   6.3675847    6.26682325   6.16587893   6.06467781
   5.9632645    5.86166393   5.75985534   5.65780327   5.55555669
   5.45311174   5.35041905   5.24751275   5.14441946   5.04110627
   4.93755687   4.83379303   4.72984813   4.62566498   4.54227747
   4.58758038   4.63295504   4.67839895   4.72392736   4.76957861
   4.81528343   4.86106624   4.90693387   4.95293305   4.99897096
   5.04509393   5.09134753   5.13764365   5.18402267   5.23055523
   5.27726036   5.32400371   5.37083447   5.41780353   5.46480981
   5.51190375   5.55908544   5.60640743   5.65376529   5.77211253
   5.93261855   6.09348131   6.25461372   6.41606618   6.57789136
   6.73997735   6.90238131   7.06512001   7.22821167   7.39157288
   7.55525329   7.71928548   7.88364615   8.04828747   8.21327589
   8.37847007   8.54378824   8.70879125   8.87401596   9.03958879
   9.20536422   9.37151145   9.53788082   9.67848088   9.62280053
   9.56698365   9.51111408   9.4551121    9.39895633   9.34275524
   9.28635762   9.2299352    9.1733383    9.11667302   9.0598884
   9.00296793   8.94599019   8.88881912   8.83161867   8.77423791
   8.71680227   8.65923096   8.60154018   8.54377704   8.48583163
   8.42784832   8.36975253   8.31146803   8.35922428   8.47612963
   8.59328748   8.71062054   8.82814417   8.94590729   9.06379569
   9.18196186   9.30024763   9.41880919   9.53752774   9.65645471
   9.7756084    9.89489977  10.01446815  10.13414571  10.25411609
  10.37428825  10.49457171  10.61510021  10.73560318  10.85631245
  10.97724841  11.09831145  11.2110845   11.24150877  11.27207608
  11.30261817  11.33323214  11.36389765  11.39455292  11.42532684
  11.45603866  11.4868954   11.51771564  11.54862929  11.57961061
  11.61056546  11.64159321  11.67267306  11.70374178  11.73493126
  11.76605655  11.79732946  11.8285644   11.85989425  11.89125524
  11.92262587  11.95410805  12.02969938  12.13739608  12.2451668
  12.35318116  12.46132943  12.56963346  12.67816697  12.78682849
  12.89562294  13.00466026  13.11374869  13.22312221  13.33256313
  13.44225548  13.55208022  13.66206107  13.77227166  13.88254002
  13.99309476  14.10369964  14.21458661  14.32557955  14.43675438
  14.54813741  14.6506677   14.63688538  14.62306021  14.60908173
  14.59519044  14.58113959  14.56716907  14.55309743  14.53900236
  14.52490954  14.51069005  14.4965435   14.4822319   14.46801216
  14.45367246  14.43933459  14.42497281  14.41051054  14.39610717
  14.38153976  14.36706276  14.3525488   14.33787123  14.32328344
  14.30857654  14.29878918  14.29286113  14.28684742  14.28090545
  14.27481497  14.26882751  14.26272307  14.25667442  14.25098453
  14.24523377  14.23954107  14.23369991  14.22796045  14.2220914
  14.21628635  14.21047652  14.20454975  14.19866179  14.19273786
  14.18675312  14.1808256   14.17475036  14.16877562  14.1626719
  14.15887702  14.19945373  14.24007245  14.28080796  14.32148574
  14.36233685  14.4031235   14.44407785  14.48502402  14.52603753
  14.56716291  14.60828615  14.64945151  14.69073561  14.73195959
  14.77336026  14.81469392  14.85619849  14.89769373  14.93925702
  14.9809145   15.02253617  15.06432389  15.10603626  15.14793489
  15.18135436  15.20754701  15.23351176  15.25830167  15.28321563
  15.30813489  15.33298651  15.35797583  15.38285751  15.40789709
  15.43287533  15.45791861  15.4830004   15.50804053  15.53320609
  15.55826294  15.58347897  15.60861956  15.63385251  15.65909727
  15.68432683  15.70966934  15.73490205  15.76029522  15.78593834
  15.82020269  15.85464123  15.88901626  15.92349788  15.95800444
  15.99250848  16.0271402   16.06167321  16.0963823   16.13101294
  16.1657788   16.20054194  16.23532989  16.27022601  16.30503575
  16.34001652  16.37555443  16.41149983  16.44749492  16.48341331
  16.51947256  16.55553222  16.59162033  16.62782177  16.65652632
  16.67836508  16.70008917  16.72196115  16.74378222  16.76563763
  16.78755595  16.80939464  16.83137476  16.85323225  16.87525285
  16.89720068  16.91921168  16.94129314  16.96331598  16.98537341
  17.00749426  17.02953466  17.05171775  17.07377697  17.09600077
  17.11815105  17.14036501  17.16260423  17.18480761  17.21719684
  17.24947685  17.28193825  17.3143265   17.34682371  17.37934245
  17.41185339  17.44449574  17.4771377   17.50974233  17.54249357
  17.57513361  17.60795748  17.64070677  17.67356636  17.7064475
  17.73932039  17.77232638  17.80521976  17.83829871  17.8712871
  17.90441665  17.93753779  17.9706804   18.00645033  18.04474221
  18.08322183  18.12174619  18.16016372  18.19877741  18.2373066
  18.27598689  18.31466619  18.35337488  18.39220484  18.43094161
  18.46986895  18.508695    18.54770449  18.58668176  18.62571934
  18.66484838  18.70391375  18.74315618  18.78228794  18.82162063
  18.86099861  18.90027304  18.93973362  18.97325533  19.00669959
  19.04022711  19.07368023  19.10730358  19.14080482  19.17450043
  19.20812911  19.2418415   19.27560598  19.30932696  19.34320374
  19.376957    19.41090636  19.44477189  19.47875382  19.51281233
  19.5461824   19.57901384  19.61189386  19.64472553  19.6777109
  19.71056682  19.74361726  19.77772657  19.8132612   19.84881555
  19.88435693  19.92004045  19.95559647  19.99135218  20.02700458
  20.06280794  20.09859811  20.13440789  20.17034454  20.20625966
  20.24216131  20.27820681  20.31412266  20.35024075  20.38625373
  20.4224195   20.45857159  20.49474323  20.53103488  20.56721209
  20.60358498  20.63983465  20.64043242  20.63926384  20.63809657
  20.63696416  20.63569868  20.63456035  20.63339803  20.63206918
  20.63088405  20.62952412  20.62829938  20.62697527  20.62565228
  20.62436384  20.62294268  20.62164796  20.62017046  20.61884434
  20.61739396  20.61597795  20.61456289  20.61304872  20.61164382
  20.61005653  20.61690106  20.6341105   20.65116312  20.6683923
  20.68552293  20.70271346  20.71993057  20.737074    20.75435266
  20.77147395  20.78698828  20.79901357  20.81111904  20.82312041
  20.83517686  20.84728846  20.85929578  20.87138345  20.88349275
  20.89551441  20.90770906  20.9197824   20.93193632  20.9439856
  20.95609022  20.98066231  21.00603963  21.03150933  21.0570124
  21.08243869  21.10797461  21.13351003  21.15914696  21.18464726
  21.21021503  21.23585043  21.26139131  21.28702548  21.31269328
  21.33828328  21.36398404  21.38968415  21.4154868   21.44115112
  21.46688355  21.49268426  21.51838922  21.54418842  21.57002148
  21.56544534  21.51924443  21.47298034  21.42659296  21.3803317
  21.33391278  21.28749928  21.24092886  21.19438937  21.14782089
  21.1011132   21.05445277  21.00772938  20.96089922  20.91419464
  20.86733464  20.82047865  20.77346799  20.72648626  20.6794749
  20.63232619  20.58522235  20.53805568  20.49076877  20.44354243
  20.47758609  20.51986981  20.56202002  20.60427521  20.64657793
  20.68882051  20.73118516  20.77356424  20.81589928  20.85837369
  20.90082903  20.94342441  20.9858831   21.02844837  21.0710616
  21.11361298  21.15628835  21.19897793  21.24162209  21.28440787
  21.3271737   21.36991929  21.41285006  21.45572647  21.46425372
  21.42065077  21.37709911  21.33348716  21.28975538  21.24609125
  21.20233288  21.15848059  21.11473738  21.0708663   21.02696876
  20.98293558  20.93895153  20.89490739  20.85074489  20.80664751
  20.76245684  20.71817316  20.67395382  20.62961667  20.58535966
  20.54089463  20.49647656  20.45199861  20.40693437  20.52577895
  20.66569736  20.80567267  20.94586289  21.08608493  21.22654078
  21.36693431  21.50752848  21.64821279  21.78892602  21.92985933
  22.07084752  22.21188962  22.35315418  22.49444589  22.6359801
  22.7774412   22.9191094   23.06086696  23.20264875  23.34465822
  23.48671956  23.62883177  23.77117407  23.90115938  24.01058249
  24.12022129  24.22988437  24.33960979  24.44932908  24.55925652
  24.66920696  24.77917965  24.88936234  24.99953751  25.10977409
  25.22023265  25.33071316  25.4412554   25.55178787  25.66253438
  25.77330154  25.88408859  25.99509154  26.10608333  26.2171359
  26.32754009  26.43779323  26.54829975  26.57036871  26.57859652
  26.58676147  26.5948635   26.6031038   26.61124942  26.61937444
  26.62761665  26.63574289  26.64404999  26.65214566  26.66037981
  26.66855094  26.67665901  26.68490567  26.69305741  26.70118852
  26.70943708  26.7175694   26.72572357  26.73398467  26.74222514
  26.75040245  26.75851653  26.76531071  26.76932144  26.77330853
  26.77741034  26.78139272  26.78539404  26.78949947  26.79358126
  26.79759682  26.80154613  26.80563153  26.80961872  26.81358225
  26.81766059  26.8216194   26.82559715  26.82968336  26.83385281
  26.83795598  26.84199287  26.84616596  26.85024079  26.85429196
  26.85845805  26.86250452  26.88218846  26.90494851  26.92758079
  26.9504272   26.9730815   26.99588598  27.01860514  27.04131386
  27.06415164  27.0868824   27.10964565  27.13251676  27.13671191
  27.12791247  27.11889689  27.11000936  27.53105881  27.99598259
  28.46135704  28.78485005  28.63600083  28.48714119  28.3380224
  28.58722524  29.1568928   29.72698895  30.29737109  29.54469886
  28.60714114  27.66878094  26.91981427  26.92638425  26.93281501
  26.93930916  27.04614626  27.24413408  27.44215067  27.64028128
  28.2112743   28.84965434  29.48850617  29.97927779  29.74773331
  29.51608901  29.28434319  28.80812775  28.08153999  27.35423687
  26.62652793  27.12458648  27.89752659  28.67112928  29.35558362
  29.48961448  29.62380899  29.75794455  29.26512314  28.04579758
  26.82568313  25.6045409   25.22201566  25.06674216  24.91121963
  24.87780595  25.8319722   26.78670635  27.74223504  27.89583151
  27.00132833  26.10600645  25.21003992  24.72496037  24.37153198
  24.01789604  23.74676756  24.42398765  25.1017886   25.78010648
  26.49884581  27.27692184  28.05558644  28.8349213   28.2856551
  27.23606729  26.18576171  25.2255209   25.99557368  26.76621126
  27.53729439  28.22078903  28.75613987  29.2919825   29.82806386
  29.93832486  29.86285826  29.78717695  29.70522595  29.30861294
  28.9115755   28.51446726  28.46945939  29.10032277  29.73149523
  30.36319461  30.93540816  31.47778987  32.02067443  32.56397788
  32.30091228  32.02926236  31.75721595  31.34185644  30.61104809
  29.87977146  29.14802117  28.72576891  28.4809817   28.23603112
  27.99077326  28.26391122  28.55910752  28.85462848  29.02102448
  28.8599232   28.69876594  28.53733812  28.5508329   28.67814113
  28.80530798  28.93267222  29.7543689   30.62966359  31.50537032
  32.03611194  31.54352764  31.05042001  30.55706094  30.25648074
  30.09791584  29.93936099  29.78066185  30.3546956   31.01178864
  31.66919464  32.21542181  32.37065884  32.52611583  32.68170453
  32.49306183  32.01747425  31.54151132  31.06508862  30.97255144
  30.93784817  30.90318676  30.62738131  29.33664164  28.04498702
  26.75227758  25.91704037  25.51262535  25.10782509  24.70285717
  25.49370206  26.51586178  27.53854536  28.54717342  29.47934809
  30.41205849  31.34556334  31.61595988  31.18215543  30.74819278
  30.31383922  30.23730206  30.24498086  30.25289717  30.18576768
  29.62492905  29.06404155  28.50286831  28.05851877  27.75473595
  27.45079701  27.14649953  27.58910638  28.24468688  28.90061033
  29.5078889   29.6808166   29.85380289  30.02700058  30.29875713
  30.70409664  31.1097904   31.51543633  31.11488228  30.44225979
  29.76906286  29.09079804  28.34740444  27.60341844  26.85927943
  26.77691791  27.71104797  28.64583057  29.58096029  29.79061342
  29.71485342  29.6389472   29.57211089  29.71938068  29.86663832
  30.01389436  30.143165    30.24064075  30.33804195  30.43507342
  30.05452665  29.45707611  28.85936032  28.26742463  28.23689251
  28.20634406  28.17556893  28.11593674  27.99832027  27.88067236
  27.7630691   28.50287333  29.68972623  30.87721873  32.06513935
  32.18990517  32.29402696  32.39812725  32.34635726  31.93803     31.52927315
  31.12058577  30.94721045  30.91348604  30.87998719  30.84647056
  30.3598825   29.84970883  29.33932162  29.04539586  29.3270342
  29.60872169  29.89050335  30.50751525  31.35090076  32.19456949
  33.03876235  32.41638699  31.66642118  30.91631746  30.17076468
  29.4400027   28.70912213  27.97770106  27.88367828  28.27713062
  28.67053646  29.06431013  29.85725132  30.69967698  31.54262734
  32.18522901  32.08746436  31.98979349  31.8919892   32.10033498
  32.57322937  33.04624862  33.51933428  33.82717724  34.10814996
  34.38904986  34.59035396  34.43519297  34.28023434  34.12520572
  34.17896227  34.43673807  34.69463451  34.95240413  34.90135133
  34.78688694  34.67216517  34.56893651  34.52879274  34.48854707
  34.44845758  34.22897763  33.81205006  33.39514301  32.97801527
  33.00018833  33.13286844  33.26558887  33.37811302  33.34787154
  33.31736439  33.28707755  33.31591832  33.41801271  33.520331
  33.62272915  32.64404163  31.34072344  30.03682793  28.83683699
  28.66249915  28.48802805  28.31336892  28.21104411  28.21019811
  28.2091933   28.20837441  28.45705457  28.79379428  29.1308876
  29.44547672  29.42441519  29.40335344  29.38208288  29.0407662
  28.18950307  27.33771413  26.48567566  26.05989702  25.80887127
  25.55779965  25.30984048  25.15481475  24.99986362  24.84480793
  25.14599003  26.27503157  27.40458683  28.53446311  29.39758303
  30.13426697  30.87149973  31.60890432  32.25743806  32.90644393
  33.55578704  34.12819616  34.54117126  34.95440242  35.36764084
  34.99025602  34.18396439  33.3771652   32.57018942  32.03679144
  31.51093511  30.98504591  30.54517613  30.31112809  30.07719724
  29.84315446  29.81104354  29.90408543  29.99696596  30.09005156
  30.67328054  31.28705954  31.90123869  32.28928471  32.04815141
  31.80698081  31.56578368  31.25528299  30.89633602  30.53729448
  30.1779174   31.27403402  32.51184059  33.74997547  34.97755436
  36.16864228  37.36064688  38.55640848  38.77889132  38.2303475
  37.68148811  37.13204702  35.53448711  33.79479128  32.05380014
  30.83061849  31.62502958  32.41980756  33.21511281  34.04767608
  34.91339857  35.77990288  36.64694584  37.01689589  37.30026696
  37.5838144   37.64695057  36.66635746  35.68512593  34.70298144
  34.03271688  33.67726665  33.3217178   32.96600091  33.18294369
  33.52528314  33.86792908  34.33140998  35.51331796  36.69610229
  37.87950605  38.75464409  39.27807445  39.80155066  40.3256518
  40.71718294  41.07339846  41.43015806  41.69470412  41.24121931
  40.78776664  40.33377673  40.00556963  39.83926972  39.67265232
  39.50601703  39.17849101  38.79819314  38.41772632  38.08792667
  38.31236606  38.53688547  38.76166847  39.06226996  39.47401744
  39.88597409  40.29782087  39.71892049  38.77357815  37.82744058
  36.90870484  36.47714202  36.04506531  35.613049    35.52130921
  35.9932082   36.46544603  36.93776333  36.55400414  35.80315507
  35.05178766  34.33041007  34.88430329  35.43822595  35.99269374
  36.72786381  37.80342409  38.87982738  39.74722937  39.79220705
  39.24213842  38.72947714  38.29544413  38.62700428  39.10328145
  39.61387767  40.07704285  40.49704531  40.89025408  41.03080602
  39.68457141  37.27187868  35.13685688  33.17271622  32.86984467
  32.7152101   32.56416571  32.39637291  33.05197952  33.63557403
  34.35049467  35.44479456  36.77904441  38.32501275  39.50163115
  39.98733646  40.5330387   41.24111051  41.26932696  39.16833522
  37.20395042  35.16753314  33.57915337  32.59426345  31.32800864
  30.06144226  31.94017531  34.15952159  36.37970045  38.13919569
  38.31809625  38.49706087  38.41760245  37.80809372  36.94820101
  36.09196254  35.29304579  32.96622864  30.37028151  27.7831595
  26.08415324  27.36944335  28.7380062   29.91960937  31.86265036
  34.25398711  36.80499075  39.50291268  39.39469727  39.09715343
  38.47958932  37.69463397  36.05349265  34.17004428  32.5076365
  30.87818356  29.51500704  28.18001408  26.65310962  28.25427903
  30.50030854  32.72171539  35.05012899  37.40900833  39.86024746
  42.17648762  42.76420535  41.31004226  39.85554279  38.40014708
  38.25774447  38.48177982  38.70559462  38.9286651   39.14213734
  39.35539509  39.56901525  39.23541971  38.17082317  37.10513036
  36.03251287  35.10644905  34.2288437   33.35148264  32.65541483
  34.20424717  35.75305783  37.30184631  38.718382    39.93526056
  41.15181132  42.3683423   43.65517118  44.96914779  46.28310215
  47.57326889  48.34562087  49.11793806  49.89023918  50.09149771
  49.31118726  48.53117406  47.75096753  46.40157638  44.79820225
  43.19484856  41.61161452  41.38040082  41.1491517   40.91775312
  40.31429273  38.98178166  37.64928931  36.31691796  34.65287855
  32.81863118  30.98441326  29.15022538  30.37573113  31.64980864
  32.92404702  34.65333678  37.40748465  40.16485098  42.92262374
  44.13869407  44.45287568  44.76674391  45.08065331  45.94941691
  46.84499642  47.74070249  48.29025436  47.93612404  47.58193601
  47.22769036  46.22228482  44.78368322  43.34516328  41.90617241
  42.20342707  42.64391239  43.08445652  43.24367004  42.54554339
  41.84720226  41.14863527  40.52009192  39.94429439  39.36840951
  38.79257857  37.74785535  36.64695156  35.54588646  34.58377854
  34.12303365  33.66228747  33.20160461  32.01886244  30.22207901
  28.42503871  26.62774212  26.2185573   26.02869167  25.8385944
  25.9104012   27.12182528  28.33341496  29.54516987  31.34313502
  33.70364772  36.06448326  38.42564086  40.01710106  41.45481831
  42.89272838  44.22277167  44.96880632  45.71493774  46.46116567
  47.0074355   47.33692022  47.66683243  47.99639817  48.16000616
  48.28293254  48.4058698   48.42230552  47.70364253  46.98461275
  46.26543623  45.81202902  45.68405065  45.55605231  45.42827531
  46.354796    47.59123477  48.82780867  49.92155612  49.67032009
  49.41923187  49.16814805  48.92136388  48.68085596  48.44031542
  48.19974236  47.33342404  46.25064249  45.16744416  44.21005735
  45.02964545  45.84931898  46.66909684  46.8046797   45.86641482
  44.92804171  43.98956066  43.64390552  43.53728142  43.43099769
  43.2906755   42.24643171  41.20207011  40.15759106  38.66525794
  36.37408127  34.08236638  31.79038735  31.50508938  32.15389767
  32.80277124  33.46152527  35.81597139  38.17059317  40.52545879
  42.40095376  43.29786514  44.19506617  45.09232686  45.87565033
  46.59830616  47.32103166  48.04382658  48.51487657  48.97972891
  49.44436267  49.56893697  48.8946067   48.2202018   47.54561979
  48.17043697  49.58508422  50.99985832  52.41475882  53.43728698
  54.43726201  55.43778347  56.07792127  55.73825146  55.39854398
  55.05879893  54.54872526  53.92165229  53.29406284  52.66641018
  51.93869513  51.20164077  50.46451396  49.9682521   50.24013183
  50.51196781  50.78382231  50.16346768  48.84673114  47.52987214
  46.21325702  43.04196676  39.62922132  36.2161715   32.76943829
  29.19541473  25.62123663  22.04660806  20.54620873  20.8751792
  21.20417566  21.533198    25.0187532   29.04147926  33.06445136
  36.53123582  38.20178348  40.1553855   42.29302429  43.51563272
  44.57035642  45.34656183  46.00702907  47.39702276  48.22431235
  49.06577293  49.87010999  49.67147989  49.69712671  50.0329073
  49.62606017  50.32919556  50.51171833  50.84556216  51.35991839
  50.86905439  50.74132284  50.48530288  49.68436422  49.53588789
  49.32927347  47.91922065  45.52991091  43.0571608   40.34281705
  37.55163134  34.73814579  31.91926737  28.98118296  25.76848539
  22.56363066  19.34779968  18.21003503  20.01468753  21.80371818
  23.59491724  26.74356415  30.3317443   33.92382789  37.48493975
  40.222564    42.95942316  45.73089696  48.38083607  50.36293439
  52.30796514  54.25311273  54.86937297  54.92633285  54.98284825
  55.05989641  55.88005019  56.70024828  57.52049041  58.3118443
  59.04813156  59.78445693  60.52082016  61.23019875  61.92650547
  62.62335276  63.31976137  62.93016636  62.53726896  62.14434123
  61.84747672  61.75454356  61.66212221  61.56916157  62.37014571
  63.66648912  64.96291237  66.25941502  65.24474541  64.15002419
  63.0551395   62.28252156  62.29919707  62.31586651  62.33287605
  63.12793691  64.41374663  65.6996322   66.98559316  67.26115257
  67.46840588  67.67572429  67.85993051  67.97914219  68.09835359
  68.21756466  68.51607178  68.94306717  69.36964078  69.79623286
  69.66247321  69.47067373  69.27888422  69.10775774  69.00372874
  68.89968549  68.79562803  69.00507336  69.46830355  69.93215473
  70.39542824  68.47655576  66.22004019  63.96338425  62.24679049
  62.70310576  63.15895839  63.61480314  64.95870283  67.11339957
  69.26821189  71.42360106  71.61484125  71.44842222  71.28198557
  70.93089857  69.67037152  68.41005814  67.14956401  65.78948512
  64.32704937  62.86448776  61.40180077  63.24410413  65.83332884
  68.42239698  70.58754124  70.1250379   69.6624896   69.19998645
  68.44484748  67.34820621  66.25147108  65.1546425   64.93280886
  64.94998378  64.96771629  64.84089618  65.32242614  65.27030893
  65.62191646  65.15055402  63.89263726  62.31407092  60.82742809
  61.31681758  61.95119263  62.81626777  63.68872918  63.46617213
  63.51173974  63.72092905  63.46306418  63.35053054  63.16093956
  62.64618555  61.76363045  60.44182732  59.24385146  57.99877514
  58.54909168  59.17442351  59.67131901  60.82912905  62.2233156
  63.61642471  65.00935052  64.97693273  64.3196131   63.66230069
  63.03673012  64.11791272  65.19848822  66.132979    66.07575829
  65.05794752  64.31274442  63.69359188  63.04495813  62.5699801
  61.55548119  60.45934976  58.53962081  56.52879489  54.51850696
  52.28458946  49.55570469  46.82658912  44.09686298  43.07331495
  43.52687887  43.98432238  44.32026614  47.40165199  50.60393052
  53.8062761   56.3256082   57.09728539  57.86890661  58.3717929
  59.4092403   60.17701977  60.92639789  61.47092683  62.80593822
  63.62082394  64.69942836  65.7519645   65.22944209  64.70685912
  64.18390485  63.60081328  63.37837033  63.31073187  63.42125146
  64.01693936  64.55326387  65.08954336  65.44705708  65.10163597
  64.42774112  64.51097625  64.26573944  63.83136064  63.39700341
  62.96213526  62.61989499  62.29179384  61.96370741  62.01997052
  63.70903669  65.39790141  67.08694858  68.32636003  69.14023758
  69.95404667  70.76715467  69.46995765  67.76175105  66.053661
  64.62483052  64.65796254  64.69090857  64.72398687  65.05425999
  65.70199745  66.34950649  66.99663219  66.81778689  66.44097731
  66.06420027  65.6679668   65.14071459  64.61410151  64.08753831
  63.9886034   64.4055284   64.82207718  65.23862455  66.11248297
  67.11783826  68.12307041  69.08095437  69.61372748  70.14702121
  70.68024431  70.72146307  70.09251091  69.46308885  68.8341741
  68.44817242  68.14461736  67.84108824  67.4366723   65.68997925
  63.94387779  62.19797249  61.30057483  61.71326906  62.12534355
  62.53791913  62.98705068  63.45062269  63.91413065  64.37618528
  64.81380397  65.25156541  65.68926514  66.1467617   66.63898651
  67.13071416  67.62288712  67.56683464  67.25988516  66.95296387
  66.65398109  67.08626138  67.51853913  67.95078384  68.40603831
  68.90723749  69.40833168  69.90973357  69.1148559   67.63946126
  66.16414031  64.6883031   64.11995003  63.57110402  63.02228062
  62.75203915  63.12550894  63.49926345  63.87298705  64.60945932
  65.56277326  66.51541205  67.46858462  68.23485622  68.99104594  69.74718
  70.34593734  70.52587206  70.705947    70.88600076  70.43437621
  69.55365928  68.67267603  67.79221762  68.16742784  68.6535738
  69.13967899  69.81384121  71.07961685  72.34530056  73.6108918
  73.12371878  71.28838903  69.45325218  67.61852229  64.654266
  61.54847462  58.44285522  56.69224445  59.98666444  63.28085265
  66.57480766  68.50653237  69.25385683  69.99924683  70.74431704
  69.97992458  68.96636462  67.95272119  67.14318369  67.25478003
  67.36635052  67.4778951   68.06881908  69.12938923  70.19042545
  71.2512957   72.02288702  72.73429009  73.44513379  73.86657628
  72.66817044  71.46993227  70.27186223  69.35184125  68.73892017
  68.12662977  67.51442141  67.79871216  68.30973749  68.82006598
  69.29693136  69.52788358  69.75879074  69.98965273  69.63873417
  68.56140072  67.48457979  66.40791391  66.95715512  67.99791773
  69.037864    70.12366339  71.66437425  73.2048119   74.74497574
  75.08432171  73.72755415  72.3711847   71.01503789  68.90979677
  66.53811168  64.16653619  61.97528158  62.55751485  63.13963787
  63.72165041  64.85856649  66.88704423  68.91515772  70.94290617
  71.35750038  71.10425335  70.85154454  70.59511174  70.21926727
  69.84347886  69.46709088  68.99272057  68.33812768  67.68364109
  67.02926105  65.73692073  64.14114131  62.54591756  60.95251054
  61.92444527  62.89616631  63.86715758  64.57248773  64.72225537
  64.87198629  65.02168045  63.79901768  61.82890476  59.85923205
  57.88990951  56.78065497  55.697964    54.61601263  54.08435838
  54.87569156  55.66689908  56.45798062  56.25854524  55.44478229
  54.63113288  53.81759737  54.65496175  53.93836835  49.14383469
  44.92569189  40.93020483  39.18791493  42.8915718   46.45690847
  51.1067568   54.16943834  57.79131413  60.06522282  63.68325344
  67.78930773  69.65203987  69.16474732  64.69065108  60.69690925
  58.01553888  53.10360962  52.87711858  49.09251082  52.0240168
  56.40006701  56.51259496  60.8122439   61.64884043  59.89866506
  62.52228674  63.2234109   60.91828084  62.4428981   63.11919666
  59.10169509  56.62884318  54.31947443  51.00359717  48.13158539
  46.43896877  43.8226735   44.01430084  47.48611408  50.7348048
  53.81369453  56.47535995  58.70966761  61.15714225  63.36702639
  64.62748446  66.02472509  66.24565309  65.85339186  64.27594207
  63.2652542   62.22501622  63.84092456  65.4012947   67.41232206
  68.4344227   67.66954253  68.40190386  69.26038328  70.66293271
  71.54516312  71.80629152  72.48767376  72.84797052  74.37559652
  75.96303584  76.75083564  74.98050295  73.73112837  72.45491795
  71.41318989  70.99289931  70.88790631  70.74809321  70.63290568
  70.34496512  69.41530634  68.87779807  68.88572357  68.89383897
  68.9021783   69.39404107  70.69033443  71.98605647  73.27925173
  71.58346481  68.03795914  65.160856    62.55830915  61.51301178
  60.50314251  59.50369122  59.12094243  60.98193413  63.30613361
  65.59559568  66.63187036  67.08080037  67.37850616  67.56624288
  67.41427316  67.5614541   67.55932781  68.21346697  69.41979598
  69.73008815  70.7233401   70.40982812  70.11348075  69.16032849
  68.31834678  67.932037    67.51109014  66.49812059  65.92724611
  65.28933357  64.83654559  65.04528931  65.57859171  66.72729002
  67.93885604  68.70442342  69.41296634  70.82502567  72.05110393
  73.02758708  72.26605501  70.42767251  68.59024776  68.54070697
  69.24880578  70.06326424  71.03284814  71.61085658  72.31527282
  73.32637006  73.71796791  73.29373549  72.86966327  72.44582048
  71.59386281  71.72871703  71.85447923  72.18793731  72.3083697
  72.25873771  72.02651634  71.59962887  71.1056064   70.48511631
  69.91558288  69.64603303  69.78153825  70.06299444  70.3174133
  72.03188232  73.75686451  75.38247697  76.42493184  74.13814765
  72.44724419  70.10850947  69.70023693  70.92243918  72.40172446
  73.96716668  74.72664247  75.37385525  76.02076143  76.5306709
  76.15390542  75.77720884  75.40065908  74.4717536   72.88644181
  71.30175207  69.71774958  69.0583055   68.6590297   68.25986807
  67.89583197  67.82226092  67.45903524  67.67510942  67.99196693
  68.83274821  69.67313406  70.51314072  70.99685531  71.36189834
  71.72670745  72.03566142  71.6415967   71.24774781  70.85396836
  71.16330924  72.54166406  73.91949906  75.29667413  76.36275751
  77.30759937  78.25206951  78.79922455  78.69231321  78.24859988
  77.80505774  76.74586171  74.62230203  72.49965774  70.37785672
  71.20041458  73.34723045  75.49319208  77.55181904  77.13742588
  77.02345906  76.85202581  76.14251555  75.20825487  74.13689965
  73.17523629  73.21016033  73.60264601  73.62995942  74.06744318
  73.8445564   73.60778301  73.2831629   73.13637773  73.09242548
  72.44520842  72.69924293  72.10222868  72.64229757  71.14450976
  70.9926094   71.9395868   70.61753285  73.5692456   74.91674719
  74.52658847  75.32970579  73.58915723  70.6289282   67.21001785
  66.38214332  67.7402875   70.49954792  70.93289597  70.23787149
  66.65978623  65.93251793  68.38976983  67.55260104  70.02531846
  67.04354094  67.09532833  67.99834405  66.54018552  68.31188438
  68.14324497  69.11300311  69.07434155  69.82035569  69.64858576
  68.88377213  68.8663888   67.64756325  66.35712339  66.36621576
  67.03406735  68.22597757  68.9281175   67.69219277  67.73497571
  67.01837187  67.33209832  70.69635441  72.26235485  73.40750844
  71.32429857  68.34581543  65.13216863  65.99036735  68.61385178
  70.56451205  69.33856545  68.78383552  65.9526701   65.20320093
  66.74057357  65.65414738  67.41775995  67.01223376  67.25193958
  64.94238242  63.58751894  64.50724196  65.49759644  67.54729712
  69.12248236  68.45881413  69.33354252  71.1180868   71.06743098
  70.4012842   70.91430786  71.657307    72.27102429  74.60493593
  72.89481138  69.51695618  68.42685691  67.16495685  65.8342567
  67.66505235  69.23637751  70.5509507   73.04012399  73.52000584
  73.87122336  74.06090363  73.03834977  72.68891912  69.8012926
  69.54890646  70.08980763  69.95730946  70.25216637  70.44394093
  70.18919096  69.61821975  69.43413268  68.25814486  65.65427417
  65.36728316  66.01767784  67.53050407  69.35918028  69.75260695
  70.14494292  70.27168172  71.16163631  71.89286114  71.26724259
  70.2800152   68.97481847  69.09802137  69.64594595  70.67350256
  71.4710116   71.78021234  71.37707546  71.29549515  71.82597196
  71.53620944  72.30552516  71.72724919  70.97742336  71.21537117
  71.36666807  72.69616377  74.2353078   74.94534332  75.58716585
  75.66516071  75.91388881  76.78359985  76.5555618   75.93304019
  75.42548766  74.89725013  75.04501605  75.52709251  75.86111364
  75.56974959  75.65496614  75.41531412  75.09903657  75.29567524
  75.44114316  75.66064688  75.9874125   76.06429273  75.63061175
  75.48017433  75.50476525  75.23204058  75.43076893  75.4740995
  75.59485592  75.80377158  75.82465109  75.98864355  75.57251667
  75.09714431  74.40598593  74.06477017  73.83691977  73.71557889
  73.6266399   72.84509082  72.45775439  72.30067443  72.33208343
  72.68302606  72.82131685  73.04579317  73.08080296  72.19352428
  71.46847851  70.32441985  69.76158208  69.85495032  69.94823009
  70.04143322  70.95062377  72.07256552  73.19384801  74.13141073
  73.67264942  73.2140384   72.7556623   72.80692528  73.50855481
  74.20968891  74.91039777  75.45680019  75.95493766  76.45270802
  76.79597239  75.50100435  74.2067417   72.91315632  71.48372988
  69.85809885  68.23333619  66.60946466  66.73170744  67.49108494
  68.24993142  69.02466731  70.0759335   71.1266483   72.17664851
  72.95018896  73.2714072   73.59248921  73.91327806  73.53857115
  72.86932944  72.20049335  71.54191819  71.26473063  70.9877166
  70.7108472   70.72597318  71.28619543  71.84611904  72.4056652
  72.41401892  72.15351183  71.89320245  71.63296113  71.47061278
  71.30880622  71.1471519   71.11677141  71.36730268  71.61766015
  71.86786465  71.94387129  71.92257122  71.90127012  71.88001421
  70.9704032   70.02902199  69.0882031   68.36316021  68.16996152
  67.97685294  67.7838783   67.90189425  68.21701689  68.53192574
  68.84662059  68.64399352  68.40730951  68.1757135   68.16507134
  68.78853683  69.41177237  70.03474981  70.24744648  70.16513767
  70.08278361  70.00048369  70.89619219  71.89449712  72.89240731
  73.72563396  74.002672    74.27950609  74.55625883  74.67201029
  74.65680317  74.64162899  74.62643467  73.75579834  72.76270974
  71.77006606  70.78801326  69.84788213  68.90817771  67.96881728
  67.90264386  68.63887943  69.37484889  70.11047429  70.37104061
  70.54396628  70.71676188  70.91651758  71.2505468   71.58446743
  71.91822415  72.10687318  72.14054039  72.17420968  72.20788111
  72.36226559  72.5442966   72.72619564  72.92404936  73.22188652
  73.51964682  73.81736121  74.02284844  74.12055459  74.21824802
  74.31591094  73.84010618  73.20646229  72.57299951  71.99904431
  71.91973905  71.84034968  71.76101921  71.92973213  72.42101173
  72.91011709  73.39894735  72.72152553  71.66344123  70.60585896
  69.59648747  69.13252218  65.7719123   56.16862338  44.77353449
  35.37919294  29.14419047  25.31416037  24.88730287  20.25322068
  18.15825685  18.75146801  18.21116529  18.57905161  19.38496976
  20.03568727  23.48811197  24.88040232  31.96026649  33.03724117
  40.28724129  52.14619859  57.66695788  61.34191267  59.75168563
  49.11818418  40.0015463   42.02082749  34.25058581  33.56965799
  38.86112846  32.3713629   33.99832186  39.20975922  33.93555171
  35.44355236  41.97303298  40.94852802  41.0524442   44.82909316
  47.46609228  42.91041237  44.86695395  48.90943844  48.52607919
  48.92759735  50.73911151  51.99172172  52.84891428  54.59364086
  56.01231518  56.83073857  57.60146784  59.54007554  59.47368171
  59.25082005  61.71851199  63.88880322  62.71275596  63.01302382
  63.48778064  67.47694017  68.47019311  67.13122628  67.55443059
  68.88742479  71.51434507  70.97791153  70.98910497  71.47503833
  73.42587294  73.09898903  70.77604611  69.7100989   69.20044513
  70.98927517  70.73277653  70.28190591  70.35715275  70.8906982
  72.16798725  71.58214109  70.29641671  69.91330592  69.56233977
  70.26530951  71.2403383   70.73463493  70.90823891  70.83947957
  70.84719961  71.34210377  71.09510756  70.51492701  69.9349243
  69.35524137  69.13788163  69.30957811  69.48122028  69.65271185
  69.78119042  69.89910844  70.01700716  70.03962842  69.41704685
  68.7948997   68.17328388  67.72755535  67.4950137   67.26261255
  67.03029636  65.6888909   64.02629306  62.36442591  60.71628157
  59.1873553   57.65918687  56.13174944  54.13588843  51.49736146
  48.86005055  46.22403504  47.63882727  50.44057473  53.24096341
  55.97844962  57.87120981  59.76302112  61.65393311  62.63752615
  62.21066301  61.78403152  61.35758399  61.55478966  62.00051043
  62.44604623  62.91323929  63.93400031  64.95415833  65.97384005
  66.91322015  67.7111112   68.50864469  69.30573766  69.27737548
  68.86883041  68.46050894  68.05017337  67.35848347  66.6670256
  65.97591419  65.47305114  65.3498445   65.22671092  65.10365033
  64.99274241  64.88838254  64.78398907  64.67967948  66.88304033
  69.13819549  71.39213769  73.03571665  73.26300829  73.49006342
  73.71703406  73.35607627  72.64126754  71.9268821   71.21281693
  71.00762716  70.83073327  70.65397569  70.66235513  71.16968001
  71.67676316  72.18350216  71.62064705  70.32663105  69.03417169
  67.74236597  67.95433879  68.30230027  68.64999935  69.09437145
  69.84401525  70.59328076  71.34213628  70.3856319   68.11131175
  65.83811573  63.56615166  62.98457072  62.61824531  62.25212179
  62.18263773  63.22579329  64.26836146  65.31039725  66.53144746
  67.90881908  69.28547408  70.66135864  71.2217549   71.64569363
  72.06944323  72.19531298  70.96634449  69.73808526  68.51044185
  67.68583195  67.25861599  66.83166966  66.40490846  66.08675589
  65.791398    65.49622042  65.50092942  67.20643345  68.91103339
  70.26830622  71.5085918   71.50112481  71.22460204  71.46552753
  71.62389426  71.79864937  71.9732958   72.12607767  71.92034502
  71.7171705   71.6429109   71.25661058  70.48720039  69.57871157
  68.52654055  67.37705874  65.95926297  64.59992096  63.37130135
  64.59067712  66.26226374  68.13501623  69.853885    70.13776188
  69.37703888  69.20368261  68.36627036  67.61275279  67.51381001
  66.63776037  66.77842387  66.51014581  66.62709012  66.69492926
  67.58239097  68.27207318  68.82910069  70.11343625  69.95910545
  69.61273547  69.6282864   68.66798479  67.72758459  67.56289294
  66.52441251  65.12704207  63.73033339  62.33441059  61.6735078
  61.36552485  61.05773189  60.75007883  62.45278239  64.15692476
  65.86017245  66.96789274  66.8236923   66.67961345  66.53556498
  66.5422456   66.63166851  66.53869813  66.29642167  66.2988343
  66.09620773  65.92483438  65.62931258  64.89616963  64.40819857
  63.84440766  63.44474167  62.98276641  62.31313373  62.09225984
  61.77577799  61.1371229   60.72824253  60.54950649  61.46767783
  62.38532425  63.30247628  63.24445971  62.55052195  62.08720876
  61.63959958  61.16597102  60.62905814  59.84859824  59.29409949
  59.48821923  59.68212751  59.87596043  59.86369891  60.08765921
  60.00398829  60.29991609  60.94463125  61.66380071  62.67227023
  62.58197591  62.41614401  62.70431925  62.95385579  63.42410194
  63.65285501  63.7853086   64.10270383  64.91919733  66.30123155
  67.32628008  67.84376456  66.45987023  65.24173403  64.18162867
  63.32209023  62.32068802  61.2601608   60.2607538   59.43011232
  58.75606851  57.9779136   57.53029091  59.96630044  62.47745117
  65.35448372  66.86321446  66.82283959  66.0320024   65.56002517
  64.51842055  63.49707384  62.79172629  62.16081922  62.94457622
  63.72791118  64.5106988   65.27774269  66.02436886  66.77056381
  67.51626666  68.01122357  68.4258091   68.59752822  69.18184379
  68.95139081  68.70235833  68.45346527  67.7405242   66.34288832
  64.94610638  63.55021025  63.36905171  63.64352332  63.91782853
  64.17876271  64.19073245  64.20266238  64.21461227  64.19606897
  63.78218336  63.57332404  63.54627982  63.28249117  63.04611918
  62.97767178  62.38614095  61.07576367  59.9485711   58.78275087
  58.19252519  59.10798924  60.05969212  61.0174738   61.80278635
  62.68418933  63.29005247  64.01916495  63.99101033  64.09883863
  64.30735731  64.40695676  64.82735192  64.75551243  65.40052708
  65.37946388  65.1094162   64.88956271  63.65864831  61.95207579
  60.58262893  58.83113399  58.52295948  59.78814523  61.22641556
  61.18611049  61.5853107   61.34108251  59.01117933  58.75927964
  58.14664131  57.85987479  59.48673327  58.78391042  57.4649109
  57.20804186  56.95648933  58.32591294  59.45313087  58.64291649
  58.17449883  59.03270411  59.82853463  60.35420546  59.89672606
  59.71489932  59.08635771  59.5844174   61.30569968  56.22329253
  54.16395219  50.74825329  48.76185216  52.34803208  54.21788906
  52.77644592  52.85568971  53.06849121  53.53040942  57.46869705
  59.56765874  56.02844582  53.05380215  52.00573432  52.36280757
  54.61479441  57.87542268  58.68334047  56.51765507  57.97535756
  55.11309677  53.78378977  55.21425752  53.36130863  55.27465086
  56.02426625  55.83748602  55.5542089   54.79938135  53.16541999
  52.56174454  56.04869149  57.16386289  58.80461183  59.80624838
  59.54535514  58.75374781  58.29653213  57.05130908  57.50916865
  58.47092275  59.34915359  60.27744409  59.7925293   60.57210158
  60.27970882  60.72649866  59.5845754   58.58457332  56.25891318
  49.23439635  45.83074997  42.16413365  40.42918925  43.73643305
  42.75615372  43.14328968  44.87473024  45.88724698  47.86481943
  48.43460202  49.19561244  47.35620261  47.57656123  48.83135186
  51.63918578  56.08719181  59.35449289  60.07654123  59.47764704
  58.79608325  58.55443467  53.67099401  50.89034761  48.38594953
  45.98773059  48.66580741  49.83690364  50.85293841  53.42807972
  55.01849301  57.38488538  59.62769149  58.76004723  56.18410849
  54.28454234  51.60646815  50.8002814   50.8877504   51.74040906
  52.57265267  53.2823627   52.83589088  53.65450889  55.95528628
  57.37848636  58.12328563  55.90092225  54.32787971  53.53788417
  55.37289058  53.05685574  52.18804209  51.07289893  50.05532599
  52.47009156  52.64930707  53.24424164  53.81479493  53.64542305
  54.65976767  55.96720109  56.5199634   58.28125736  58.80609479
  56.56521546  56.83511044  57.32103452  57.15656493  57.9540544
  57.42850976  57.71164627  55.80285256  55.67936506  54.91079252
  53.87859002  54.69641741  54.64880598  53.65902413  52.2080484
  51.93994932  53.12633432  54.71231975  56.76087957  57.44174441
  56.5871735   55.06737195  54.7885592   54.98937691  56.73237775
  58.68632983  59.51763943  60.29137283  60.19468307  60.26826884
  60.460722    60.30981126  60.38114359  60.28170388  59.58805148
  58.84289759  59.07997179  58.84700526  58.04865841  57.3608084
  56.57565104  56.22146183  56.47079142  56.65749752  56.72287923
  56.83863875  57.62586972  57.58869231  57.55488923  58.05276311
  58.70108506  59.94385868  60.50397598  60.30434913  60.02587559
  58.92633809  56.8455086   54.63596899  52.49780013  50.66247538
  50.61548597  50.57162842  50.60902096  50.08359592  49.82004488
  49.42675671  49.094934    50.18548682  51.55389902  53.12528121
  54.70200722  54.77918403  55.09520088  55.47350083  55.8770087
  56.90882072  58.12636466  59.2646939   59.53655135  58.51015896
  57.59804701  56.62214941  56.8363975   57.32498934  57.76982551
  58.66015381  59.90252827  61.05632608  62.20928128  62.68626439
  62.79755288  62.67315826  62.60896605  62.26739884  61.81842599
  61.34599609  60.5864119   59.19266178  57.91718281  56.7761501
  56.4001708   56.71241426  56.74566775  56.77892363  57.57091044
  58.40915893  59.24684332  60.02917907  60.65981026  61.28987931
  61.91954762  62.14879041  62.09811674  62.00033452  61.67922952
  61.75555289  61.82727171  62.03877227  62.19862831  61.64868206
  61.09918559  60.54999487  60.13597405  59.8287108   59.52169102
  59.21484951  59.37515592  59.59784031  59.82027356  59.55600387
  58.79838156  58.07329784  57.39797436  56.69126594  55.44286625
  54.19525896  52.9485569   52.76951728  52.77672804  52.78393475
  53.06269243  54.45909605  55.85338828  57.25189799  58.04792193
  58.41936828  58.95684378  59.49982762  59.3484485   58.77931691
  58.1010023   57.47394246  57.14949086  56.76605441  56.07512112
  56.11823164  56.69263406  57.34739916  58.34622631  58.26446877
  57.61739792  57.43468208  57.10553548  57.43784352  57.76999008
  58.10197498  58.64147209  59.4470161   60.25218842  61.05698865
  61.53250592  61.90445847  62.27630872  62.59370918  62.32376766
  61.7905105   61.16718677  60.65311554  59.79982089  59.16690077
  58.70157585  58.45785684  58.22496609  57.83767231  57.44566051
  56.96829684  56.49113231  55.90830037  55.23951885  54.78978263
  54.65199481  54.20424921  55.108154    56.58954631  58.07025182
  59.51542748  59.54565524  59.57585291  59.60602045  59.51213359
  59.18472992  58.85756282  58.5305289   58.37250033  58.29748807
  58.22249403  58.14751824  58.39135444  58.63711708  58.88278063
  58.84372645  58.19159331  57.53974472  56.88818102  56.47956454
  56.20766228  55.93587018  55.66418838  55.36054095  55.05571206
  54.75109683  54.55314552  54.61973168  54.6862714   54.75276464
  55.06095022  55.52350931  55.98583621  56.44793065  55.30503148
  54.04862756  52.79280349  51.93615632  52.23525837  52.53420458
  52.83299481  53.19222973  53.59510564  53.9977464   54.40024266
  55.17527873  55.98998665  56.80429158  57.50858553  57.83843732
  58.16811535  58.49761943  58.50972969  58.26173753  58.01391467
  57.76619363  57.53414175  57.30444763  57.07484713  56.92840849
  57.12287365  57.31722855  57.51143714  57.40505951  57.02099505
  56.63709953  56.25337314  55.90817984  55.57031318  55.23259413
  54.90469259  54.6254939   54.34632727  53.84772489  53.95664606
  54.75626134  55.74059553  56.89790548  57.87414886  58.92465584
  59.64281436  60.20098912  59.74693062  59.29307761  58.83943034
  57.98409248  56.65555163  55.32764969  54.00038737  54.51015636
  55.52965341  56.54852621  57.44081421  57.26286569  57.08498837
  56.81726898  56.05275883  55.17874885  54.41449891  53.7744899   54.454543
  55.64962152  56.84418351  57.90203811  57.29497195  56.68819327
  56.08170238  55.71640701  55.71490846  55.71339362  55.7117862
  55.97061617  56.32486912  56.67886079  57.00818248  56.81850362
  56.62893395  56.43947353  56.15246077  55.69834594  55.24444596
  54.79088844  54.13038175  53.37783258  52.6257807   51.89603957
  52.59645415  53.29636803  53.99578095  54.45672724  54.45283553
  54.44898193  54.44511124  54.83621433  55.4290734   56.02150226
  56.61350068  56.20655417  55.78478378  55.36321406  55.1430178
  55.37444125  55.60568355  55.83674463  55.86099932  55.76474418
  55.66853564  55.57237372  55.5659962   55.56380951  55.56169156
  55.53961834  55.46580614  55.39202511  55.31827526  55.08133963
  54.73621184  54.39130615  54.04660754  53.88672531  53.74207925
  53.59751502  53.55236206  53.80920309  54.06584263  54.32228059
  54.15863727  53.67982399  53.20122969  52.72305505  52.9608109
  53.28325871  53.60545745  53.9994563   54.65220399  55.30446652
  55.95624365  56.27079397  56.29958362  56.32843728  56.35724888
  56.09857043  55.79483714  55.49129987  55.07702338  53.89117278
  52.95550099  52.08748679  52.29404591  52.94848042  53.60242392
  54.25587617  54.35600328  54.34614743  54.33627769  54.31989805
  54.26858527  54.21729887  54.16607493  54.21369054  54.4482699
  54.88416162  55.46623287  55.61668825  55.4678984   55.31919501
  55.16990733  55.01651054  54.86325131  54.71008226  54.83475354
  55.29870281  55.7622914   56.22551911  56.2882262   56.23376356
  56.17926463  56.09668359  55.75025057  55.40404977  55.0580813
  54.86021169  54.86652589  54.87281357  54.87907474  54.48170531
  54.29318738  54.20811207  54.24513927  54.29089804  54.04011305
  53.78949204  53.49098784  53.14969075  53.01184101  53.19527443
  53.18139027  53.21433406  53.24723179  53.27744975  53.23843769
  52.75843639  52.68457032  52.69175856  52.93665064  53.73125524
  53.98344977  54.15222016  54.28226009  54.41218025  54.54059082
  54.43903146  54.33752606  54.23607466  54.04196866  53.45255212
  53.27792886  52.66340818  51.75118946  50.84572842  50.0381643
  49.09922481  49.46728314  49.8685486   50.26939512  50.57312324
  50.82488899  51.25797437  51.5653902   51.91083364  52.02942598
  52.19471396  52.46411528  51.82902266  51.30958986  51.11722164
  50.63358473  50.60239427  50.5712063   50.06878567  49.64196085
  50.45526443  51.51897777  52.44837841  53.20452354  53.43639155
  53.67004786  54.81337321  54.15696271  53.81086215  53.44803249
  52.69636003  51.91766703  50.27218547  48.96170883  48.44238569
  48.68979195  48.40006163  48.33433247  47.16101781  46.41321946
  48.36072548  47.89252049  49.76599249  50.14649514  47.15938789
  45.62310321  43.84805861  41.82276508  44.32526     46.97912119
  49.06017111  48.68959184  47.47198384  45.96323902  44.51895742
  47.17408297  48.67572606  49.4404735   47.47902523  46.089388    46.0053096
  46.40713174  48.4995789   45.25068814  40.63289093  38.10867746
  34.76134534  34.15958165  38.45575243  40.70257941  45.22375431
  50.55054782  51.02537117  46.9175133   44.54826686  43.86271901
  40.2187497   43.88104005  44.66226514  42.4291914   45.58634078
  45.44710015  43.86381969  44.62122607  45.00743726  43.66459715
  41.60942436  40.60822221  40.40072887  41.36922601  45.99564303
  44.53147013  44.30904373  40.36621238  41.74400517  44.08962367
  44.370668    46.7786805   46.46376088  46.82227924  47.33306199
  49.46298498  50.47388484  50.89466219  50.63112081  50.13843982
  48.47157585  48.38637169  49.03078469  49.2015462   50.66839565
  50.28736634  49.55471258  49.25270541  46.67998921  46.42512975
  46.52850273  46.66652366  48.60478199  47.31467275  46.23933706
  45.12170423  43.3339248   43.96653685  45.25675104  46.53177984
  45.30629164  44.88955752  43.07715091  40.70761002  42.20849721
  42.53394647  45.32162601  47.08493854  46.0436109   41.92501942
  39.80373691  39.75801249  42.2550862   44.91070049  41.23916002
  41.18313462  40.41229347  40.69244658  44.18914214  42.43091817
  41.21039438  40.82354146  41.26401819  41.94710105  39.03290542
  38.31515251  39.37537204  41.037292    43.37760973  42.78313235
  39.99661688  40.05287255  42.62308129  45.56286725  48.49761814
  48.8951493   48.58154748  47.38813468  44.28877277  41.26324298
  41.72452037  43.14232802  46.40715229  47.82252507  47.75022176
  46.82508143  45.29871759  42.31349564  39.34074681  39.16864886
  39.64524571  40.54516469  38.65948488  37.53875416  39.22969864
  41.28068339  46.08252687  47.09608912  46.05309941  46.23792077
  46.16703111  46.60087924  46.62987079  45.885147    43.21875439
  39.27263419  38.28810437  34.64857029  36.66113926  40.19253515
  40.78850524  44.29446044  44.7444164   43.86512282  44.54434633
  45.09972207  43.71335959  43.16253244  43.38575425  42.89975534
  43.15440912  39.84758847  37.55578243  36.40272863  36.97195044
  40.80938192  41.96178128  43.44635281  43.37620619  41.79527346
  41.852735    42.49886395  43.71043271  46.52999798  47.27593348
  46.44779179  45.69874643  43.63188969  41.550601    42.37018108
  42.4835058   44.48582397  46.26877658  46.44025926  46.81151608
  46.3282724   45.49011162  43.85852639  42.94059888  42.85205597
  43.09640849  42.56808812  41.58422988  40.27445599  38.13530876
  39.0047634   40.22061954  41.17439198  43.25637352  44.03486457
  43.30467548  43.34602719  43.74858526  43.27825063  43.93935853
  43.86463954  43.67785595  44.07688216  43.59120886  43.35730893
  42.73858767  41.60207021  42.46463708  43.11103054]
