[  23.77984757   23.91838432   24.05733243   24.05128784   24.01664948
   23.98174335   23.94661437   23.91124312   23.87564657   23.83978373
   23.80368896   23.76736176   23.7307959    23.69397377   23.65690647
   23.61961633   23.58207442   23.54428601   23.50624082   23.46797934
   23.42945459   23.39069289   23.3516672    23.31242319   23.27290883
   23.23316264   23.19315369   23.13924888   23.05656085   22.97349146
   22.890014     22.80615359   22.72186494   22.63718657   22.55210832
   22.46572499   22.37880878   22.29149953   22.20380701   22.1157148
   22.02721714   21.93831351   21.84903414   21.75934237   21.66925297
   21.57874888   21.48786858   21.39656736   21.30487468   21.21276257
   21.12026994   21.02734938   21.03764315   21.07168719   21.10577851
   21.13987435   21.17401259   21.20817736   21.24238336   21.27659629
   21.31084555   21.34513118   21.37944827   21.41378208   21.44814245
   21.48254906   21.51697732   21.55143216   21.58590494   21.62043143
   21.65497095   21.68954693   21.72413592   21.75877872   21.79342956
   21.82812311   21.82158639   21.71472221   21.60407376   21.49310879
   21.38178172   21.27011535   21.15810923   21.04576291   20.93309602
   20.82007136   20.7067016    20.59298985   20.4789368    20.36456146
   20.24982086   20.13473647   20.01930782   19.90354676   19.78743816
   19.6709739    19.55416358   19.43700675   19.31952458   19.20167322
   19.08347398   19.23911903   19.46796967   19.69737922   19.9273343
   20.15740299   20.38795511   20.61904607   20.85069973   21.08287055
   21.31558215   21.54883516   21.78263627   22.01699242   22.25187377
   22.48729911   22.72326908   22.95978433   23.19687117   23.43447916
   23.67263436   23.91133741   24.15059564   24.39041661   24.63076737
   24.830261     24.92293832   25.01545482   25.10786927   25.20045236
   25.29321116   25.38614587   25.47928464   25.57257181   25.66603544
   25.75967573   25.85349286   25.94750834   26.04168692   26.13603581
   26.2305623    26.3252939    26.42017769   26.51523821   26.61047709
   26.70589452   26.80150382   26.89729507   26.99324937   27.08938297
   27.10663985   27.0998716    27.09306216   27.08615258   27.0791722
   27.07212531   27.06502794   27.0578345    27.05056985   27.04323388
   27.03582648   27.02837531   27.02082619   27.01320389   27.00550974
   26.99774802   26.9899346    26.9820243    26.97404174   26.96598683
   26.95787829   26.94968847   26.94141584   26.93307043   26.89980215
   26.79401171   26.68788557   26.5814522    26.47471124   26.36766231
   26.26032328   26.15266697   26.04469173   25.93640701   25.82781243
   25.71893506   25.60971951   25.50019297   25.39035507   25.28021485
   25.16977044   25.05899604   24.94790877   24.83650823   24.72479407
   24.61279199   24.50044928   24.3877918    24.27482044   24.51560744
   24.87886972   25.24294849   25.60784466   25.97355916   26.34011654
   26.70724368   27.0733842    27.44029273   27.80797153   28.17644667
   28.54566437   28.91565327   29.28641414   29.65796493   30.03028655
   30.40336851   30.77722564   31.15185873   31.52727022   31.90348936
   32.28045548   32.65820074   33.03672594   33.4914399    34.19455033
   34.89921264   35.60544432   36.31324709   37.02266125   37.73361211
   38.44613925   39.16024441   39.87593968   40.59323789   41.31208821
   42.03252349   42.75454546   43.47815585   44.20340223   44.93019542
   45.65858225   46.38856447   47.120156     47.85337149   48.58815105
   49.32453295   50.06251896   50.80215012   50.88851968   50.72120076
   50.55340746   50.38513923   50.21640843   50.04722722   49.87753065
   49.70735692   49.53672836   49.36562641   49.19401764   49.02192948
   48.84936136   48.67631273   48.50283268   48.32882114   48.15432741
   47.97935092   47.80391309   47.62799607   47.45156775   47.27465443
   47.09725555   46.91941596   46.79233811   46.85851465   46.92471789
   46.99098951   47.05735109   47.12378596   47.19026306   47.25680873
   47.32342302   47.3901516    47.4569057    47.52372616   47.59061542
   47.65758076   47.72464877   47.79174475   47.85890972   47.92614373
   47.99347828   48.06086748   48.12830891   48.19581955   48.26339946
   48.33105598   48.39881594   48.3647128    48.28628791   48.20762128
   48.12713732   48.04479904   47.96221347   47.87938033   47.79629936
   47.71301804   47.62944047   47.54568558   47.46153438   47.377087
   47.29269768   47.20791644   47.12272048   47.03753275   46.95204706
   46.86610008   46.77990258   46.69380274   46.60721845   46.52026667
   46.43306329   46.33875715   46.21194978   46.08478527   45.95767359
   45.82990662   45.70173611   45.57323007   45.4448378    45.31565811
   45.18614182   45.05628858   44.92654168   44.79601195   44.66514422
   44.53437722   44.40283088   44.27094545   44.13874232   44.00658898
   43.87368266   43.74043585   43.60727664   43.47334623   43.33907426
   43.20452394   42.94139645   42.6152957    42.28845738   41.96102455
   41.63297251   41.30391361   40.97421432   40.6439706    40.31268441
   39.98065543   39.64805701   39.31474956   38.98048432   38.64547331
   38.30995826   37.97358058   37.63608795   37.298041     36.95920935
   36.6194688    36.2789818    35.93800918   35.59611078   35.25337654
   35.02758174   35.40295136   35.77891689   36.15559781   36.53329508
   36.91146525   37.29029983   37.66985249   38.05049116   38.43148551
   38.81319997   39.19599407   39.57917318   39.96305555   40.34766074
   40.73338122   41.11943761   41.50621886   41.89374577   42.28236455
   42.67132798   43.06101899   43.45185476   43.84300651   44.23488788
   43.96311372   43.3356115    42.70642318   42.07592525   41.44445202
   40.81126446   40.1767433    39.54098156   38.90406598   38.26553005
   37.62565536   36.98459905   36.34223033   35.6983253    35.05319295
   34.40680904   33.75886198   33.10956708   32.45909243   31.80723023
   31.15387769   30.49917213   29.84332419   29.18597295   28.65983327
   28.94567535   29.2319701    29.51870175   29.8059666    30.09400656
   30.38238447   30.67125447   30.96065963   31.25089485   31.54137444
   31.8323907    32.12423118   32.41633995   32.70897178   33.00257237
   33.29726185   33.59219242   33.88767457   34.18402931   34.48061883
   34.77776152   35.07545788   35.37403942   35.67284734   36.41956792
   37.43229249   38.44726789   39.46394462   40.48264077   41.50368866
   42.52638209   43.55108183   44.57789358   45.6069324    46.63767196
   47.6704255    48.70539869   49.74244441   50.78126091   51.82226747
   52.86457227   53.90765941   54.94875801   55.99125546   57.0359494
   58.08192166   59.13023978   60.17995954   61.06708594   60.71576668
   60.36358595   60.01107285   59.65772424   59.30340527   58.94880036
   58.59295543   58.23695404   57.87985171   57.52231802   57.16403128
   56.80488735   56.44538212   56.08465706   55.72374665   55.36169851
   54.9993041    54.63605371   54.27204952   53.90758874   53.54197793
   53.17612796   52.80956832   52.44181797   52.74313955   53.4807624
   54.21997852   54.96030007   55.70182405   56.44485907   57.18868461
   57.93426272   58.68059547   59.42866834   60.17773176   60.9281102
   61.67991915   62.4325968    63.18702227   63.94213663   64.69909856
   65.45733366   66.21627096   66.97675437   67.73707676   68.49870073
   69.26175505   70.0256112    70.73716102   70.92912522   71.12199192
   71.31469949   71.50786056   71.70134684   71.89476851   72.08893884
   72.28271731   72.47741017   72.67187274   72.86692471   73.06240358
   73.25771549   73.45348738   73.64958795   73.84561831   74.04241063
   74.23879794   74.43611671   74.63319581   74.83087384   75.02874829
   75.22668359   75.42532271   75.90227174   76.58179199   77.26177925
   77.9433038    78.62567328   79.30902548   79.99382563   80.67943347
   81.36588008   82.05385905   82.74216051   83.43226078   84.12278625
   84.81489818   85.5078455    86.20177772   86.89715956   87.59290585
   88.29045914   88.98832873   89.68797821   90.38829633   91.08976204
   91.79254146   92.43946384   92.35250331   92.26527237   92.17707411
   92.089426     92.00077114   91.91262312   91.82383711   91.73490319
   91.64598349   91.55626463   91.4670059    91.37670584   91.2869853
   91.19650794   91.10604207   91.01542537   90.92417463   90.83329551
   90.74138138   90.65003765   90.55846075   90.46585158   90.37380887
   90.28101455   90.21926053   90.18185705   90.14391307   90.10642182
   90.06799348   90.03021515   89.99169873   89.95353432   89.91763355
   89.88134868   89.84543019   89.80857497   89.77236141   89.73533022
   89.69870286   89.66204531   89.62464987   89.58749935   89.55012191
   89.51236079   89.47496061   89.43662847   89.39893037   89.3604185
   89.33647448   89.59249618   89.84878299   90.10580669   90.36246613
   90.6202192    90.87756556   91.13597005   91.39432292   91.65310063
   91.91258424   92.17205438   92.43179022   92.6922753    92.95238104
   93.2136016    93.47439937   93.73627551   93.99809275   94.26033938
   94.52318029   94.78579527   95.04945798   95.31264524   95.57700774
   95.78787032   95.95313475   96.11696129   96.27337505   96.43057146
   96.58780138   96.74460454   96.90227649   97.05926922   97.2172583
   97.37486037   97.5328728    97.69112814   97.84912069   98.00790468
   98.16600269   98.32510506   98.48373145   98.64294062   98.8022243
   98.96141207   99.12131249   99.28052014   99.44074019   99.60253737
   99.81873076  100.0360233   100.25291504  100.4704794   100.68820107
  100.90590683  101.12441818  101.34230674  101.56130632  101.77981089
  101.99916866  102.21850921  102.43800637  102.65818598  102.87782059
  103.0985343   103.32276335  103.5495635   103.77667717  104.00330691
  104.2308254   104.45834644  104.68604703  104.91446268  105.09557614
  105.23336942  105.37043915  105.50844199  105.64612364  105.78402199
  105.92231722  106.06011002  106.19879522  106.33670666  106.47564723
  106.61412873  106.75300873  106.89233334  107.03128804  107.17046101
  107.31003415  107.44909964  107.58906549  107.7282498   107.86847249
  108.0082313   108.14839191  108.28871187  108.42880574  108.63316796
  108.83684107  109.04165867  109.24601471  109.45105821  109.65623762
  109.86136777  110.06732706  110.2732839   110.47900521  110.68565157
  110.89159629  111.09870094  111.30533501  111.512665    111.72013094
  111.92754489  112.13579857  112.3433418   112.55205583  112.7601985
  112.96923186  113.17821213  113.38732784  113.61302083  113.85462627
  114.09741624  114.34048855  114.58288678  114.82652264  115.06962541
  115.31368156  115.55773146  115.80196677  116.04696723  116.29137973
  116.53699466  116.7819705   117.0281037   117.27403365  117.52034416
  117.76723167  118.01371752  118.26132053  118.50822523  118.75639769
  119.004856    119.25266086  119.50164027  119.71314796  119.92416698
  120.13571136  120.34678627  120.55893526  120.7703138   120.98291873
  121.19510134  121.40781214  121.6208516   121.83361663  122.04736463
  122.26033334  122.47453928  122.68821633  122.90262786  123.1175225
  123.32807344  123.53522583  123.74268469  123.94983856  124.15796217
  124.36526899  124.57380314  124.78901838  125.0132267   125.2375595
  125.46181048  125.68695823  125.91130156  126.13690482  126.3618563
  126.58776019  126.81358093  127.03952534  127.2662703   127.4928794
  127.71940346  127.94683521  128.17344887  128.40133862  128.62856515
  128.85675577  129.08485999  129.31308765  129.54207246  129.77033525
  129.99983264  130.22855264  130.23232431  130.22495104  130.21758605
  130.21044107  130.20245643  130.19527406  130.18794028  130.17955583
  130.17207817  130.16349757  130.15576995  130.14741539  130.13906792
  130.1309384   130.12197146  130.11380237  130.10447996  130.09611269
  130.08696142  130.07802704  130.06909862  130.05954482  130.05068051
  130.0406654   130.08385144  130.19243566  130.30003041  130.40873922
  130.51682615  130.62529109  130.73392371  130.84209144  130.95111239
  131.05914043  131.15702926  131.23290369  131.30928407  131.38500761
  131.46107864  131.53749764  131.61325873  131.68952674  131.76593127
  131.84178283  131.91872591  131.99490352  132.07158958  132.14761537
  132.22399034  132.37902975  132.53914985  132.69985278  132.86076626
  133.02119534  133.1823161   133.34343368  133.50519179  133.6660878
  133.82740948  133.98915797  134.15031     134.31205072  134.47400354
  134.63546557  134.79762636  134.95978308  135.12258681  135.28451775
  135.44687838  135.60966984  135.7718572   135.93463912  136.09763471
  136.06876126  135.7772532   135.48534654  135.19266197  134.90077313
  134.60788954  134.31504015  134.02120065  133.72755637  133.43372911
  133.13902348  132.84461609  132.54981143  132.25433312  131.95964711
  131.66398053  131.36833919  131.07172196  130.77528734  130.47866565
  130.1811774   129.8839723   129.58637073  129.28801049  128.99003244
  129.20483339  129.47162564  129.73757547  130.00418774  130.27109986
  130.53763249  130.80493539  131.07232931  131.33944535  131.60744072
  131.8753158   132.14407449  132.41197074  132.68053942  132.9494107
  133.21789176  133.48715517  133.7565082   134.02557468  134.29553467
  134.56536881  134.83507528  135.10595014  135.37648199  135.43028526
  135.15516926  134.88037687  134.60520406  134.32927519  134.05377313
  133.77767651  133.50098727  133.2249863   132.94817844  132.67120374
  132.39337311  132.11585252  131.83795278  131.55930625  131.28107063
  131.0022463   130.7228352   130.44383001  130.16408154  129.88483867
  129.60428327  129.32402423  129.04338731  128.7590512   129.50890979
  130.39173527  131.27491978  132.15946028  133.0442015   133.93041801
  134.81624133  135.70333059  136.59098853  137.47882899  138.3680581
  139.25763344  140.14754889  141.03886802  141.93035844  142.82337895
  143.71593814  144.60980406  145.50423375  146.39881641  147.2948356
  148.19118202  149.0878495   149.98596866  150.80612053  151.49653367
  152.18830775  152.88023497  153.57255556  154.26483748  154.95843278
  155.65217317  156.3460539   157.04125967  157.73641802  158.43196378
  159.12891022  159.82599508  160.52346947  161.22088221  161.91964544
  162.61853897  163.31755803  164.01793929  164.71825012  165.41894447
  166.11554779  166.81119812  167.50844713  167.64769282  167.69960681
  167.75112415  167.80224453  167.8542373   167.90563265  167.9568981
  168.00890289  168.06017604  168.11259029  168.16367047  168.21562446
  168.26718082  168.31833927  168.37037217  168.4218062   168.47311001
  168.52515491  168.5764664   168.62791576  168.68003972  168.73203362
  168.78362892  168.83482534  168.87769368  168.90299966  168.9281565
  168.95403719  168.97916434  169.00441096  169.03031443  169.0560688
  169.08140528  169.10632376  169.13210085  169.15725835  169.18226654
  169.20799913  169.23297753  169.25807544  169.28385769  169.31016508
  169.33605435  169.36152539  169.38785585  169.41356631  169.43912744
  169.46541368  169.49094521  169.61514243  169.75874867  169.90154872
  170.04569977  170.18863876  170.3325253   170.47587352  170.61915583
  170.7632525   170.90667391  171.05030029  171.19460724  171.22107685
  171.16555615  171.10867166  171.05259515  173.70923755  176.64270834
  179.5790226   181.6201255   180.6809504   179.74170954  178.80083363
  180.3731972   183.96755653  187.56462005  191.16348809  186.41444736
  180.49885805  174.57820544  169.85254527  169.89399903  169.93457435
  169.97554971  170.64964626  171.89886492  173.14826514  174.39838479
  178.00110715  182.02901294  186.05989543  189.15645506  187.69550815
  186.23393144  184.77171416  181.76699786  177.18253899  172.59356658
  168.00203358  171.14457057  176.02149294  180.90259591  185.22121087
  186.0668884   186.91359853  187.75993673  184.65044385  176.95701965
  169.25861791  161.55373136  159.14016021  158.16045068  157.17916985
  156.9683438   162.98872585  169.01269103  175.04166949  176.0107977
  170.36686419  164.71776508  159.06459845  156.0039534   153.77397099
  151.54267904  149.831974    154.10494392  158.38157875  162.66147528
  167.19641385  172.10574168  177.01878319  181.93605371  178.4704183
  171.84796691  165.22098674  159.1622768   164.02098137  168.88337581
  173.74858145  178.06114105  181.43897652  184.81991491  188.20235961
  188.89805949  188.42189744  187.94438067  187.42730481  184.92484588
  182.41970903  179.91412539  179.63014497  183.61062381  187.59305279
  191.57880639  195.18922986  198.61142709  202.03679709  205.46481012
  203.80497839  202.09098321  200.37448646  197.7537451   193.14265616
  188.52861251  183.91158037  181.24734872  179.70284582  178.15731215
  176.60983965  178.33322366  180.19578643  182.06039763  183.11028543
  182.09380501  181.07697145  180.05843077  180.14357712  180.9468377
  181.7492063   182.55282031  187.7373759   193.260112    198.78544793
  202.13420118  199.02620435  195.91490556  192.80202027  190.9054874
  189.9050105   188.90459703  187.90327321  191.52518129  195.67115809
  199.81910953  203.26556998  204.2450494   205.22591669  206.20761503
  205.01736009  202.01660531  199.0134822   196.00745821  195.42358808
  195.20462528  194.98592651  193.24571179  185.10169503  176.95190537
  168.7954602   163.52546966  160.97378343  158.41966644  155.86449161
  160.85438554  167.30377735  173.75647452  180.12048733  186.00211189
  191.88711662  197.77713404  199.48322088  196.74609984  194.00798066
  191.26739498  190.78447809  190.83292805  190.88287659  190.45931819
  186.92066566  183.38170478  179.84094096  177.03728496  175.12054493
  173.20281986  171.28283256  174.075493    178.21192632  182.35052345
  186.1821922   187.27329226  188.36476194  189.45756547  191.17223341
  193.72975282  196.28950736  198.84896017  196.32163496  192.077674
  187.83008852  183.55052678  178.86003029  174.165796    169.47059626
  168.95093018  174.84489238  180.74297187  186.6432415   187.96606336
  187.48805004  187.00911419  186.58740561  187.51661515  188.445748
  189.37487085  190.19051342  190.80554381  191.42010386  192.03233105
  189.63124323  185.8615852   182.09025352  178.3553918   178.16274713
  177.96999948  177.77582149  177.39956782  176.65745809  175.91514992
  175.17312354  179.84097265  187.32950821  194.82207937  202.31735177
  203.10457087  203.76153492  204.41836334  204.0917168   201.51534596
  198.93626461  196.35762157  195.26369724  195.05091061  194.83954717
  194.62807148  191.55790843  188.33893015  185.11860456  183.26405842
  185.04107618  186.8184041   188.59632621  192.48940812  197.81081092
  203.1340007   208.46049757  204.53357452  199.80161017  195.06877564
  190.36465562  185.75385923  181.14231462  176.52735963  175.93411605
  178.41663244  180.89885552  183.38339941  188.38652004  193.70186667
  199.02052382  203.07506629  202.45821301  201.84195149  201.22484817
  202.53942118  205.52318302  208.50773275  211.49270148  213.43505919
  215.20787723  216.9802358   218.25037878  217.2713791   216.29365626
  215.31549178  215.65467271  217.28112803  218.90834455  220.53476094
  220.21263954  219.49041808  218.76657263  218.11524383  217.86195374
  217.60802071  217.35507318  215.97024827  213.33961317  210.70910752
  208.07720943  208.21711198  209.05426685  209.89167615  210.60165555
  210.4108447   210.21835763  210.02726054  210.20923351  210.85340557
  211.49899035  212.145079    205.96997821  197.74659635  189.51957187
  181.94814092  180.84814349  179.74730527  178.64528067  177.99965474
  177.9943169   177.98797697  177.98281013  179.55187583  181.67655979
  183.8034748   185.78839798  185.65550873  185.52261804  185.38840991
  183.23484724  177.86373998  172.48931514  167.11331583  164.42683423
  162.84296879  161.25881396  159.69429741  158.71615117  157.7384756
  156.76014036  158.66047097  165.78424144  172.91125334  180.04029072
  185.4862092   190.13437064  194.78599493  199.43870331  203.53067458
  207.62562478  211.72270286  215.3343602   217.94005694  220.5473693
  223.15472745  220.77359022  215.68623393  210.59567523  205.50400228
  202.13848854  198.82055939  195.50242284  192.72703216  191.25028889
  189.77428501  188.29757492  188.09496867  188.68202332  189.26805984
  189.85539027  193.53531638  197.40800005  201.28320852  203.73161337
  202.21016509  200.68848149  199.16663046  197.20750354  194.94270128
  192.67730231  190.40978627  197.3258146   205.13584601  212.94794901
  220.69344812  228.20870486  235.72974541  243.27449106  244.67826289
  241.21718538  237.75411673  234.28737781  224.20745621  213.23071761
  202.24580617  194.52805172  199.54044683  204.55515689  209.57319374
  214.82631286  220.28865249  225.75592508  231.2265963   233.56082334
  235.34877387  237.13783727  237.53619958  231.34907536  225.15792297
  218.96101018  214.7319267   212.48918734  210.24582576  208.00140391
  209.37022032  211.53023621  213.69218596  216.61655276  224.07388794
  231.53675254  239.00352549  244.52527321  247.82789553  251.13080711
  254.43766172  256.90805624  259.1556242   261.40662512  263.07579793
  260.21450219  257.35340925  254.48892658  252.41807981  251.36879829
  250.31751359  249.26611596  247.19956651  244.80004911  242.39946582
  240.31857067  241.73468753  243.1513092   244.56959406  246.46626125
  249.0642122   251.66348297  254.26206045  250.60944601  244.64473908
  238.67501458  232.87818394  230.15520663  227.42898686  224.70314827
  224.1243093   227.10179065  230.08140991  233.06153059  230.64017384
  225.9026365   221.16182864  216.61024371  220.10507365  223.60008941
  227.09854465  231.73715415  238.52348077  245.31512636  250.78806292
  251.07185293  247.60115449  244.36648047  241.62791737  243.71992044
  246.72502622  249.9466706   252.86904534  255.51908168  258.00006129
  258.8868841   250.39271795  235.16965597  221.69857908  209.30568935
  207.39469907  206.41902091  205.46599519  204.40729424  208.5438923
  212.22612471  216.73696896  223.64153449  232.0600819   241.81448272
  249.23844293  252.30303625  255.74618459  260.21381572  260.39184948
  247.13548775  234.74105762  221.89213319  211.8701344   205.65589912
  197.66637139  189.67487783  201.52888197  215.53201032  229.54039189
  240.64205632  241.77084253  242.90003295  242.39868422  238.55294412
  233.12738792  227.72488841  222.68406448  208.00284082  191.6235217
  175.2998854   164.57988059  172.68951299  181.32456077  188.77997275
  201.03973258  216.12804745  232.22379225  249.24652885  248.56373577
  246.68636108  242.78979491  237.83706152  227.48215984  215.59840401
  205.10931999  194.82816703  186.22710462  177.80386852  168.16975266
  178.27244864  192.44393684  206.46006649  221.15136312  236.03488558
  251.50115889  266.11564628  269.82389446  260.64874563  251.47147444
  242.28854831  241.39004856  242.80361603  244.21579195  245.62327157
  246.97019033  248.31575578  249.66360783  247.55876231  240.84161225
  234.11754518  227.34978633  221.50671864  215.96940323  210.43362922
  206.04173822  215.81420966  225.58654425  235.35873894  244.29647487
  251.97445952  259.65037591  267.3261675   275.44550883  283.73614071
  292.02663229  300.16703406  305.04024564  309.91323764  314.78612829
  316.05598377  311.13255766  306.21100711  301.28823669  292.77415411
  282.6575473   272.5410694   262.55153795  261.09267812  259.63359483
  258.17356852  254.36599082  245.95841436  237.55095607  229.14426116
  218.64488229  207.07156376  195.49843113  183.92548798  191.65790651
  199.69679212  207.73669277  218.64777349  236.0252718   253.42307714
  270.8234469   278.49633199  280.47868397  282.45905856  284.43969302
  289.92122075  295.57194546  301.22346867  304.69090653  302.45649531
  300.22171988  297.98658095  291.64290084  282.56593839  273.48949121
  264.41007264  266.28562274  269.0648972   271.84454274  272.84911216
  268.44423077  264.03799614  259.63033639  255.66449593  252.03145917
  248.39787121  244.76462361  238.17286574  231.22663237  224.27938126
  218.20889067  215.30178699  212.39467513  209.48796276  202.02536419
  190.68842718  179.3498694   168.00969458  165.4279129   164.22994177
  163.03050905  163.48357935  171.12714854  178.77176266  186.41741922
  197.76181239  212.65564067  227.55150589  242.44940316  252.49083821
  261.56222075  270.63481996  279.0268258   283.73398621  288.44175718
  293.15013715  296.59686673  298.67577478  300.75738012  302.83679935
  303.86909596  304.64470902  305.42039065  305.52409302  300.98963614
  296.45286494  291.91516788  289.05436179  288.2468728   287.43925788
  286.63303951  292.4789899   300.28039112  308.08264497  314.9837248
  313.39853263  311.81427305  310.23004126  308.67293844  307.15543603
  305.63772786  304.11981442  298.65371538  291.82182563  284.98730626
  278.94660385  284.11785515  289.28964553  294.46209412  295.31756411
  289.39751296  283.47677888  277.5553638   275.37442729  274.70167468
  274.03106969  273.14569655  266.55696364  259.96748745  253.37727016
  243.96128471  229.50493724  215.04519387  200.58378384  198.78367532
  202.8773789   206.97149431  211.12795124  225.98350198  240.84016101
  255.69835859  267.5319319   273.19106012  278.85201589  284.51334811
  289.45578508  294.01543512  298.57552473  303.1360524   306.10817688
  309.04119687  311.97283771  312.75884841  308.50411202  304.2489048
  299.99258005  303.9349099   312.86073062  321.78735177  330.71477038
  337.16648689  343.47590282  349.78876644  353.82776289  351.68459129
  349.54118197  347.39753564  344.17918835  340.22262539  336.26280366
  332.30258308  327.71101155  323.06051291  318.40955721  315.27835654
  316.99380164  318.70897073  320.42425669  316.5100836   308.2020377
  299.89321911  291.58593926  271.5764505   250.04348248  228.50859399
  206.76117764  184.21061348  161.65907424  139.10469277  129.63781299
  131.71347631  133.78930364  135.86529427  157.85766079  183.23934635
  208.6225843   230.49651541  241.03695859  253.36335401  266.85094293
  274.56508062  281.21993732  286.11746234  290.28472891  299.05499614
  304.27484061  309.58409792  314.65912168  313.40585047  313.56767098
  315.68630328  313.11927139  317.55575578  318.7073966   320.81380881
  324.05917718  320.96203474  320.15610317  318.54072643  313.48714508
  312.5503228   311.24667394  302.34984208  287.27431683  271.67231837
  254.54596712  236.93477594  219.18288218  201.39696176  182.8589024
  162.58815114  142.36688485  122.07636307  114.89755345  126.28414094
  137.57216122  148.87386328  168.74048221  191.38036839  214.04488358
  236.51398046  253.78722171  271.05563559  288.54245305  305.26243848
  317.76863341  330.04094782  342.31399936  346.20233862  346.56173116
  346.91831921  347.40446025  352.57928076  357.75438087  362.92975884
  367.92286429  372.56852284  377.21442185  381.86055975  386.33643603
  390.72983442  395.12664361  399.52068487  397.06250654  394.58349152
  392.10428519  390.23119673  389.64482813  389.06168884  388.47514687
  393.52901513  401.70838906  409.88826677  418.0686455   411.66651304
  404.75928912  397.85103373  392.97614412  393.08135945  393.18653653
  393.29385948  398.31035436  406.42326525  414.53665464  422.65051977
  424.38918215  425.6968621   427.00495284  428.1672155   428.91939038
  429.67156345  430.42373442  432.30718703  435.0013458   437.69284334
  440.38445743  439.5404911   438.33031815  437.12020814  436.04047306
  435.38409446  434.72762595  434.07106774  435.39257844  438.31536334
  441.24206642  444.16512468  432.05785783  417.82020707  403.5816707
  392.7506963   395.62985103  398.50608667  401.38227261  409.86170636
  423.45692373  437.0528703   450.6524566   451.85910062  450.80906748
  449.75892325  447.54371406  439.59032605  431.63828622  423.68510592
  415.10358828  405.87624252  396.64810257  387.41917162  399.04331995
  415.38022341  431.716139    445.37727572  442.45907694  439.54059448
  436.62239687  431.85779211  424.93845343  418.01852264  411.09800212
  409.69832651  409.80669292  409.91857744  409.11839671  412.15664529
  411.82780793  414.04630152  411.07220556  403.13528738  393.17520709
  383.79512499  386.88296395  390.8855999   396.343855    401.84871439
  400.44447434  400.73198651  402.05188184  400.42486447  399.71482519
  398.51858699  395.27070878  389.70216256  381.36214861  373.80343191
  365.94753145  369.41979405  373.36537118  376.50056983  383.80585736
  392.60257976  401.39250399  410.18127173  409.97672928  405.8293228
  401.6819619   397.7348784   404.55667946  411.37464994  417.27088815
  416.90984983  410.48789804  405.78598437  401.87939593  397.78679365
  394.78988485  388.3888295   381.47270774  369.36003692  356.67258308
  343.98852376  329.89345724  312.67535836  295.45580321  278.23239565
  271.7742442   274.63603906  277.52231247  279.64197429  299.08420465
  319.28921622  339.49465087  355.39056179  360.25951567  365.12811641
  368.30111438  374.84696495  379.6913259   384.41958224  387.85532754
  396.27867997  401.42026125  408.22579508  414.86684913  411.56995562
  408.27268     404.97306162  401.29400256  399.89048238  399.46371261
  400.16104408  403.9195806   407.30355951  410.68725431  412.94301338
  410.76355352  406.51156448  407.03674265  405.489403    402.74865804
  400.00804922  397.26421667  395.10482656  393.03464821  390.96456283
  391.31955906  401.97684607  412.63286206  423.29002928  431.11018685
  436.24540698  441.38019525  446.51055986  438.32580001  427.547745
  416.77042537  407.75511449  407.96416345  408.17203883  408.38074878
  410.46463132  414.55157838  418.6370842   422.72017139  421.59173378
  419.21422606  416.83692369  414.33685947  411.01012295  407.68741903
  404.36502987  403.74079279  406.3714117   408.99965682  411.62789303
  417.14156692  423.48492997  429.82751603  435.87135525  439.23292629
  442.59778228  445.96219256  446.22226539  442.25384552  438.28246078
  434.31427697  431.87877103  429.96346813  428.04832885  425.49663675
  414.47574866  403.45859327  392.44267557  386.78047911  389.38440368
  391.98441793  394.58759385  397.42142232  400.34636401  403.27090152
  406.18626911  408.94745636  411.70954437  414.47124296  417.35785107
  420.46357969  423.56617138  426.67157283  426.31790557  424.38118529
  422.44464287  420.5581891   423.28569328  426.0131815   428.74046126
  431.61292277  434.77527581  437.93696642  441.1005985   436.08525945
  426.77614859  417.4675027   408.15559945  404.56953396  401.10654979
  397.64370822  395.93859986  398.2950349   400.65326643  403.01130291
  407.6581288   413.67313316  419.68387754  425.6979899   430.53283682
  435.30407137  440.0749548   443.85285816  444.98816952  446.12436555
  447.26042802  444.41086974  438.8539216   433.29529308  427.73997606
  430.10739248  433.17476617  436.24188256  440.49555857  448.48206293
  456.46798724  464.45332813  461.37947421  449.79932633  438.22039559
  426.64403264  407.94083984  388.34462102  368.74948731  357.70388011
  378.49026502  399.27518743  420.05863853  432.24699741  436.96229602
  441.66538898  446.36646418  441.54347377  435.14834279  428.7526851
  423.64484881  424.34897411  425.05293628  425.75673504  429.48521329
  436.17695857  442.87164452  449.56528326  454.43369535  458.92234529
  463.40746579  466.06658812  458.5051585   450.94478674  443.38547585
  437.58053592  433.71326531  429.84997409  425.98720049  427.78095381
  431.00530572  434.22526077  437.23407794  438.69128793  440.14821357
  441.60485425  439.39070782  432.59319334  425.79891258  419.00561013
  422.47108789  429.03785602  435.5994734   442.4504044   452.17163268
  461.89113718  471.60891407  473.75004235  465.18941782  456.63130518
  448.07459725  434.79142381  419.8271025   404.86347277  391.03759091
  394.71123447  398.38418243  402.0564333   409.22988879  422.02871808
  434.82524913  447.61947686  450.23538948  448.63750877  447.04302394
  445.42504235  443.05362407  440.68255948  438.30771192  435.31463759
  431.18443569  427.05490448  422.92604557  414.77192939  404.7032419
  394.63806055  384.58434192  390.71683544  396.8479807   402.97452148
  407.42485387  408.36982375  409.31456203  410.25906832  402.54458776
  390.11401562  377.68622096  365.26063575  358.2617128   351.43039455
  344.60374294  341.24923144  346.2422062   351.23438817  356.22577526
  354.96742309  349.83292597  344.69914531  339.56608321  344.8494953
  340.32809662  310.07663437  283.46195251  258.25213349  247.25902743
  270.62752241  293.12327604  322.46183553  341.78604968  364.63854095
  378.98593485  401.81416481  427.72161587  439.47466113  436.40005301
  408.17041421  382.97160677  366.05330353  335.06112508  333.63206322
  309.75280263  328.24935488  355.8603651   356.57036848  383.69931924
  388.97788649  377.93502641  394.48896014  398.91275451  384.36836708
  393.98805169  398.25520708  372.90648589  357.30384513  342.73271342
  321.81094227  303.68977302  293.01008418  276.50237702  277.71146376
  299.61712441  320.11497707  339.54145796  356.33543145  370.43295972
  385.87548073  399.81890702  407.77185978  416.58785211  417.98181359
  415.50681255  405.5537772   399.17676788  392.61330995  402.80900227
  412.6542723   425.34299712  431.79201618  426.96594857  431.58683617
  437.00347512  445.85296374  451.41946131  453.06707013  457.36630146
  459.63962028  469.27828873  479.29435374  484.26503439  473.09499026
  465.21196965  457.15962627  450.58676655  447.93491228  447.2724512
  446.39029016  445.66350604  443.84672388  437.98097357  434.58952565
  434.63953218  434.6907369   434.74335448  437.84679878  446.02585692
  454.20131029  462.36082079  451.66112863  429.29050026  411.13720666
  394.71624618  388.12086563  381.74902133  375.44290997  373.02792838
  384.76999223  399.43469949  413.88022859  420.41867983  423.25123669
  425.12963324  426.31417181  425.35530772  426.28395671  426.27054068
  430.39787974  438.00930129  439.96711249  446.2341086   444.25598173
  442.38615627  436.37217208  431.05962665  428.62217669  425.9661816
  419.57477579  415.97280133  411.94784532  409.09094629  410.40803017
  413.77294082  421.02073716  428.66520197  433.49560555  437.96620915
  446.87570121  454.61173202  460.77292417  455.96798168  444.36857222
  432.77520582  432.46262458  436.93042601  442.06931152  448.18697235
  451.83395902  456.27852503  462.65811734  465.12893272  462.4522071
  459.77649231  457.10222506  451.7267356   452.5776082   453.37111405
  455.47509231  456.23496932  455.92181258  454.45659484  451.763117
  448.64604592  444.73101814  441.1375051   439.43676052  440.29174069
  442.06760916  443.67288368  454.49045185  465.37435368  475.63127492
  482.20872047  467.78008764  457.11120812  442.35478958  439.77876402
  447.49033887  456.82399802  466.7012707   471.49323898  475.57687551
  479.65857754  482.87588885  480.49865935  478.12186462  475.74599624
  469.88499893  459.88235776  449.88364144  439.8892614   435.72845054
  433.20919056  430.6906509   428.39373839  427.92953644  425.63773737
  427.00107327  429.00030902  434.30528026  439.6077565   444.90784019
  447.95987294  450.26313876  452.5649286   454.5142964   452.02791608
  449.54289758  447.05831722  449.01012621  457.7069572   466.40050835
  475.08989559  481.81642696  487.77797604  493.73717979  497.18949467
  496.51492977  493.7152879   490.91672617  484.23365105  470.83489527
  457.44191526  444.05425586  449.24424512  462.78973749  476.32984002
  489.31889804  486.70425394  485.98517191  484.9035012   480.42679412
  474.53200775  467.77221334  461.70452768  461.92488354  464.40130073
  464.57363667  467.3339726   465.9276521   464.43371298  462.38549858
  461.4593468   461.18202685  457.09836323  458.70121262  454.93430736
  458.34191173  448.89150951  447.93308306  453.90810648  445.56651001
  464.19055836  472.69271867  470.23098353  475.29831124  464.31619229
  445.6384098   424.06654387  418.8430087   427.41231915  444.82207543
  447.55631676  443.17100879  420.59481701  416.00606425  431.51027559
  426.22809765  441.8298898   423.01614558  423.34290189  429.04054593
  419.84018756  431.01885162  429.95480892  436.07356909  435.82963118
  440.53666216  439.45286717  434.62721938  434.51753804  426.82726866
  418.68514361  418.74251256  422.95637127  430.47681633  434.90701979
  427.10886194  427.378804    422.85733948  424.83681955  446.06384044
  455.94463523  463.17006591  450.02590025  431.23294211  410.95620157
  416.37106947  432.92413712  445.23197135  437.49677129  433.99666205
  416.13321589  411.4043851   421.10455068  414.24966485  425.37730788
  422.81861062  424.33105208  409.75873158  401.21012095  407.01318085
  413.26189517  426.19463217  436.13337915  431.94591569  437.46507873
  448.72479192  448.40517532  444.20207324  447.43903372  452.1270414
  455.99933568  470.72532262  459.93516616  438.62234071  431.7442793
  423.78222819  415.38607786  426.93761743  436.85200895  445.14640507
  460.85202671  463.87987654  466.09590922  467.29271082  460.84083217
  458.63607379  440.41638223  438.8239333   442.23678899  441.40078203
  443.26120335  444.47121906  442.86385542  439.2612706   438.09975975
  430.67977823  414.25046483  412.43967396  416.54338701  426.08867519
  437.62684206  440.10919651  442.58466912  443.38433689  448.99957078
  453.61328752  449.66590133  443.43691761  435.20168299  435.97904071
  439.43621113  445.91965501  450.95159685  452.90252162  450.3588999
  449.84416294  453.1912453   451.36296745  456.21702145  452.56834675
  447.8372656   449.33861477  450.29323371  458.68178448  468.39312677
  472.87314801  476.92277439  477.4148887   478.98425694  484.47176259
  483.03293977  479.10509398  475.90265401  472.56970048  473.50204042
  476.54373725  478.65126809  476.81288526  477.35056532  475.83846332
  473.84288685  475.08359303  476.00143354  477.38640838  479.44816003
  479.9332415   477.19689949  476.24770356  476.40286179  474.68208547
  475.93597658  476.209374    476.97129549  478.28946416  478.42120496
  479.45592746  476.83034437  473.83094753  469.47003297  467.31710708
  465.87946821  465.11385903  464.55269191  459.6214506   457.17752296
  456.1864154   456.38459281  458.59889115  459.47144702  460.88779681
  461.10869366  455.51034368  450.93561416  443.71709199  440.16582575
  440.7549395   441.34349511  441.93156707  447.66817166  454.74714548
  461.82195971  467.73758058  464.8429924   461.94935247  459.05719478
  459.38064236  463.80762541  468.23148251  472.65265649  476.1002227
  479.24325767  482.38397632  484.54982804  476.37913213  468.21288685
  460.05091487  451.0318438   440.77480543  430.5232461   420.27730941
  421.04860919  425.83995728  430.6279549   435.5162079   442.14924915
  448.77881132  455.40386477  460.28457506  462.31132511  464.33721567
  466.36125645  463.99701571  459.774386    455.55431553  451.39898721
  449.65005192  447.90221155  446.15528372  446.25072221  449.78548564
  453.31836483  456.84886241  456.90157084  455.25788217  453.61544106
  451.97342933  450.94908048  449.9281501   448.90818031  448.71649235
  450.29723779  451.87688668  453.45557035  453.93513978  453.80074548
  453.66634458  453.53222885  447.79297141  441.85325749  435.9170916
  431.34238025  430.12337896  428.90494616  427.68735852  428.4319888
  430.42027827  432.40721875  434.39280903  433.11431867  431.62094349
  430.1596715   430.09252399  434.02632527  437.95867572  441.88939763
  443.23142286  442.71208939  442.19247039  441.67319304  447.32473161
  453.62360985  459.91999751  465.17730225  466.92529411  468.67199915
  470.41819086  471.14853317  471.05258273  470.95684017  470.86097045
  465.36762662  459.10166115  452.83850292  446.64216866  440.71034227
  434.78120824  428.85424456  428.43671854  433.08205096  437.72570432
  442.36718678  444.01124911  445.1023363   446.19260289  447.45297612
  449.56055804  451.66745478  453.77331729  454.96361223  455.17603791
  455.38847679  455.60092913  456.57502935  457.7235674   458.87127275
  460.11964535  461.99887078  463.87761125  465.75606205  467.05259883
  467.66908293  468.28548683  468.90169819  465.8995731   461.90155045
  457.90467054  454.28325805  453.78287567  453.2819626   452.78142118
  453.84592775  456.94569247  460.03173867  463.1160491   458.84180633
  452.16574575  445.49285274  439.12414921  436.19672615  414.99271127
  354.40005449  282.50190425  223.22761624  183.88741027  159.72155403
  157.0282653   127.78918337  114.57085522  118.31376461  114.90468493
  117.22589067  122.31089042  126.41664033  148.19996758  156.9847258
  201.65564876  208.45089958  254.19530782  329.02026985  363.85390607
  387.04130324  377.0076489   309.91479058  252.39269428  265.13349727
  216.1065867   211.81022262  245.19714417  204.24949171  214.51490878
  247.39685557  214.11885589  223.63369676  264.83193426  258.36774502
  259.02341179  282.85245574  299.49079539  270.74639839  283.09134117
  308.59769399  306.17886063  308.71226895  320.14215061  328.04558669
  333.45410615  344.46258665  353.41381646  358.57771893  363.44069186
  375.67247956  375.25356281  373.84740077  389.41748432  403.11109621
  395.69073963  397.58530175  400.58081478  425.75070981  432.01771222
  423.56940266  426.23964132  434.65026616  451.2250126   447.84034574
  447.91097157  450.97700381  463.28593806  461.22344001  446.56666106
  439.84098886  436.62529099  447.91204551  446.29364846  443.44884717
  443.92362262  447.29006682  455.34921592  451.65277655  443.54040412
  441.12313845  438.90869177  443.344131    449.49614675  446.30537418
  447.40074127  446.96689916  447.01560929  450.13824342  448.57980269
  444.91911095  441.25954124  437.60198921  436.23054194  437.31387349
  438.3968624   439.47890104  440.28954601  441.03355841  441.77744905
  441.92017957  437.99195542  434.06647227  430.14434164  427.33198472
  425.86474613  424.398394    422.93257791  414.46888167  403.97859846
  393.49292564  383.09383785  373.44696527  363.80487432  354.16739566
  341.57436406  324.92638436  308.28607745  291.65394401  300.5806795
  318.25851083  335.92776888  353.20013918  365.14264862  377.07917105
  389.01001909  395.21607164  392.52274733  389.83088458  387.14018257
  388.38446627  391.19677416  394.00791501  396.95570394  403.3962706
  409.83303255  416.26678924  422.19387698  427.22822917  432.26032528
  437.28964189  437.11068864  434.53294353  431.9566092   429.36756682
  425.00329859  420.64049438  416.27987615  413.10702484  412.32964351
  411.55272313  410.77626331  410.07648163  409.41801532  408.75933709
  408.10118808  422.00345514  436.23252227  450.45393617  460.82421831
  462.2583316   463.69095259  465.12304054  462.84555084  458.33541268
  453.82794527  449.32249861  448.02783872  446.91171371  445.79644879
  445.84931949  449.05032307  452.24980146  455.44710836  451.89573274
  443.73104376  435.57617649  427.42543343  428.76289148  430.95837998
  433.15221291  435.95601128  440.6859439   445.41348968  450.13844857
  444.10331392  429.75332392  415.41042666  401.07530252  397.40577484
  395.09441778  392.78433453  392.34591978  398.92778634  405.5059468
  412.08074817  419.78505411  428.47568154  437.16178738  445.84303207
  449.37889338  452.05376593  454.7274452   455.52162961  447.76736264
  440.01757085  432.27166462  427.06872784  424.37317741  421.67932817
  418.98664702  416.97923999  415.11565769  413.25321312  413.28292485
  424.04392781  434.79922635  443.36303896  451.18871193  451.14159838
  449.39685766  450.9169947   451.91622125  453.01885142  454.12079591
  455.08478434  453.78669906  452.50475449  452.03620813  449.59881786
  444.74416779  439.01199081  432.37324053  425.12050064  416.17481406
  407.59794585  399.84588014  407.53962115  418.08661969  429.90288905
  440.74821782  442.53935983  437.7395222   436.64571806  431.36200399
  426.60762953  425.98334278  420.45584323  421.34336995  419.65064981
  420.38851854  420.81655457  426.41605938  430.76765995  434.28226592
  442.3858755   441.412114    439.22666711  439.32478689  433.26569334
  427.33216921  426.29303517  419.74066661  410.92385517  402.11121921
  393.30354173  389.13352704  387.19028602  385.24824373  383.30708416
  394.05041734  404.80282875  415.54959516  422.53883767  421.62899442
  420.71991831  419.81103391  419.85318577  420.41740621  419.83080276
  418.30214163  418.31736432  417.03887711  415.95758434  414.09296789
  409.4671486   406.38825932  402.83097919  400.30925724  397.39439041
  393.16929387  391.77567382  389.77880833  385.74916715  383.16930642
  382.04155824  387.83482775  393.62478526  399.4116233   399.04556353
  394.66711226  391.74380364  388.91958064  385.93118647  382.54349523
  377.61912617  374.12047557  375.34528832  376.56876686  377.79176992
  377.71440498  379.12749893  378.59957109  380.46674927  384.53462693
  389.07227946  395.43529198  394.86557332  393.81924479  395.63750763
  397.21197676  400.17902934  401.62236368  402.45808929  404.46071782
  409.61244351  418.33248995  424.80010894  428.06521525  419.33343237
  411.64751252  404.9586999   399.53537898  393.21695818  386.52548381
  380.21965191  374.97865854  370.72572962  365.81590407  362.99159578
  378.36177686  394.20606683  412.35891495  421.87836242  421.62361416
  416.63376885  413.65579387  407.08371298  400.63945091  396.18900876
  392.20825426  397.15342663  402.09593609  407.03499204  411.87471184
  416.5856045   421.29377632  425.99884318  429.12181017  431.73766807
  432.82114245  436.50792444  435.05386443  433.48257571  431.91216666
  427.41381261  418.59532638  409.78222817  400.97471898  399.83168588
  401.56348465  403.29423352  404.94061691  405.01614088  405.09141366
  405.16681233  405.04981205  402.43837037  401.12055718  400.94991965
  399.2855258   397.79411937  397.36224546  393.62993828  385.3620166
  378.24991229  370.89408393  367.17001161  372.94619928  378.9510385
  384.99423235  389.94921956  395.51049637  399.33323441  403.93362311
  403.75597945  404.43633009  405.75199397  406.38042404  409.03293817
  408.57966165  412.64942895  412.51652915  410.81264349  409.4254617
  401.6589169   390.89117225  382.25054671  371.19936072  369.25491108
  377.23769346  386.31256573  386.05825796  388.577041    387.0360653
  372.33537004  370.74599048  366.88050391  365.0711295   375.33591256
  370.9014002   362.5790758   360.95834175  359.37115259  368.01163141
  375.12389576  370.01178863  367.05627296  372.47118223  377.49253336
  380.80929203  377.9227922   376.775543    372.80971358  375.95225777
  386.81281469  354.74499352  341.75143438  320.19983134  307.66648748
  330.29375307  342.09175303  332.99686172  333.4968562   334.83954287
  337.75404978  362.6029648   375.84651774  353.51559392  334.7468612
  328.13400024  330.38698017  344.59605648  365.16923002  370.26684666
  356.60229562  365.79977649  347.74013187  339.35277167  348.37841301
  336.68709592  348.75946927  353.48922261  352.31071904  350.52336121
  345.76072136  335.45112215  331.64218755  353.64333547  360.67959128
  371.03201721  377.3519166   375.70579157  370.71108696  367.82625103
  359.96942474  362.85832333  368.92658151  374.46784348  380.32496055
  377.26535504  382.18412364  380.33925002  383.15830337  375.95325467
  369.64366808  354.96974466  310.6480398   289.17248294  266.03769799
  255.09093888  275.95823653  269.77309209  272.21575488  283.14040626
  289.52895499  302.00659363  305.60167872  310.40332985  298.79743843
  300.18780735  308.10500099  325.8212353   353.88625602  374.50153218
  379.0573492   375.27858231  370.97820555  369.4535061   338.64107859
  321.0963859   305.29470225  290.1629637   307.06048608  314.4496038
  320.86034981  337.108393    347.14322244  362.07414893  376.22529879
  370.75083361  354.49775892  342.51230679  325.61480103  320.52810653
  321.07999858  326.45991103  331.7110132   336.18898074  333.371934
  338.53706447  353.0539884   362.03377385  366.73313956  352.71097456
  342.78574716  337.80121222  349.37931999  334.76612804  329.28428451
  322.24820683  315.82775566  331.06389636  332.19466978  335.94845312
  339.54840102  338.47973669  344.87981859  353.12916575  356.6168602
  367.72987374  371.0413741   356.90238138  358.60530355  361.67127724
  360.63354426  365.66536267  362.34940018  364.13587077  352.09219664
  351.31304323  346.46367831  339.95092084  345.1110628   344.81065498
  338.56555374  329.4105158   327.71892495  335.20450827  345.21139981
  358.13693845  362.43290518  357.04092726  347.45162773  345.69243819
  346.95951231  357.9571041   370.28570828  375.53091727  380.41284494
  379.80277382  380.26706864  381.48136597  380.52918358  380.97926014
  380.35183803  375.97518723  371.27358408  372.76942113  371.29950168
  366.26227363  361.92223345  356.96822541  354.7334426   356.30660594
  357.48464181  357.89717248  358.62756572  363.59465731  363.36008371
  363.14680071  366.28817251  370.37880747  378.2201789   381.75428016
  380.49471989  378.73767062  371.80005802  358.67091149  344.72965908
  331.2387256   319.6586093   319.36212616  319.08540374  319.3213347
  316.00612687  314.34323222  311.86175162  309.76809185  316.64901498
  325.28311225  335.19786358  345.14633214  345.6332849   347.62721644
  350.0141277   352.56009027  359.07038398  366.75256691  373.93493884
  375.65024342  369.17414523  363.41910792  357.26161033  358.61342437
  361.69623045  364.50295693  370.12054873  377.95940164  385.23937367
  392.51402916  395.52358916  396.22577205  395.44089506  395.0358696
  392.8807262   390.04789901  387.06706787  382.27441561  373.48044688
  365.43271863  358.23328896  355.86101995  357.83114302  358.04095833
  358.25078879  363.24788771  368.53687813  373.82230932  378.75851416
  382.73752797  386.71299493  390.68593338  392.13235759  391.81262835
  391.19566423  389.16962866  389.65119658  390.10371177  391.43819004
  392.44681346  388.97688726  385.50979893  382.0446397   379.43234495
  377.4936449   375.55648108  373.62044202  374.63190708  376.03695059
  377.44040948  375.7729805   370.99270689  366.41773793  362.15673481
  357.6977061   349.82083662  341.94896674  334.08280856  332.95314495
  332.99864171  333.04411303  334.80295504  343.61366626  352.4110555
  361.2350552   366.25762673  368.60129477  371.99253591  375.41853229
  374.46339466  370.8724171   366.59254123  362.63606109  360.58890992
  358.16958946  353.81009515  354.0821041   357.7063384   361.83762687
  368.13980015  367.62394491  363.5412039   362.38834485  360.31157019
  362.40829218  364.50399529  366.59867841  370.00267509  375.08531413
  380.16560805  385.2435542   388.24386536  390.59072728  392.93694376
  394.93960524  393.23638938  389.87176418  385.93885732  382.69528713
  377.31136191  373.31790591  370.38190414  368.84414115  367.37469989
  364.93104129  362.45761407  359.44565293  356.43494827  352.75752737
  348.53780122  345.70015755  344.83077517  342.00569143  347.7089451
  357.05589864  366.3985188   375.51696075  375.70768505  375.89821944
  376.08856379  375.49617775  373.43040027  371.36611543  369.30267086
  368.30557796  367.83228261  367.35910222  366.88603697  368.42453939
  369.97519681  371.525229    371.27881378  367.16413184  363.05124532
  358.94015628  356.36196062  354.64637331  352.9314811   351.21728483
  349.30139908  347.37805879  345.45606663  344.2070783   344.62720856
  345.04704582  345.46658983  347.41110935  350.32965992  353.24674541
  356.16236426  348.95115801  341.02378519  333.10007097  327.69499277
  329.58219907  331.46842218  333.35366103  335.6202802   338.16225532
  340.70274677  343.2423265   348.13247351  353.27293296  358.41084969
  362.85464408  364.93586822  367.01599596  369.09502615  369.17143673
  367.60671194  366.04305542  364.48004132  363.01589298  361.56662105
  360.1179398   359.19397448  360.42096667  361.64726319  362.87263654
  362.20143905  359.77815617  357.3559392   354.93478937  352.75676688
  350.62497239  348.49410921  346.42519036  344.66356575  342.90214337
  339.75617503  340.44342113  345.48865247  351.69938134  359.00151349
  365.16119276  371.78944372  376.32071763  379.84256233  376.97764685
  374.11402797  371.25170715  365.85489011  357.47236406  349.09386928
  340.71941017  343.93583505  350.36842657  356.79707934  362.42703597
  361.30425672  360.18192669  358.49273154  353.66899863  348.15436845
  343.33227733  339.29409349  343.58493845  351.12537418  358.66255076
  365.33716207  361.50683356  357.67831891  353.85162011  351.54676213
  351.53730689  351.5277489   351.51760676  353.15071346  355.3858985
  357.61943494  359.69731429  358.50052163  357.30441786  356.10900341
  354.29807532  351.43280449  348.56888922  345.70713474  341.53961927
  336.79135498  332.04622843  327.44187318  331.86119042  336.27734845
  340.69034561  343.59872009  343.57416508  343.54985046  343.52542808
  345.99312173  349.73380961  353.47178301  357.20704048  354.63938159
  351.97819036  349.31826524  347.92892079  349.38910402  350.84814434
  352.30604114  352.45907788  351.85174906  351.24471419  350.63797346
  350.59773405  350.58393697  350.5705736   350.43130098  349.96557752
  349.50005069  349.03472061  347.53975783  345.36214871  343.18594091
  341.01103969  340.00225103  339.0895961   338.17745749  337.89256155
  339.51311889  341.13240495  342.75041907  341.71789952  338.696792
  335.67706611  332.65998808  334.1601261   336.19463422  338.22757084
  340.71353552  344.83209497  348.94759334  353.06002904  355.04470737
  355.22635777  355.40841203  355.59020093  353.95805029  352.04162276
  350.12643205  347.51252414  340.03031265  334.1266228   328.64982347
  329.95312339  334.08232599  338.20843057  342.3314355   342.96319488
  342.90100867  342.83873478  342.73538625  342.41162453  342.08802921
  341.764828    342.0652622   343.54535788  346.2956487   349.96827001
  350.91757929  349.97877878  349.04052381  348.09858227  347.13071391
  346.16371357  345.19728218  345.98390477  348.9112268   351.83627302
  354.7590423   355.15469731  354.81106126  354.46719626  353.94614511
  351.76030057  349.57592117  347.39300769  346.14453483  346.18437474
  346.22404737  346.26355264  343.75632105  342.56685333  342.03006441
  342.26369022  342.55240856  340.97006227  339.38875061  337.50531644
  335.35187734  334.48210431  335.63949096  335.55188781  335.7597491
  335.96731974  336.15798217  335.91183267  332.88322922  332.41716584
  332.46252056  334.00768515  339.0213012   340.61254115  341.6774103
  342.49790681  343.31764756  344.12786348  343.48706725  342.84661149
  342.20649641  340.98177037  337.26280343  336.16100512  332.28364177
  326.52793073  320.81485784  315.71947267  309.795165    312.1174561
  314.64926996  317.17844053  319.09483541  320.68336991  323.41595394
  325.35561666  327.53521742  328.28348449  329.32638115  331.02618859
  327.01902503  323.74162566  322.52786424  319.47632163  319.27952313
  319.08274035  315.91268049  313.21959791  318.35119657  325.06277407
  330.92689562  335.69784887  337.16083709  338.63510874  345.84900403
  341.70733374  339.52358685  337.23428647  332.4915539   327.57833323
  317.19604647  308.92749785  305.65079033  307.21181834  305.38374362
  304.96902063  297.56590563  292.84761697  305.13554923  302.1813755
  314.00218464  316.4029941   297.55562152  287.86232048  276.66254619
  263.88380795  279.67348343  296.41821554  309.54875285  307.21055571
  299.52796862  290.00843238  280.89563153  297.6483412   307.12306856
  311.9482987   299.57239676  290.80437858  290.27387977  292.80920609
  306.01165513  285.51254024  256.37620963  240.44949931  219.32926146
  215.53238929  242.63939435  256.8159142   285.34259925  318.95239414
  321.94832692  296.02949604  281.0805616   276.75504707  253.76315509
  276.87064501  281.79984213  267.71009934  287.63036521  286.75181622
  276.76199188  281.5409031   283.97773097  275.50498265  262.53771902
  256.22056053  254.91136604  261.02216988  290.21288785  280.97458136
  279.57116569  254.69358169  263.3868665   278.18671869  279.95998854
  295.15352029  293.16651178  295.4286097   298.651431    312.09033655
  318.46868343  321.12360903  319.46077537  316.35216843  305.83496784
  305.2973659   309.36333705  310.44076933  319.69596371  317.29183125
  312.66909854  310.76356215  294.53082029  292.92276582  293.57500528
  294.44585846  306.67544173  298.53540275  291.7504932   284.69870682
  273.41858115  277.4100934   285.55079458  293.59568244  285.86337464
  283.23396009  271.79844743  256.84765519  266.31761314  268.37105913
  285.96012796  297.08587788  290.51554461  264.52898922  251.14460142
  250.85609984  266.61156982  283.36736317  260.20150894  259.84801259
  254.98433372  256.75198037  278.8146378   267.72099455  260.02001004
  257.57913311  260.3583534   264.66831488  246.28098351  241.75226884
  248.44180182  258.92780787  273.69421443  269.94331576  252.36159177
  252.71654103  268.93346184  287.48225727  305.99928355  308.50753558
  306.52884192  298.99891614  279.44326459  260.35346217  263.26392571
  272.20968721  292.80933572  301.73973423  301.28353118  295.44629033
  285.81558559  266.98010845  248.22333135  247.13746675  250.14458956
  255.82269447  243.92485922  236.85352639  247.52266477  260.46350367
  290.76108778  297.1562333   290.57541311  291.74155705  291.2942735
  294.03167016  294.21459444  289.51570503  272.69190505  247.79356979
  241.5816066   218.61769903  231.3161507   253.59775247  257.35806953
  279.47915133  282.31818152  276.77021413  281.05582471  284.56000877
  275.81265286  272.33716848  273.7456029   270.67915709  272.28591383
  251.42128604  236.96096753  229.68568985  233.27723672  257.48979243
  264.76094085  274.12795394  273.68535868  263.71034754  264.07290532
  268.14970339  275.79418551  293.58443963  298.29097446  293.06575365
  288.33959693  275.29861251  262.16656868  267.33776941  268.05280004
  280.68657359  291.93624404  293.0182266   295.36069879  292.3116373
  287.02320031  276.72859347  270.93686238  270.37819438  271.91995459
  268.58647841  262.37875255  254.11463801  240.61753146  246.10341936
  253.77495296  259.79285023  272.9292657   277.84121212  273.23403046
  273.49494211  276.03491181  273.0673009   277.23860974  276.76716481
  275.58864     278.10632521  275.04193388  273.56612504  269.66225783
  262.49131747  267.93374645  272.01221345]
