[  4.80015763   4.80195495   4.80374005   4.80550643   4.80726109
   4.80899375   4.81071345   4.81241634   4.79710059   4.76284701
   4.72844897   4.69390622   4.65921732   4.62437868   4.58939234
   4.55426247   4.51898329   4.48355567   4.44797751   4.41225633
   4.37638307   4.34036253   4.30418953   4.26787233   4.23140121
   4.19478304   4.15801207   4.12109498   4.08402243   4.04680226
   4.00942961   3.97190874   3.93423164   3.89640489   3.87810844
   3.8856075    3.89309217   3.90058662   3.9080927    3.91560766
   3.92313058   3.93066147   3.93820586   3.94575732   3.95331861
   3.96088673   3.96846887   3.97605693   3.98365648   3.99126241
   3.99888218   4.00650695   4.01414417   4.02178873   4.02944623
   4.03710852   4.04478283   4.05246613   4.06016125   4.06786163
   4.07149004   4.06864993   4.06578397   4.06288932   4.05996781
   4.05702311   4.05405053   4.05105094   4.04802269   4.04497243
   4.0418925    4.03878723   4.0356522    4.03249496   4.02930696
   4.02609458   4.02285274   4.01872265   4.01393553   4.00913077
   4.00429994   3.99944733   3.99457289   3.98967661   3.98476227
   3.97982287   3.97233143   3.95998078   3.94758922   3.93516047
   3.92268626   3.91017076   3.89761392   3.88501806   3.8723803
   3.85969906   3.84697625   3.83421182   3.82140998   3.80856211
   3.79567244   3.78274093   3.76976751   3.75675444   3.74369892
   3.73052084   3.71729105   3.70401976   3.69071105   3.67735661
   3.66396053   3.65052274   3.64609049   3.66272982   3.67940018
   3.69610463   3.71284323   3.729616     3.74642714   3.7632684
   3.78014395   3.79705384   3.81399915   3.830981     3.84799413
   3.86504175   3.8821239    3.89918759   3.91624189   3.93332898
   3.95044995   3.96760486   3.98479811   4.002021     4.01927793
   4.03656894   4.05389407   4.07125669   4.09795749   4.15165783
   4.2054809    4.25943128   4.31350056   4.36769278   4.4220083
   4.47644728   4.53101207   4.58570114   4.64051138   4.69544564
   4.75050406   4.80568678   4.86099922   4.91643103   4.97198757
   5.02766981   5.08348092   5.13941257   5.19546951   5.25165189
   5.30795986   5.36439907   5.42095898   5.47764462   5.52861286
   5.5581357    5.58772308   5.61736574   5.64706884   5.67683245
   5.70666063   5.73654764   5.7664932    5.79649955   5.82656673
   5.8567011    5.88689019   5.91714033   5.94745157   5.97782398
   6.00826181   6.03875905   6.06931542   6.09993322   6.13061253
   6.16135999   6.19216255   6.22302681   6.25395285   6.28494306
   6.30872104   6.29696024   6.28515921   6.27331789   6.26143623
   6.24952081   6.23755831   6.22555532   6.21351211   6.20143422
   6.18930943   6.17714394   6.16493771   6.15269069   6.14040832
   6.12802742   6.11519888   6.10233151   6.08942558   6.07648649
   6.06350234   6.05047918   6.03741696   6.02431913   6.01118151
   5.99800185   5.98348939   5.95998872   5.9364264    5.91280763
   5.88912084   5.86537189   5.84156071   5.81782825   5.79421852
   5.77054076   5.74679763   5.72298905   5.69912089   5.67518117
   5.65117576   5.62710461   5.60296908   5.57877054   5.55450163
   5.53016667   5.50576557   5.48129826   5.45677031   5.4321703
   5.40750385   5.38277088   5.36050643   5.36622742   5.37194778
   5.37767167   5.38339909   5.38913421   5.39487009   5.40060811
   5.40634967   5.41209475   5.41784477   5.42360111   5.4293568
   5.43511603   5.44088131   5.44665069   5.45242053   5.4581939
   5.46397082   5.46975127   5.47554087   5.48132841   5.48711948
   5.4929141    5.49871478   5.50451957   5.50904608   5.48240186
   5.45568737   5.42890781   5.40205282   5.37512356   5.34811899
   5.32104386   5.2939005    5.26668691   5.23939956   5.21204131
   5.18461209   5.15711678   5.1295456    5.10190295   5.074189
   5.04640444   5.01855196   4.99062361   4.96262364   4.93455197
   4.90641173   4.87819812   4.84991083   4.82155152   4.7931201
   4.84641256   4.90015321   4.95400213   5.0079636    5.0620395
   5.11606256   5.17002287   5.22408929   5.27826192   5.33254087
   5.38693165   5.4414236    5.49603044   5.55072696   5.60552455
   5.66046556   5.71549691   5.77061535   5.82587272   5.8812319
   5.93667212   5.99221964   6.04791969   6.10369767   6.15956822
   6.21554648   6.23829029   6.2593471    6.28043548   6.30161166
   6.32277902   6.34397176   6.36519929   6.38652484   6.40782223
   6.4291545    6.45052169   6.47198774   6.49342504   6.51489736
   6.53646916   6.55801177   6.57958949   6.60120559   6.62291554
   6.64459895   6.66631759   6.68813721   6.70992659   6.73175131
   6.75362132   6.77557328   6.77546839   6.77314347   6.77082704
   6.76851571   6.76614653   6.7637791    6.7614299    6.75901629
   6.75658785   6.75417423   6.75175228   6.74927921   6.74679124
   6.74433104   6.74183616   6.73926101   6.73670529   6.73412802
   6.73150634   6.72886969   6.72626701   6.72361664   6.72093494
   6.71828051   6.71559145   6.71286453   6.69037837   6.66481871
   6.63915205   6.61341405   6.58761432   6.56181612   6.53589246
   6.50990688   6.48391869   6.45781193   6.43163994   6.40540579
   6.37917076   6.35281179   6.32639048   6.29990977   6.27342075
   6.2468117    6.22014005   6.1934651    6.16666776   6.13980763
   6.11289342   6.08595696   6.05890779   6.03179845   6.09616128
   6.1804559    6.26491193   6.34954465   6.43437014   6.51931206
   6.60441599   6.68971074   6.77517496   6.86076661   6.946544
   7.03250475   7.1185855    7.20482932   7.29127443   7.37787678
   7.46461153   7.55150997   7.6386265    7.72587164   7.81326285
   7.90086691   7.9886138    8.07649914   8.16454925   8.25283046
   8.39956313   8.56318753   8.72712707   8.89146579   9.05603801
   9.22092624   9.38621468   9.55174179   9.7175814    9.88386703
  10.05063814  10.21764078  10.38496809  10.55271931  10.72069843
  10.88900315  11.05763379  11.22669571  11.39598066  11.56559246
  11.73554787  11.90590905  12.07650482  12.24743441  12.4187968
  12.59037936  12.60670397  12.56684428  12.52694479  12.48685952
  12.44667615  12.40644648  12.36612961  12.32565092  12.28511364
  12.24430792  12.20312795  12.1609785   12.11865001  12.07631682
  12.03378288  11.99127137  11.94858748  11.90586971  11.86305154
  11.82011118  11.77715227  11.73407638  11.69085679  11.64762838
  11.60420281  11.56079448  11.55654486  11.56989542  11.58324668
  11.59657727  11.6099886   11.62330445  11.63673855  11.65009308
  11.66353391  11.67695399  11.69037473  11.70386053  11.71726106
  11.73077509  11.74430059  11.75772986  11.77127826  11.78474646
  11.79830159  11.8118358   11.82537064  11.83897102  11.85248546
  11.86611423  11.87965151  11.89329786  11.88503401  11.86485078
  11.84465174  11.82432891  11.80404934  11.78361396  11.7632375
  11.74281242  11.72223739  11.7016636   11.68079452  11.65988843
  11.63896633  11.61792255  11.59692061  11.57576565  11.55466782
  11.53345394  11.51222349  11.4909554   11.46958728  11.4482489
  11.42675883  11.40532398  11.38376354  11.36220632  11.33518115
  11.30446509  11.27371586  11.24291284  11.21199523  11.18108941
  11.15001882  11.11898462  11.08781113  11.05662338  11.02536133
  10.99400524  10.96264898  10.93085649  10.89908856  10.86717462
  10.83526618  10.80326558  10.77119238  10.73910921  10.70692912
  10.67465719  10.64238418  10.60995271  10.577553    10.54500951
  10.48794901  10.41153206  10.33497037  10.25831903  10.18144959
  10.10453071  10.02739026   9.95019436   9.87281772   9.79531369
   9.71769927   9.63988786   9.56201278   9.48399614   9.40576683
   9.32748012   9.24897765   9.1704121    9.09166837   9.01279544
   8.93380884   8.85462926   8.77537874   8.6959127    8.61638593
   8.53667135   8.54191902   8.62658644   8.71134606   8.79629415
   8.88129502   8.96650509   9.05184665   9.13723912   9.22284326
   9.3085258    9.39436416   9.48034237   9.56641015   9.65267282
   9.73898201   9.82550865   9.91210236   9.99888262  10.08606548
  10.17335871  10.26084742  10.34838315  10.43614709  10.52397066
  10.61199641  10.70017439  10.67835797  10.53416833  10.38971692
  10.24498597  10.10006044   9.95479385   9.80936153   9.66360301
   9.51765039   9.37141881   9.22492536   9.0782178    8.93118479
   8.78397149   8.6364308    8.48870319   8.34068313   8.19241521
   8.04392334   7.89514368   7.7461014    7.59683633   7.44725561
   7.29747997   7.14738742   6.99709398   6.93895367   7.00314378
   7.06745263   7.13181892   7.19633831   7.26089583   7.32561689
   7.39039756   7.45529819   7.52017286   7.58454828   7.64906228
   7.71365609   7.77829257   7.84307568   7.90788048   7.9728431
   8.03785075   8.10296884   8.16818382   8.23345334   8.29886603
   8.36429708   8.4298901    8.49551879   8.56127409   8.68934758
   8.91634686   9.14372322   9.37134776   9.59937981   9.827741
  10.05634522  10.28536339  10.5146437   10.74429716  10.97427046
  11.20454402  11.43520937  11.66610569  11.89743101  12.12899943
  12.36097003  12.59323947  12.82582813  13.05880257  13.29200703
  13.52565004  13.76006122  13.99513256  14.23056839  14.46625828
  14.59383313  14.51384644  14.43370996  14.3534971   14.27303664
  14.19255377  14.11181833  14.03105293  13.95008954  13.86899985
  13.78780693  13.70639369  13.62494075  13.54323362  13.46150267
  13.37955849  13.29750942  13.21536031  13.13301019  13.05053199
  12.9679473   12.88514639  12.80229847  12.71920268  12.63607464
  12.55273712  12.54374965  12.70884408  12.87413046  13.03974466
  13.2054951   13.37160324  13.53787378  13.70444808  13.8712583
  14.03828059  14.20562741  14.37319284  14.54094547  14.70903792
  14.87725477  15.04584474  15.21458866  15.38364495  15.55293759
  15.72243998  15.89227759  16.06223125  16.2325689   16.40304079
  16.57385859  16.74488529  16.88310931  16.92572158  16.96825832
  17.01098165  17.05375719  17.09644223  17.13932197  17.18213218
  17.22509476  17.26806643  17.31107582  17.3542096   17.39726543
  17.44051113  17.48367116  17.52701441  17.57033719  17.61372693
  17.6572131   17.70064898  17.74426234  17.78778083  17.83149951
  17.87527105  17.91895433  17.96282397  18.02965079  18.18169178
  18.33399651  18.48641318  18.63917849  18.79200808  18.9452118
  19.09853296  19.25212047  19.40594352  19.55990572  19.71420882
  19.8685688   20.0233125   20.17815254  20.33329586  20.48870222
  20.64356457  20.79802883  20.952712    21.10751033  21.26264077
  21.41779795  21.57333304  21.72893731  21.88483289  22.01086487
  21.98958568  21.96837915  21.94694775  21.92565173  21.90415817
  21.8827456   21.86123441  21.83966054  21.81814014  21.79651224
  21.77478597  21.75313052  21.73125226  21.7095067   21.68756533
  21.66570297  21.64374239  21.62171908  21.59973879  21.57755479
  21.55549278  21.53321863  21.51105719  21.48876278  21.46644059
  21.44568462  21.43561432  21.425664    21.41567657  21.40550418
  21.39546876  21.38523989  21.37513899  21.36492292  21.35469581
  21.34449223  21.33413907  21.32390446  21.31346859  21.30317691
  21.29274455  21.28233539  21.27191487  21.26137974  21.25094497
  21.2403098   21.22981767  21.21929677  21.20857584  21.19799746
  21.18727914  21.18199483  21.23699852  21.29197793  21.34714752
  21.40220653  21.45565785  21.50554676  21.55555129  21.60548065
  21.6554997   21.70560881  21.75564198  21.80579153  21.85599642
  21.9061422   21.9565021   22.00676742  22.05715026  22.1074555
  22.15785175  22.20833936  22.25874862  22.30927615  22.35985955
  22.41038181  22.46104097  22.51086872  22.53967509  22.56833721
  22.5970725   22.62588116  22.6545904   22.68340034  22.7122474
  22.74101286  22.76989764  22.79878303  22.82777902  22.85662885
  22.88555257  22.91455038  22.94344741  22.97244618  23.00148237
  23.0304358   23.05950983  23.0885843   23.11759421  23.14680871
  23.17592149  23.20510908  23.23419451  23.26338275  23.30497013
  23.34654127  23.38824511  23.42995996  23.47163659  23.51353542
  23.55534162  23.59723442  23.63903397  23.68094859  23.72291214
  23.76480084  23.80682417  23.84885838  23.89083632  23.93296864
  23.97507339  24.0173332   24.05943049  24.10164441  24.14390768
  24.18609442  24.22841768  24.27075158  24.31302786  24.35546075
  24.37894052  24.40160039  24.42407773  24.44665597  24.46926674
  24.49178261  24.51441925  24.53704922  24.55960366  24.58229884
  24.60494795  24.62755084  24.65034417  24.67305189  24.69579236
  24.71843703  24.74120344  24.76396306  24.78664642  24.80947167
  24.83225037  24.8549824   24.87790642  24.90074403  24.92361459
  24.94638848  24.9817781   25.01843777  25.05503212  25.09178149
  25.12849556  25.1651741   25.20200824  25.23877662  25.27572132
  25.31248891  25.34939259  25.38630097  25.42255807  25.45883109
  25.49506611  25.53126289  25.56761522  25.60389866  25.64035863
  25.67663684  25.71305079  25.74946727  25.78581414  25.82231785
  25.85878279  25.89520872  25.93780413  25.98127531  26.02493079
  26.06840722  26.11202662  26.15565387  26.19921571  26.24294205
  26.28663428  26.33029212  26.37411517  26.41787226  26.46163683
  26.50557792  26.5494845   26.59339868  26.63724602  26.68126013
  26.72523921  26.76918298  26.81329422  26.85733808  26.90138917
  26.94561922  26.98981384  27.0340158   27.07149466  27.10768579
  27.14383457  27.17994076  27.21621011  27.25240435  27.2885992
  27.32405881  27.3593044   27.39475528  27.43000801  27.46542266
  27.50079173  27.53611498  27.57160073  27.60700772  27.64241263
  27.67795859  27.71340339  27.7490558   27.78450742  27.82012276
  27.85569177  27.8912142   27.92690091  27.96250771  28.00065776
  28.03968011  28.07860219  28.11756891  28.15666991  28.19577112
  28.23482753  28.2738389   28.31301882  28.35211993  28.39122081
  28.43046831  28.46961396  28.50880459  28.54813105  28.58745747
  28.62673826  28.66597317  28.70537861  28.74470395  28.78402883
  28.823502    28.86287176  28.90228684  28.9418439   28.98151613
  28.98476311  28.97474931  28.96487219  28.95487867  28.94484929
  28.93493341  28.92487828  28.91483324  28.90487856  28.89476184
  28.88485004  28.87470753  28.86470104  28.85457853  28.84442024
  28.83437487  28.82419075  28.81401658  28.80393231  28.79368658
  28.78364483  28.77337324  28.76323701  28.75298516  28.74269757
  28.73252235  28.73910217  28.75327167  28.76754833  28.78168134
  28.79588731  28.81016635  28.82447285  28.83866973  28.85284831
  28.8671572   28.88134488  28.89555998  28.90988268  28.92406111
  28.93831281  28.95263787  28.9669905   28.98123304  28.99545717
  29.00981217  29.02404543  29.03830622  29.05267505  29.06689899
  29.08119649  29.09556766  29.12104703  29.15291162  29.18459723
  29.21642688  29.24814643  29.27990605  29.31180344  29.34397924
  29.37624251  29.40859347  29.44081115  29.47327966  29.50556808
  29.5380028   29.57032704  29.60269252  29.63518133  29.66753582
  29.69997854  29.73250972  29.76490611  29.79742626  29.82998801
  29.86263862  29.89514211  29.92768713  29.90359094  29.84203857
  29.78050555  29.71899143  29.65727322  29.59560898  29.53391639
  29.47224183  29.41035261  29.34843515  29.2865702   29.2245033
  29.1624541   29.10042213  29.03818919  28.97600781  28.91379742
  28.85140988  28.7891981   28.7267639   28.66437979  28.60179686
  28.53922997  28.47667864  28.41392948  28.35122945  28.35383383
  28.4076658   28.46175586  28.51571177  28.56980293  28.62378167
  28.67786196  28.73204418  28.78611317  28.84031816  28.89458003
  28.94875062  29.00318349  29.05747923  29.11191215  29.16623007
  29.22065088  29.27517494  29.32958318  29.38412938  29.43873295
  29.49324306  29.54791499  29.6025979   29.6574318   29.71208982
  29.7086765   29.65088772  29.59289898  29.53496688  29.47700959
  29.41876971  29.36059544  29.30235007  29.24417178  29.18573838
  29.12732612  29.06893454  29.01034643  28.95181319  28.89325463
  28.83452319  28.77586857  28.71714319  28.6582683   28.5995706
  28.54067839  28.4818053   28.42273864  28.36372458  28.30468458
  28.24547419  28.30019684  28.48184055  28.66350856  28.84552763
  29.02752575  29.20971818  29.39188689  29.57428469  29.75683173
  29.93937561  30.12217426  30.30507536  30.48799471  30.67119537
  30.85444997  31.03798879  31.2214102   31.40506744  31.58887567
  31.77267327  31.9567338   32.1408957   32.32506978  32.50953477
  32.69404977  32.87640802  33.03924752  33.17792846  33.31646     33.4546798
  33.59322665  33.7318391   33.87025134  34.00899391  34.1478021
  34.28642024  34.4253451   34.56419981  34.70314617  34.84228023
  34.98135634  35.12046951  35.25979934  35.39909753  35.53837686
  35.67790246  35.81721246  35.95686822  36.09658961  36.23609209
  36.37594364  36.51586083  36.60436674  36.61174911  36.61913076
  36.6262384   36.63360414  36.64082525  36.64807434  36.65545222
  36.66269976  36.66991771  36.67729334  36.68456736  36.69175413
  36.6991275   36.70642805  36.71358359  36.72023929  36.72622664
  36.73250145  36.7387752   36.74475911  36.75103066  36.75730114
  36.76329607  36.76954991  36.77565815  36.77995704  36.78085949
  36.78162842  36.782365    36.78325719  36.78404476  36.78474214
  36.78562407  36.78643028  36.78708846  36.78796013  36.78853912
  36.78940396  36.79026538  36.79083407  36.79168865  36.79253981
  36.79311267  36.79394253  36.79478345  36.79537495  36.79616561
  36.79686603  36.79753407  36.7983579   36.79907699  36.80686965
  36.83165067  36.85636621  36.88094358  36.90574543  36.93051071
  36.95507938  36.97990205  37.00444055  37.02927703  37.05412053
  37.07869381  37.10353653  37.11708006  37.10084242  37.08479859
  37.06865657  37.27848085  37.87185076  38.46536784  39.05904252
  39.28612131  39.08986814  38.8933743   38.69702292  39.01568175
  39.74261704  40.47012203  41.19761116  40.66426816  39.45520408
  38.24533073  37.03521489  36.72913184  36.73274123  36.73655107
  36.74040228  36.94983738  37.19923758  37.44871048  37.69819609
  38.47341332  39.28744082  40.10165173  40.88842374  40.58666486
  40.28455139  39.98257664  39.6053719   38.66928065  37.73308214
  36.79620442  36.26661971  37.25172743  38.23699586  39.22288428
  39.95867159  40.12459797  40.29074804  40.45693246  39.93260052
  38.36740695  36.80147021  35.23473015  34.3391504   34.13587425
  33.93232142  33.7289075   34.35607765  35.57083176  36.78635633
  38.00210928  37.61199008  36.4641007   35.3154834   34.16657898
  33.55369058  33.09787392  32.64199478  32.18598434  32.86989599
  33.72989809  34.59042981  35.45181436  36.43477629  37.42319961
  38.41186632  39.2768106   37.93505339  36.59240664  35.24941353
  34.24630804  35.22359881  36.20135526  37.17931449  38.08545972
  38.76288562  39.44038964  40.11835554  40.53669499  40.43575903
  40.33486834  40.23395869  39.9584269   39.44905208  38.9393899
  38.42927529  38.60002306  39.39792259  40.19590253  40.99454465
  41.72322193  42.40768261  43.09278622  43.77790946  43.73071029
  43.3804701   43.02980786  42.67915115  41.86231967  40.92902906
  39.99540587  39.06145891  38.68084475  38.36551069  38.05011896
  37.73436923  38.09632553  38.46650161  38.83656843  39.15977723
  38.95103393  38.74257341  38.537193    38.39551974  38.55601203
  38.71664705  38.87714887  39.29228752  40.40080762  41.5098242
  42.61964027  43.10182035  42.47619527  41.85019736  41.22389023
  40.79064064  40.58903521  40.3872767   40.18509527  40.55038405
  41.38228307  42.21437768  43.04732897  43.4713337   43.66718749
  43.86350398  44.05967808  43.66756654  43.06386203  42.45954318
  41.85493373  41.71462443  41.66974064  41.62485428  41.58008035
  40.06669856  38.42921921  36.79084071  35.16932551  34.65638457
  34.14310825  33.62923039  33.31332019  34.60711055  35.90144127
  37.19687043  38.46921733  39.64952847  40.83066591  42.01233755
  42.68045199  42.12980966  41.5766248   41.02318425  40.6898296
  40.7002681   40.71067479  40.72124308  40.38339678  39.67406164
  38.96435294  38.25396777  37.73207814  37.34807443  36.96357402
  36.57916534  37.00994964  37.84121553  38.67320137  39.50541074
  39.86994654  40.09018052  40.31034818  40.53065532  41.00340073
  41.51814821  42.03312039  42.54851828  41.7640964   40.91255481
  40.06056751  39.20389815  38.26261896  37.12511906  36.17123245
  35.42073772  36.52033802  37.69157536  38.71531381  39.5830299
  39.51398341  39.4615898   39.5038709   39.60876029  39.65802794
  39.77613647  39.68631171  39.85068827  40.18812829  40.40465607
  40.72372367  40.60296     39.68482244  38.92338441  38.08039242
  37.81967356  37.80900355  37.77520104  37.95014767  37.67999435
  37.25739558  36.93746889  36.7694424   37.93358978  39.42438763
  41.06937607  42.66081965  42.9882432   43.47889292  43.60997935
  43.74133576  43.23606034  42.71746014  42.19866111  41.71393676
  41.67077935  41.62760218  41.3064808   40.89502201  40.18948231
  39.48724893  38.84741977  38.49215667  38.82074132  39.1587117
  39.73488746  40.51001075  41.85557651  42.92416868  43.99304717
  43.82953671  42.79261023  41.926458    40.97358345  40.3680657
  39.44136677  38.51431779  37.57261929  37.26859402  37.70874844
  38.12116562  38.80467125  39.96742951  41.03414687  42.1014789
  43.05681767  43.01622148  42.91204119  42.85338422  42.8851937
  43.42211301  44.02126836  44.62048235  45.21835404  45.57390969
  45.92996428  46.28615856  46.58630885  46.39004217  46.19369217
  45.9969116   45.90208078  46.22865375  46.55503976  46.88069183
  47.06203649  46.9073547   46.75268831  46.59835234  46.4796471
  46.41932282  46.35899444  46.29866196  46.01226584  45.47615436
  44.93967839  44.4032046   44.26158624  44.42000135  44.57840972
  44.73715041  44.75933375  44.71183564  44.66433356  44.61682752
  44.69563328  44.81566635  44.93551498  45.05526761  43.67186247
  42.02020877  40.36857689  38.71713772  38.40705466  38.17941875
  37.95178267  37.73190014  37.72299786  37.71419757  37.70548418
  37.75130303  38.16701748  38.58272043  38.99841175  39.313828
  39.27941628  39.24473299  39.21017351  38.8492649   37.77556258
  36.70169586  35.62795146  34.86304675  34.54383814  34.22457818
  33.90526695  33.64635416  33.44738493  33.24811166  33.04880515
  33.80972979  35.22033922  36.63115068  38.04242433  39.11298165
  40.03052885  40.94820459  41.86600855  42.69645129  43.50304642
  44.30965403  45.1162497   45.66300136  46.17331344  46.68369324
  47.19431227  46.22462618  45.20925868  44.19374105  43.20054141
  42.53725072  41.87394561  41.21070577  40.60456386  40.30640473
  40.00819878  39.7099461   39.51407399  39.62468692  39.73500625
  39.84533628  40.17921243  40.93929845  41.69948537  42.46011775
  42.7535264   42.44656363  42.13955338  41.83249576  41.44763394
  40.99413183  40.54089236  40.0872525   40.87655437  42.41242442
  43.94849893  45.48477741  46.97832997  48.454718    49.93130034
  51.40807649  51.12246232  50.42768324  49.73288512  49.03771133
  47.00443358  44.83069416  42.65669986  40.48245139  41.45471623
  42.43144172  43.40815507  44.39291016  45.45606661  46.51933826
  47.58289995  48.51225073  48.85135833  49.19049839  49.52967081
  49.43216646  48.20567176  46.97922226  45.75233456  44.81447168
  44.36392897  43.91333129  43.46269664  43.41434204  43.82669787
  44.23909386  44.65152989  45.64333084  47.09182325  48.54086683
  49.98967508  50.9060672   51.53915829  52.17231173  52.80552732
  53.28460137  53.7107211   54.13685828  54.56303471  54.15115322
  53.57956312  53.00823393  52.43661497  52.19548115  51.97789739
  51.76028473  51.535675    51.058981    50.58218524  50.10514417
  49.7174872   49.98369931  50.24993324  50.51633509  50.83185981
  51.32727101  51.82272717  52.31822813  52.30240729  51.13324854
  49.96423749  48.79475097  47.87810442  47.3397767   46.80139338
  46.26295461  46.27192939  46.84068772  47.40949321  47.97834567
  47.66781708  46.73988063  45.81223456  44.88411038  45.04315425
  45.71154735  46.37999574  47.04849919  48.21005672  49.51494007
  50.81987458  52.12491996  51.82604732  51.28295349  50.73980558
  50.19700122  50.74413834  51.33516116  51.92623002  52.50335441
  52.83908312  53.17516792  53.51105682  53.40085187  50.73544714
  48.06980662  45.4039312   43.28844386  42.89629252  42.50393993
  41.78731118  40.93994854  41.24274946  41.76399178  42.36046464
  44.08331048  45.99823286  47.81027543  49.99817418  51.14002191
  51.95518716  52.81380449  53.08196357  51.49101026  48.93057425
  45.7610017   43.70625814  41.90477093  40.52494348  39.60901813
  37.98933985  39.96823479  42.68240559  44.94641588  47.79017604
  48.42196236  48.60514711  49.09879121  49.5350854   48.53121587
  47.54034879  46.55964569  45.3908358   42.10941712  38.97677349
  35.85765532  33.52727544  34.99397564  36.44083446  37.85721434
  39.75232909  42.99365836  46.16865123  49.34966261  51.1265349
  50.36957567  49.61267055  48.8936741   47.79986862  45.86354878
  43.89036024  41.91704217  40.01292371  38.16552525  36.31768491
  34.46972547  35.61615058  38.41709587  41.21820919  44.01986331
  46.80852563  49.59279521  52.37722802  55.16182312  54.16886466
  52.40808219  50.64677261  48.88533014  48.99447165  49.25646543
  49.51855253  49.78057544  50.03024123  50.27949427  50.52875842
  50.60681743  49.31848314  48.03005687  46.74187798  45.50135939
  44.44723505  43.39303592  42.33876237  42.15516108  44.02067101
  45.88620067  47.75171461  49.46076269  50.92673121  52.39278811
  53.85914029  55.38256253  56.96623595  58.55000319  60.1338637
  61.34061163  62.27280847  63.20533134  64.13750468  63.81353333
  62.87644306  61.93928787  61.00209426  59.30622277  57.37768425
  55.44902218  53.5202372   53.01112769  52.7344332   52.45816717
  52.18142531  50.64100403  49.03782994  47.4345559   45.80325107
  43.59561377  41.38748626  39.17920734  37.49377435  39.03026002
  40.56682913  42.1037535   44.05631261  47.37671354  50.69729599
  54.01857518  56.37853207  56.75527111  57.13198846  57.50850904
  58.1792785   59.25645393  60.33370917  61.4112298   61.71586973
  61.28745839  60.85900564  60.43051163  59.20950367  57.47508578
  55.7408582   54.00606447  53.85651831  54.38541099  54.91433837
  55.44330027  54.8840777   53.89163785  53.1585143   51.99566597
  51.29163376  50.52317698  49.87749248  48.9803937   47.5426854
  46.40840986  44.99656986  43.81021582  43.36809712  42.62947677
  42.07359356  41.35780395  39.13389332  37.1585772   35.12368092
  33.4073352   33.24073278  32.96235259  32.75108928  33.06025097
  34.53796134  36.06371605  37.51387959  39.79508595  42.63211431
  45.4683931   48.30449387  50.53835539  52.26326661  53.9881291
  55.71294218  56.90910276  57.80109838  58.56373216  58.95030238
  59.08226405  59.31892077  59.6689988   60.34395936  61.18386201
  61.46928442  61.67757242  61.90259113  61.11968312  60.25190523
  59.38414392  58.5227517   58.36469865  58.20569459  57.72669068
  57.89460782  59.53529866  61.01432097  62.49305157  63.6218279
  63.31500907  63.00820079  62.70140318  62.39838674  61.82009332
  61.81036535  61.51664567  60.81763547  59.29924968  58.22819203
  56.65349525  56.40735635  57.68568277  58.66324317  59.6406523
  59.41674189  58.01903004  56.79885893  55.71845199  55.4504137
  55.42826636  55.29583806  55.16341125  54.1812093   52.86756888
  51.29477827  50.32557328  47.89197576  45.14497254  42.39815435
  39.6511868   40.22630857  40.99921287  41.772057    42.62080611
  45.43333651  48.24559399  51.05786602  53.64201812  54.7099297
  55.77775637  56.84498977  57.86585428  58.72469606  59.58346661
  60.44216558  61.20175131  61.75043278  62.2991832   62.84786545
  62.8372695   62.02522795  61.2129961   60.40126203  60.84807521
  62.53096836  64.21366674  65.89557802  67.28142234  68.46808112
  69.65459795  70.84097236  70.9210703   70.50849281  70.09623918
  69.68402257  69.00245687  68.24723593  67.49154506  66.73651506
  65.86711644  64.98200152  64.09697943  63.21156572  63.49547351
  63.81299075  64.13046237  64.32389433  62.74895537  61.17403571
  59.59966061  57.62884289  53.56010137  49.49183226  45.42362592
  41.30816508  37.05050722  32.79335092  28.53669786  25.88684411
  26.27549801  26.66418375  27.05281901  29.37089563  34.15112253
  38.93050487  43.70956499  47.51582076  50.4689804   53.42177202
  56.37512679  57.80678733  58.32959585  58.85236769  59.37510264
  60.30295302  61.38860954  62.47449929  63.56031959  64.12823183
  64.57706557  65.02527112  65.47403127  65.73804683  65.983084
  66.22782525  66.47223074  66.05010581  65.62799631  65.20590241
  64.77935429  64.30905973  63.83937719  63.36971382  62.38670603
  59.17578193  55.9646601   52.75401281  49.49992462  46.13390469
  42.76808713  39.40238284  35.85043879  31.98737899  28.12455879
  24.26197981  23.20327396  25.33647587  27.4697504   29.60288315
  32.94039857  37.22007398  41.4992535   45.77814438  49.39409999
  52.65991102  55.92549699  59.19082918  61.73366882  64.03361528
  66.33339674  68.63301223  69.05038403  69.11236521  69.17249191
  69.23239797  70.13740938  71.10119877  72.06460485  73.02483978
  73.88871152  74.75244696  75.61604574  76.47372949  77.28886789
  78.10458516  78.92017138  79.45797632  78.98536561  78.51233897
  78.03959418  77.6766431   77.55853553  77.4404344   77.32223177
  77.86409718  79.38720915  80.91008122  82.43271279  82.55468735
  81.25240804  79.9510078   78.64983095  78.12222144  78.13354628
  78.14452953  78.15542641  79.18913638  80.69765239  82.20592539
  83.71395479  84.23308793  84.46787195  84.70221959  84.93651492
  85.08074527  85.21085138  85.34132068  85.47195484  85.95132415
  86.44395466  86.93628343  87.38690544  87.15093386  86.91499041
  86.67907518  86.45869886  86.32541899  86.19296285  86.06051718
  86.09059885  86.62545793  87.15979695  87.6946412   87.15171316
  84.48789246  81.82452994  79.16087941  77.87086011  78.39761123
  78.92425711  79.45079754  81.02316708  83.5450165   86.06674699
  88.58801283  89.42479479  89.21889783  89.01226595  88.80646065
  87.68666075  86.19569695  84.70499047  83.21387076  81.53342179
  79.80718573  78.0812525   76.35562277  78.89682288  81.92313356
  84.94947171  87.97534871  87.4541351   86.90225488  86.34962178
  85.73485745  84.44046729  83.14625866  81.85223211  78.38015417
  70.23240352  62.9573012   55.77366848  52.0328515   55.72831868
  58.60263519  62.30021021  63.35163869  63.93909277  64.63653426
  66.81212751  70.34626173  73.22538225  75.30573502  72.97689712
  70.56374592  69.72400284  66.44610017  68.99637975  66.63758416
  67.90022732  70.15369009  67.10443752  68.85413906  68.13101929
  64.59088343  65.76121309  66.71010113  65.07809376  67.53450911
  69.11020315  69.11592423  71.47744483  74.20853193  75.48126003
  74.56243574  75.54150276  75.11900346  74.77356898  76.66760339
  78.15480752  79.36857237  80.19151627  79.06256538  78.25208111
  77.48209873  77.25849313  76.71329123  74.79668662  73.32448534
  71.42042823  69.5646259   67.66780058  65.72587172  62.59975248
  59.51640938  55.78035463  51.90650084  51.19061663  51.99392464
  53.06795297  53.56813252  55.79170274  59.38602356  62.55556419
  66.68304836  68.77959824  69.66866101  69.98243156  70.76393902
  71.51000056  72.18461094  73.04159824  74.22837462  75.77067901
  77.78106531  79.79608753  81.01461973  80.82515796  80.21208807
  79.59935376  79.05392478  78.91486843  78.77582416  78.6364282
  78.67277123  79.29004641  79.25404524  79.9673873   80.67599245
  80.00716805  79.37865768  78.758355    77.53796484  76.67890704
  76.40851204  76.0808428   75.89915853  75.85720458  75.6407045
  75.29937588  76.01451505  77.96532228  79.74079543  81.95701842
  83.39322211  83.45733783  84.34218988  85.12169563  84.48052851
  82.45750132  80.5672087   78.72130567  78.58509249  77.9764222
  77.9038174   77.80897562  78.61821766  80.25890918  80.98243923
  81.5173419   81.0488862   80.06263459  79.08846088  78.89747471
  78.35150699  78.34716729  78.88153745  78.54685986  79.01702738
  79.48646442  79.32822054  79.54480201  80.37515222  81.64454692
  83.15956319  84.79185377  85.62078815  86.22327651  86.8254877
  86.69816397  84.97004985  84.03241835  83.09008493  82.62597175
  82.67108179  82.61351123  82.34718237  80.71200881  78.80181816
  76.75097001  74.75655887  74.69276686  75.09911336  75.66259266
  76.19737442  77.05901932  77.6858297   78.20686878  78.72739484
  78.83925412  79.57951931  79.60000462  80.06339652  80.60421104
  81.4347152   82.35581605  82.72668975  82.36027747  81.99400509
  81.6278728   81.50840142  81.98898151  82.469326    82.94944729
  83.45998644  84.01916556  84.57807257  85.13673751  84.61128166
  82.90239086  81.19590657  79.49020531  78.05674448  77.74901873
  77.10636926  76.46401968  76.52451819  76.93908966  77.35347119
  77.76773824  78.68519271  79.76233992  80.83902366  81.91532741
  82.79918645  83.64936788  84.49918068  85.3486991   85.57522652
  85.7658172   85.95632796  86.09948935  84.71592892  84.05738106
  83.03696785  82.22365913  82.7639449   83.30398277  83.84382873
  84.58439123  86.01312516  87.44123693  88.8688039   89.09949077
  86.55063828  84.3528847   82.09967983  79.08639182  75.75667128
  72.28303993  68.91112436  69.20791287  72.93841578  76.29059125
  80.05349184  81.91295307  82.61511581  83.21420373  83.68254438
  82.18030408  79.46244255  77.78762002  75.6343051   75.85446356
  74.20216934  73.95614779  74.02405882  72.5822758   75.65054396
  77.48446181  78.61882809  80.68002528  80.00568144  77.65017366
  74.40668199  72.33408606  72.63559764  75.18131521  75.38516528
  74.88689716  71.16291071  70.04406241  72.58576463  72.46908832
  75.6078963   72.62165358  72.81325125  73.7473693   72.65759517
  75.16840585  74.97853047  75.47977943  75.57485806  76.53459401
  77.73632224  79.17905895  81.33245784  82.08293685  83.06837758
  84.37647253  86.27751302  88.866035    88.59867857  85.3993489
  83.8465339   81.37454093  78.32458568  77.63962742  74.88266201
  71.73289634  70.02961653  68.01617516  65.69432733  67.40260169
  72.1299583   76.28382718  77.02257855  78.56945507  75.73381934
  75.27378156  77.46576822  76.48212266  78.69024672  78.37176873
  78.7064071   75.27991214  72.80526112  72.94743073  73.15979664
  74.1602329   73.94717369  71.32519318  69.45636536  69.51957907
  69.23370258  68.4848538   70.10219324  71.48883228  72.38314265
  75.34424907  74.69648926  70.83764976  68.56728409  64.88780847
  60.86596389  60.47924212  60.09992983  60.4439361   61.74271307
  63.01941389  64.28739919  65.04134079  64.71901815  63.37763633
  59.94236084  58.88142839  58.54327645  59.41202812  61.59574701
  63.76492802  65.68707542  67.75579301  69.72904989  70.68685924
  70.28101266  72.5061935   75.5162077   79.5628767   83.33774818
  83.15817366  82.98664633  82.51226257  82.55123563  82.0928204
  80.06669917  77.64748589  74.33729923  72.06028424  70.18266807
  68.71230287  69.86750816  72.87801933  75.148011    77.75466944
  79.4115419   79.38500653  80.53497922  80.23906968  79.21553153
  79.13482378  78.95603246  79.45876256  77.04048196  73.24839712
  69.33300754  64.81237706  61.10713304  57.94775546  54.56548859
  51.69625205  55.19899595  58.68975276  62.23980402  65.95235028
  69.0704436   71.63364939  74.61156008  76.75342612  77.24135997
  78.09390332  78.76623049  78.70901871  77.19053602  75.82698886
  74.00942933  74.10267913  76.53237701  78.73542741  81.44604084
  83.00662205  83.4726063   83.78924634  83.89779766  84.46460418
  85.12293114  85.80697862  86.23718049  87.25856541  88.54762246
  89.97481092  91.45511375  89.98402246  88.36392677  87.02947503
  85.92014007  85.54652066  84.92391291  84.40380852  83.900189
  83.13549724  82.55596809  81.49377503  80.52359372  80.51672796
  80.5098247   80.50289764  80.75108773  82.15988984  83.56786702
  84.97501848  85.09555117  81.80170382  78.50969758  75.21954712
  72.8181865   71.9475063   71.07729708  70.20758739  70.84444614
  73.24535215  75.64485969  78.04301654  79.19779515  79.35174166
  79.50557196  79.6593545   79.79266238  79.91477821  80.03679552
  80.15880177  81.02652022  82.15467393  83.28214619  84.40903356
  83.74937707  82.73524593  81.72167872  80.708755    80.14231717
  79.61095964  79.07990611  78.5475319   77.93893008  77.33065591
  76.72274971  76.34036489  77.69854319  79.05600819  80.41271259
  81.75725158  83.05785693  84.35767058  85.65677642  85.95416661
  83.93684895  81.92068688  79.90577461  79.22717147  80.59116334
  81.95432101  83.31666799  84.20953692  84.61157866  85.01336626
  85.41495466  85.30820998  84.83700645  84.36608654  83.89544506
  83.96931692  84.30439927  84.63930522  84.97397044  84.77874402
  84.42460293  84.07064273  83.71696211  83.10899025  82.46644383
  81.82416473  81.18206171  81.34859928  81.55231248  81.7558719
  82.03698794  83.81062536  85.58357293  87.35571916  88.57368457
  86.47021141  84.36750345  82.26572709  80.98032046  82.33133445
  83.68172668  85.03155934  86.16890468  86.87493537  87.58062696
  88.28597832  88.51906556  88.10868066  87.69843272  87.28840512
  86.19738868  84.46960818  82.74247323  81.01609351  80.07813164
  79.64310133  79.20831695  78.77364579  78.58761886  78.5061019
  78.42465158  78.34320697  79.06255468  79.98504103  80.90732649
  81.82941153  82.29034666  82.69475864  83.09897483  83.50313382
  83.09278106  82.66946805  82.24627952  81.97330872  83.48374138
  84.99383276  86.50356283  87.93230999  88.97052458  90.00853371
  91.04621824  91.68293347  91.20536276  90.72795623  90.25060969
  89.10951993  86.78851588  84.46847511  82.1495215   81.93548259
  84.27750147  86.61844443  88.9229999   86.14379346  74.01617984
  58.84968618  45.79095223  36.83514724  31.093596    29.9324241
  23.91614825  21.34828737  22.05760592  21.34006117  21.68897794
  22.42760719  22.99603721  26.83731419  28.30048105  36.59333917
  38.2999818   47.38970049  62.22721914  69.29134968  74.44093039
  73.23641287  60.87974278  50.59468628  54.14491512  44.95312177
  44.7084447   51.56891769  42.72417015  44.62702328  51.27430129
  43.77689979  45.10412107  52.70158914  50.60593483  49.77997481
  53.33460942  55.40457207  50.00511325  52.83666883  58.21538166
  58.38993174  58.6908953   60.80684549  62.25007816  63.3250542
  65.41004626  66.92851157  67.72193578  68.66054253  70.52977548
  69.81195543  68.90502298  70.37912261  71.65251276  69.21272307
  68.43158595  67.84843754  72.28435478  73.59772484  72.33765363
  72.90819414  74.06253646  76.59475626  75.82954274  75.89059686
  77.92839328  81.92586794  84.61678968  84.47006133  84.07016544
  83.73978323  85.67525149  85.27459248  84.93071141  84.96085215
  85.50333951  86.63228513  85.21659701  83.51493821  82.88760974
  82.37263307  82.73251891  82.97799305  81.50047742  81.29952441
  81.58774893  82.05362218  83.08913464  83.31989673  83.54264458
  83.7651621   83.98761747  85.20779892  86.69516382  88.18184167
  89.66771055  89.70231222  89.54238987  89.38259469  89.22281936
  88.2017133   87.15942699  86.11793655  85.21841928  86.23661616
  87.25435987  88.2715794   89.04995069  88.59709404  88.1443584
  87.69185074  87.44181038  87.78109034  88.12019326  88.459046
  88.68247728  88.69062461  88.69879442  88.70686246  88.12513803
  86.80196916  85.4794316   84.15746104  83.3091472   82.87014039
  82.43126723  81.99259689  82.07877955  82.47321107  82.86739445
  83.261329    84.09647758  85.10001242  86.10311137  87.10558142
  86.85228881  86.31735048  85.78260289  85.24816764  84.8819156
  84.53247846  84.18308221  83.83577323  84.01775797  84.19794841
  84.37786537  84.54764167  84.62421794  84.70062958  84.77700752
  84.83652866  84.82442792  84.81241837  84.80029716  84.97400829
  85.61606476  86.25775579  86.89912075  87.62179873  88.47904839
  89.33569316  90.19191665  90.34638558  89.71269992  89.07940004
  88.44635843  88.22932937  88.33317513  88.43701183  88.54073018
  88.57451684  88.57200353  88.56941305  88.56688401  88.79517062
  89.10071744  89.40606493  89.71117173  89.5841266   89.37778336
  89.17155818  88.96534026  88.67023475  88.36942933  88.06869417
  87.78481161  88.00558163  88.22625963  88.44671815  88.58675811
  88.16621237  87.74587677  87.32568238  86.89135212  86.40614501
  85.92111006  85.43632166  85.05506425  84.90137829  84.74771596
  84.59407748  84.61579652  84.89412351  85.17226284  85.45030471
  84.96622661  83.71783553  82.47004731  81.22298314  80.77495708
  80.87615638  80.97716867  81.07814946  81.94850104  83.17045199
  84.39177005  85.19245462  85.49142058  84.99097573  84.17283217
  83.96661772  84.59421366  85.3578156   86.12098266  86.883738    87.1934355
  87.49550703  87.95254993  88.26024099  86.7183757   85.00887238
  83.12982308  82.00326483  80.53136101  79.13272502  77.51723521
  75.72445957  76.42059799  77.34950913  78.93885454  80.21607233
  80.50061272  81.45115036  82.4033266   83.40695383  84.79750902
  85.14774737  85.46890748  84.7006338   83.9203065   82.79386431
  82.22738147  81.68128324  81.14191057  82.0281005   81.46410332
  81.32555282  81.89869476  82.42100368  82.96339747  83.75127888
  83.51300364  83.22980285  82.94663333  82.76011819  82.58419607
  82.40835489  82.23263948  82.5036605   82.77690445  83.04993903
  83.29684956  83.27404418  83.25121345  83.22844834  83.02357308
  81.99783421  80.97258263  79.72940332  78.53864329  78.06286306
  77.34534449  76.67070372  76.45339342  77.03748864  77.92697747
  78.74361252  79.12425329  78.87056326  78.35560887  78.40497328
  78.97282957  79.55164634  80.43070003  81.10193358  81.27436106
  81.17735672  81.08043059  80.74168342  81.16605778  82.18287311
  83.21778809  84.6588395   85.41886923  85.71247212  86.00581629
  86.29906838  86.29706187  86.27271843  85.83739427  85.62747598
  83.95889705  82.83408684  81.98124397  81.19744265  80.82519782
  79.11247752  77.61707084  77.07012225  77.89442865  78.94987645
  79.66585244  80.07679895  80.2989713   80.55992081  81.41095644
  81.88428599  82.21398502  82.01308385  81.99908271  82.01200105
  82.20288883  82.30672477  82.33317305  82.53560605  82.73931918
  83.09609209  83.30814426  83.39410433  83.51834779  83.75865825
  84.47820972  84.92634391  85.26616459  84.64604954  84.42976813
  83.71612482  83.17086918  83.04590875  82.74515201  82.61787352
  82.5160505   82.41420241  82.34425474  82.86472633  83.38491303
  83.90473843  84.1825461   83.03161613  81.59282149  80.70980002
  79.74206735  79.26308231  78.78437674  78.30597297  78.35726492
  79.4759558   80.59397462  81.71119465  82.48508836  82.79498573
  83.10467236  83.4140766   83.91137113  84.583112    85.25433568
  85.46370236  85.67115655  85.95096799  86.16053627  86.51750332
  86.69318456  85.99737983  85.3548971   84.96337652  84.32132095
  83.46859905  82.8983884   82.37770145  82.02371241  81.64587355
  81.48418707  80.96259939  81.0002924   80.6012135   80.38133256
  80.37509643  81.16569207  82.22553296  82.65671558  83.92864269
  84.82151707  85.87177282  87.00200552  86.29651959  84.5889096
  83.3764318   81.63198133  81.4849401   82.10481045  82.95199039
  81.80925766  81.89071158  81.39688487  78.14275974  77.64764269
  77.2918764   77.26727334  79.81450163  78.97615091  77.02478917
  76.78439671  76.54968981  78.02395375  78.80561884  77.02842119
  75.73289551  76.55536569  77.42793978  77.96884721  77.41388185
  77.81883331  77.54194104  78.73768234  82.26172626  77.14508429
  74.75905825  70.47294752  67.26855582  71.6873278   74.52764307
  72.7143757   72.54464625  72.60659636  73.20250891  78.32984429
  80.714927    75.31539051  70.38666839  68.15808228  67.80448452
  70.14194728  74.36154913  76.45527059  74.67079733  77.45110978
  74.00832346  72.38310044  74.4737833   71.91824799  73.92065801
  74.25663404  73.34660144  72.84475287  72.1654118   70.31586172
  69.81728312  74.58672981  76.02531151  78.16092203  79.44518529
  78.73258618  77.30908601  76.3310701   74.22773583  73.8329065
  74.10108126  74.25221656  74.33317139  71.20273971  69.62363419
  66.84800845  65.77353407  63.37384496  61.15400776  57.67775777
  50.16991201  45.69563397  41.06730923  38.64555524  42.91383442
  46.41628414  51.78230167  56.92050847  59.94857403  63.76548999
  65.76148772  68.44295624  66.27871661  65.84775699  65.76492935
  65.90528878  68.52985685  69.93392831  70.40010014  70.25821759
  70.42622728  71.32555186  69.51402033  70.22600781  71.12748655
  70.31137999  73.59810576  74.5773435   74.24851356  75.56705443
  75.21354055  75.8828186   76.03230248  75.29073479  72.40655009
  70.41393551  67.57193054  66.40562152  66.40908946  67.41209575
  67.8891033   67.9010183   66.45617592  67.20642675  71.65480112
  75.05664855  77.59917826  75.92308258  75.10588164  75.35247397
  79.3615664   77.19192502  76.68596681  75.81804502  75.09270367
  77.58072167  76.79354574  76.62136574  76.18482848  74.47218299
  74.69574465  75.32279181  76.33255418  78.75666163  78.98826437
  75.50872607  73.91009049  73.79853457  73.16237712  73.84349582
  73.13755068  73.82866453  71.73699211  73.15164501  74.82937248
  73.22485854  74.1239804   72.63919864  69.90325843  68.35698566
  67.83884134  66.96713145  66.89151753  68.52743843  69.86926803
  70.6779918   70.71550262  72.57068293  73.43825521  76.03180061
  78.54177849  79.02923865  79.96967394  79.7558029   78.96120562
  77.72160019  76.36031875  75.27949492  74.45240712  73.42856315
  72.38727878  72.55436927  72.3160702   72.02604156  71.87437737
  71.60224641  72.91586483  74.87198379  76.75092008  78.46603691
  78.65056339  79.45992675  79.13092133  78.71315554  78.27665922
  78.06876624  78.65179538  79.24100105  79.94537728  80.56105706
  80.07608607  79.50292821  78.62489342  77.83976135  77.33199043
  76.67913199  75.20588821  73.84203477  71.66784421  71.02753893
  72.67551574  74.40130865  76.53423787  77.60024968  77.84468122
  78.13094713  77.64291347  77.0164006   75.99986184  74.68222086
  73.60967398  73.45727793  73.66589182  74.46222626  74.42969195
  74.97373441  75.62281716  76.26055223  77.26639625  77.6457791
  78.1031028   78.28813168  78.35622322  77.5328499   76.58237358
  75.63238401  74.40333928  72.75051147  71.34682756  69.83691486
  68.37255966  67.94963482  67.53062751  67.24481513  67.44318141
  69.3387014   71.46054575  73.23819671  74.53432488  74.37672204
  74.21920604  74.06181998  73.98801188  74.07519344  74.16216278
  74.24911708  74.40269934  74.64272486  74.82568675  74.73737847
  74.3097417   73.27244609  72.39975623  71.63773328  70.94446357
  70.44841848  69.95262933  69.45716747  68.88607187  68.28532667
  67.68496137  67.08493719  67.74272225  68.6957395   69.30666829
  70.20463619  69.88017132  69.48014886  69.38369775  68.93366167
  68.1127184   67.29103042  66.46982311  65.74054919  65.93708081
  66.13345088  66.13332263  66.16927132  66.34291737  66.48256142
  66.79148226  67.33924115  68.02173816  68.93502951  69.59714271
  70.01981089  70.25159029  70.48326193  70.64125386  70.44418526
  70.65359896  70.9079082   71.26286562  72.36612018  73.39661569
  73.98246885  75.16394501  74.84054111  73.86924202  72.8983506
  71.92786732  70.84550365  69.72495706  68.60488677  67.48529334
  66.60070258  65.76183783  64.92341319  64.08534329  66.54958649
  68.96254334  71.2436133   73.78064342  73.39353232  73.27639843
  73.37071683  73.3126521   72.30916411  71.11235664  69.91606691
  69.14761796  69.97171036  70.66160952  71.22081135  72.02261858
  73.21610428  74.00152085  74.78656197  75.43347234  75.87214111
  76.3105901   76.74881908  76.8455098   76.58964497  76.33387558
  76.07806932  75.11817316  73.65985625  72.20218567  70.74516219
  70.47552277  70.76745562  71.05923484  71.35077927  71.43034272
  71.44741696  71.46446343  71.48148211  71.42465197  71.35637577
  71.2881112   71.21985829  70.88312846  70.53509294  70.18708218
  69.79632734  68.63087335  67.46594286  66.30153644  65.4476562
  66.40119073  67.35426064  68.30686544  69.20513812  69.93217303
  70.65895641  71.38538441  71.96693835  72.25918885  72.55128104
  72.84321476  73.20479499  73.6598891   74.11470686  74.56937273
  74.46651385  73.84976075  73.23327934  72.61706994  71.51690153
  70.11241128  68.70857041  67.30533777  67.70104757  68.84146254
  69.98131177  71.12059463  71.36790954  71.39300815  71.41807395
  71.44310692  70.78893795  70.05447925  69.32031807  68.58657239
  68.72452974  68.87351046  69.02239885  69.22643307  70.05815775
  70.88945793  71.72032674  72.48462001  72.63959666  72.76512845
  72.94872511  73.19704857  73.1625693   73.18247585  73.3531028
  72.7235497   71.42136752  70.11993473  68.81912106  67.94733195
  67.58890266  67.23062995  66.87251401  66.77738288  66.89859282
  67.01972268  67.14065089  67.48249262  67.947321    68.4118979
  68.76739861  68.8312513   69.22931481  69.76759445  70.47439606
  69.98779218  69.31935249  68.65135367  67.98366887  67.6574387
  67.3601014   67.06289305  66.77156944  66.84117111  66.91071725
  66.98011608  67.02776605  66.89481777  66.76193624  66.6291215
  66.54938895  66.67829099  66.8070812   66.9357595   66.95693085
  66.72316373  66.48959429  66.25619165  66.34981369  66.9555823
  67.56091076  68.16579884  68.8288638   69.55408858  70.27873046
  71.00283309  71.08047768  70.68339177  70.28655447  69.88996592
  68.70597489  67.13533888  65.56576629  63.99723995  61.69104699
  59.15750234  56.62569585  54.09562847  54.23815176  54.82568709
  55.41279302  55.99946932  56.2616498   56.5066136   56.7513114
  57.10110156  59.73580848  62.36864894  64.99962195  67.25606891
  67.16500503  67.07398012  66.98299421  66.24936735  63.37607074
  60.50487837  57.63568614  56.07670285  57.23830289  58.39906141
  59.55897796  60.92687805  62.58471377  64.24123166  65.89666902
  66.21207317  65.24963343  64.28785238  63.32673038  62.93868864
  62.925023    62.91134322  62.8976493   63.37956481  64.07513201
  64.77017814  65.46470293  66.08753493  66.6911605   67.29432833
  67.53141261  66.70970602  65.79671336  65.24459799  64.30271566
  63.16573247  62.02523096  60.88552686  59.87503845  60.51281929
  61.15011643  61.78686499  62.54354598  63.907367    65.10833872
  66.22485147  67.0512463   66.53425288  66.05432937  65.35315971
  65.1303863   65.78631193  66.44174556  67.09673224  67.60488864
  67.93100114  68.25684886  68.58243166  67.81440628  66.11254223
  64.411867    62.71235352  61.70409065  61.09648686  60.48930489
  59.88254496  60.96217123  62.67449302  64.38552915  66.09527896
  65.42178316  64.59780803  63.89844881  63.35471191  64.47967837
  65.39769227  66.31500012  67.10916107  67.25531141  67.65609609
  68.46980533  68.83191547  68.73798546  68.64409751  68.55025166
  68.41954846  67.57049069  67.24386215  66.88873851  66.431713
  66.23269998  65.3538969   64.47572531  63.97037794  64.07109623
  64.17171264  64.27222712  64.41962633  64.61893584  64.81794818
  64.76576972  65.67127452  66.37879637  67.20875561  68.32430594
  68.39720272  67.68771866  66.89217717  66.0972106   64.23105407
  61.93264548  59.65830454  57.59523302  57.05505735  56.81390526
  56.3026359   55.84787823  55.49289066  55.18999792  55.0691913
  55.36440514  56.83025644  58.29496188  59.75852087  60.51699941
  59.66433987  59.78096148  60.19881206  60.62241611  62.40320506
  63.67299869  64.94837566  66.71082125  64.95119481  63.58379191
  62.21142454  61.65790181  62.40155227  62.09585358  62.17808805
  62.33816632  63.71526241  64.38468518  65.25214664  63.67229349
  62.27404129  64.48868674  64.02297923  66.84245674  67.51184264
  63.64167467  61.17739874  57.69203742  53.80722693  55.62373956
  56.94062699  58.56979677  57.42339912  55.72347704  54.09115552
  53.20593922  57.26784683  60.40420534  62.78459874  61.51083145
  60.84383908  61.46436819  62.64126553  65.56774339  61.26450096
  55.08609128  51.76120557  47.38015848  46.46596711  52.13091403
  54.80612258  60.12204442  66.5273126   66.47224345  60.59810357
  57.20286077  56.03943305  51.12452253  55.74601953  57.02459095
  54.47445543  58.85243411  58.50204694  56.46021621  57.43123361
  57.92430292  55.69951921  52.2752827   50.22554832  49.17238061
  49.91830618  55.05277882  52.8738852   52.19816843  48.44841102
  51.14369067  55.10350336  56.74368078  60.43844615  60.64432628
  61.73391314  62.3690717   63.88362958  63.89561249  63.15671239
  61.94804714  60.76802404  58.19455012  57.6619558   58.47016762
  59.37848598  61.87664557  62.36157869  62.1264664   61.77825602
  58.58050038  58.21963909  58.64277481  59.50325689  62.59167704
  61.31420949  60.5537055   59.90668358  58.07999984  59.34546551
  61.24766243  62.9924968   61.23036605  60.56245105  57.60260821
  53.9678781   55.8457175   56.16307502  59.35954142  61.27670972
  59.64864206  54.06116806  51.35586738  51.26839687  54.45218755
  57.83321505  52.87220602  52.23462505  50.70516564  50.5073894
  54.76252872  52.83964201  51.57461981  51.71730584  53.75636852
  56.09918602  53.5574172   53.30850067  53.92200587  55.32892722
  57.59494125  56.10550474  51.8394029   51.30776962  53.96542118
  57.24875284  60.61542383  60.79162755  60.07389062  58.41263268
  54.53695054  50.76035997  51.57161669  53.33576227  57.11908631
  58.59745865  58.01765479  56.64724951  54.64028062  50.89067239
  47.18346675  46.82238866  47.23150879  47.95917911  45.22859702
  43.70630939  45.46827956  47.93788083  53.71545976  55.45762201
  54.76906105  55.4643812   55.61785596  55.00648026  53.85165768
  51.76340019  47.92780488  43.73143777  42.91876434  39.1233644
  41.72361445  46.15421262  47.21191362  51.6759394   52.77178432
  52.7115161   54.81244338  56.82241369  56.15557074  55.57819839
  55.75755076  55.02768315  54.94745063  50.30553516  47.00948854
  45.17946836  45.82255421  51.04148519  52.97103373  55.36378621
  55.06707883  52.56472864  52.15346141  52.49901177  53.46157031
  56.29097845  56.57035134  55.16674623  54.23489584  51.74174531
  49.23494161  50.11912749  50.18898213  52.48680658  54.51378233
  54.5479523   55.82568036  56.07838012  56.13377682  55.58558536
  55.7026967   56.89529279  58.49305703  58.63230282  57.45475181
  55.82059684  52.29954443  52.57804521  52.86456838  52.60935153
  53.40499624  53.71560116  53.15609114  53.91875203  55.36147412
  55.00361369  55.69381615  55.05057269  54.26080712  53.73541659
  52.16010959  51.35155088  50.09272051  49.72598264  51.60253866
  52.93468574]
