[  12.05745082   12.06196549   12.06644945   12.0708864    12.07529391
   12.07964615   12.08396583   12.0882433    12.04977189   11.96373077
   11.87732682   11.79055933   11.70342476   11.61591406   11.52803236
   11.43979011   11.3511728    11.26218264   11.17281437   11.08308681
   10.99297726   10.90249775   10.81163527   10.7204106    10.62879928
   10.53681861   10.44445409   10.35172256   10.25860053   10.16510769
   10.07123182    9.97698367    9.88234307    9.78732657    9.74136798
    9.76020476    9.7790054     9.79783061    9.81668503    9.83556175
    9.85445847    9.8733752     9.89232587    9.91129427    9.93028737
    9.94929764    9.96834311    9.98740346   10.00649265   10.0255979
   10.04473788   10.06389044   10.08307427   10.10227654   10.12151132
   10.1407581    10.1600351    10.17933469   10.19866395   10.21800643
   10.22712059   10.21998655   10.21278759   10.20551656   10.19817806
   10.19078131   10.18331451   10.17577989   10.16817326   10.16051137
   10.15277492   10.14497484   10.13710001   10.12916938   10.12116149
   10.11309235   10.10494921   10.09457489   10.08255019   10.07048119
   10.05834669   10.04615747   10.03391345   10.02161455   10.00927028
    9.99686306    9.97804541    9.94702198    9.91589581    9.8846762
    9.8533424     9.82190489    9.79036351    9.75872416    9.72697953
    9.6951257     9.66316745    9.63110464    9.59894787    9.56667548
    9.53429811    9.50181562    9.46922787    9.43654051    9.40374651
    9.37064469    9.33741294    9.30407699    9.270647      9.23710218
    9.20345274    9.16969855    9.15856524    9.20036134    9.24223538
    9.28419507    9.32624052    9.36837183    9.41059949    9.45290283
    9.49529231    9.53776803    9.58033273    9.62298919    9.66572425
    9.70854593    9.75145434    9.7943164     9.83715487    9.88007569
    9.92308164    9.96617281   10.0093603    10.05262225   10.0959697
   10.13940276   10.1829215    10.22653443   10.29360382   10.42849296
   10.56369041   10.69920765   10.83502354   10.97114822   11.10758265
   11.24432717   11.38138773   11.51876048   11.65643757   11.79442619
   11.93272668   12.07133941   12.21027799   12.3495164    12.48906813
   12.62893557   12.76912676   12.90962069   13.05042936   13.19155313
   13.33299236   13.47476123   13.61683331   13.7592212    13.88724763
   13.96140565   14.03572578   14.11018478   14.1847956    14.25955842
   14.33448341   14.40955617   14.48477604   14.56014856   14.63567391
   14.71136803   14.7871996    14.8631845    14.9393229    15.01561495
   15.09207133   15.16867693   15.24543105   15.32233949   15.39940244
   15.47663656   15.55400908   15.6315366    15.7092193    15.78706321
   15.84679077   15.81724899   15.78760613   15.75786208   15.7280167
   15.69808653   15.66803808   15.63788792   15.60763676   15.57729846
   15.54684237   15.51628406   15.4856234    15.45486026   15.42400835
   15.39290894   15.3606851    15.32836372   15.2959455    15.26344396
   15.23082925   15.19811655   15.16530575   15.13240549   15.09940527
   15.06629947   15.02984581   14.9708148    14.91162894   14.85230125
   14.79280274   14.73314807   14.67333708   14.61372385   14.55441888
   14.49494303   14.43530298   14.37549854   14.31554444   14.25541057
   14.19511172   14.13464772   14.07402202   14.01323801   13.95227729
   13.89115062   13.82985783   13.76839872   13.70678729   13.64499488
   13.58303556   13.52090914   13.46498336   13.47935383   13.49372273
   13.5081005    13.52248713   13.53689311   13.55130099   13.56571424
   13.58013637   13.59456738   13.60901076   13.62347003   13.63792768
   13.65239421   13.66687594   13.68136795   13.69586114   13.71036321
   13.72487417   13.73939401   13.75393682   13.76847446   13.78302098
   13.7975764    13.81214706   13.82672803   13.8380981    13.77117083
   13.70406709   13.63679987   13.56934319   13.50169993   13.43386754
   13.36585788   13.29767683   13.2293194    13.16077666   13.09205584
   13.02315675   12.95409166   12.88483599   12.81540078   12.74578649
   12.67599483   12.60603257   12.53587973   12.46554698   12.39503413
   12.32434906   12.25347967   12.18242521   12.11118984   12.03977335
   12.17363795   12.30862836   12.44389074   12.5794358    12.71526833
   12.85096814   12.9865103    13.122319     13.2583945    13.39473707
   13.53136051   13.66823811   13.80540428   13.94279573   14.08044107
   14.21844664   14.35667913   14.4951304    14.63393064   14.7729866
   14.91224615   15.0517752    15.1916874    15.33179537   15.47213584
   15.61274687   15.66987673   15.72276905   15.77574066   15.82893283
   15.88210282   15.93533658   15.98865773   16.04222509   16.09572171
   16.14930596   16.20297792   16.2568982    16.31074626   16.36468227
   16.4188682    16.47298079   16.52718156   16.58147876   16.63601168
   16.69047794   16.7450327    16.79984111   16.85457357   16.90939476
   16.96432975   17.01947059   17.01920711   17.01336719   17.00754858
   17.00174277   16.99579165   16.98984495   16.98394401   16.9778813
   16.97178135   16.9657186    16.95963494   16.95342286   16.94717336
   16.94099363   16.93472677   16.92825829   16.9218386    16.91536481
   16.90877944   16.90215647   16.89561884   16.88896141   16.88222527
   16.87555766   16.86880303   16.86195333   16.80547066   16.74126769
   16.67679594   16.61214501   16.54733902   16.48253689   16.41741959
   16.35214677   16.28686738   16.22129016   16.1555491    16.08965188
   16.02375247   15.95754175   15.8911744    15.82465786   15.75812045
   15.69128156   15.6242854    15.55728095   15.48996909   15.42249949
   15.35489405   15.28723272   15.21928826   15.15119267   15.31286479
   15.52460332   15.73674726   15.94933505   16.16240704   16.3757715
   16.58954291   16.80379364   17.01847005   17.23346657   17.44892962
   17.66485326   17.88107833   18.09771302   18.3148533    18.53238857
   18.75025642   18.96853543   19.18736226   19.40651215   19.62602893
   19.84608038   20.06649061   20.28724861   20.50842047   20.73017286
   21.09874867   21.50975457   21.92155206   22.33435228   22.74773899
   23.16191952   23.5771053    23.99289059   24.40946086   24.82715149
   25.24606158   25.66555324   26.08586044   26.50723246   26.92917692
   27.35193927   27.77552029   28.20018463   28.62540919   29.05145476
   29.47836346   29.9062914    30.33480861   30.76416432   31.19460718
   31.62560308   31.66660865   31.56648564   31.46626263   31.36557299
   31.26463694   31.16358457   31.06231318   30.96063531   30.85881027
   30.75631093   30.65287151   30.54699689   30.44067254   30.33433635
   30.22749593   30.12071186   30.01349476   29.90619258   29.7986382
   29.69077689   29.582869     29.47466726   29.36610453   29.25751968
   29.14843959   29.03940278   29.02872822   29.06226332   29.09580016
   29.12928509   29.16297283   29.19642074   29.23016566   29.26371073
   29.29747257   29.3311823    29.36489366   29.39876845   29.43242908
   29.46637477   29.50034929   29.53408211   29.56811414   29.60194473
   29.63599369   29.66999009   29.70398807   29.73815066   29.7720974
   29.80633132   29.84033544   29.87461353   29.85385568   29.8031577
   29.75242      29.70137134   29.65043138   29.59910002   29.54791667
   29.49661118   29.44492904   29.39325003   29.34082927   29.28831553
   29.23576161   29.18290202   29.13014752   29.07700866   29.02401333
   28.97072647   28.91739799   28.86397497   28.81030065   28.75670107
   28.70272047   28.64887855   28.59472118   28.54057189   28.47268773
   28.39553247   28.3182939    28.24092023   28.16325869   28.08562679
   28.00758097   27.92962661   27.85132233   27.77298225   27.69445553
   27.6156926    27.53692921   27.4570701    27.37727268   27.29710848
   27.21695811   27.13657623   27.056012     26.97542272   26.89458999
   26.81352655   26.73246043   26.65099625   26.56961185   26.48786631
   26.34453682   26.15258611   25.96027185   25.76773239   25.57464507
   25.38143358   25.18766554   24.99375819   24.79939686   24.60471556
   24.40975695   24.21430351   24.01869017   23.82272123   23.62621808
   23.42957076   23.23238146   23.03503373   22.83723841   22.63911857
   22.4407132    22.24182309   22.04275478   21.84314511   21.64338289
   21.44314893   21.45633048   21.66900543   21.88191198   22.09529193
   22.30880446   22.52284247   22.73721079   22.95170698   23.16673485
   23.38195966   23.59757587   23.81354336   24.02973585   24.24641789
   24.46321678   24.68056187   24.89807543   25.11605759   25.33505104
   25.55432171   25.77408341   25.99396322   26.21441627   26.4350191
   26.6561298    26.87762287   26.8228225    26.46063451   26.09778896
   25.73424124   25.37020479   25.0053116    24.64000213   24.27387328
   23.90725687   23.53993975   23.17196485   22.80345211   22.4341219
   22.0643388    21.69373334   21.32265837   20.95084878   20.5784166
   20.2054219    19.83170429   19.45732699   19.08239009   18.70666031
   18.33044093   17.95342548   17.57590543   17.42986358   17.59110184
   17.75263837   17.91431917   18.07638456   18.23854572   18.40111767
   18.56383935   18.72686238   18.88982017   19.05152391   19.21357575
   19.37582808   19.53818757   19.70091538   19.86369769   20.02687641
   20.19016823   20.35373747   20.51755011   20.68149973   20.84580898
   21.01016433   21.17492655   21.33977838   21.50494822   21.82665428
   22.3968507    22.96799429   23.53976128   24.11255189   24.68616926
   25.2603971    25.83566473   26.41159083   26.98845425   27.56612105
   28.1445421    28.72394725   29.30393259   29.88499554   30.46666909
   31.04935291   31.63278736   32.21702366   32.802229     33.3880121
   33.9748968    34.56371108   35.15418359   35.74557165   36.33759788
   36.65805143   36.45713395   36.2558402    36.0543546    35.85224707
   35.65008324   35.44728499   35.24441147   35.04104065   34.83735254
   34.63340515   34.42890434   34.2243038    34.01906478   33.81376591
   33.60793143   33.40183349   33.19548424   32.98863011   32.78145422
   32.57401086   32.36602439   32.15791981   31.94919264   31.74038445
   31.53105005   31.50847455   31.92317301   32.33835362   32.75435767
   33.17070396   33.58794875   34.00560147   34.42401718   34.84302551
   35.26256653   35.68292274   36.10382806   36.52520362   36.94743276
   37.36997439   37.79345326   38.21731882   38.64196902   39.0672129
   39.49298365   39.91959644   40.34650073   40.77436956   41.20257559
   41.63165052   42.06125016   42.40845321   42.51549038   42.62233783
   42.729654     42.83710129   42.94432127   43.05203031   43.15956468
   43.2674818    43.37542177   43.48345646   43.59180362   43.69995499
   43.80858327   43.91699635   44.02586967   44.13469158   44.24368168
   44.35291402   44.46202      44.57157181   44.68088532   44.79070167
   44.90065082   45.01037825   45.1205738    45.28843518   45.67034489
   46.05291707   46.43577044   46.81949954   47.20339011   47.58822047
   47.9733458    48.35914018   48.74552622   49.13226178   49.51985365
   49.90758838   50.29628697   50.68522757   51.07492997   51.46529311
   51.85428973   52.24228643   52.63083297   53.01966881   53.40933885
   53.79907608   54.18976254   54.58062281   54.97221478   55.28879281
   55.2353419    55.18207352   55.12824026   55.07474708   55.02075771
   54.96697177   54.91293809   54.85874699   54.80469017   54.75036334
   54.69578943   54.64139338   54.58643769   54.53181531   54.47670108
   54.42178531   54.36662284   54.31130278   54.25609079   54.2003671
   54.14494983   54.0889997    54.03333268   53.97733166   53.92126084
   53.86912421   53.84382877   53.81883468   53.7937474    53.76819552
   53.74298767   53.71729391   53.6919216    53.66625999   53.64057066
   53.61494043   53.58893445   53.56322628   53.53701256   53.51116104
   53.48495613   53.45880951   53.43263433   53.40617129   53.37996033
   53.35324598   53.32689095   53.30046364   53.27353388   53.2469622
   53.22003898   53.20676541   53.34492842   53.48303046   53.62161021
   53.75991218   53.89417584   54.01949112   54.14509682   54.2705137
   54.39615587   54.52202426   54.64770191   54.77367187   54.89978085
   55.02574137   55.15223971   55.27850048   55.40505644   55.53141751
   55.65800716   55.78482631   55.91144865   56.03836806   56.16542781
   56.29233399   56.41958406   56.5447457    56.61710403   56.68910003
   56.76127981   56.83364389   56.90575822   56.97812552   57.05058607
   57.12284164   57.19539693   57.26795375   57.34078838   57.41325589
   57.48590899   57.55874819   57.63133423   57.70417587   57.77711146
   57.8498392    57.92286985   57.99590164   58.06877122   58.14215474
   58.21528273   58.28859864   58.36165794   58.43497549   58.53943825
   58.64386025   58.74861554   58.85339852   58.95808548   59.06333057
   59.168343     59.27357295   59.37856868   59.48385345   59.58926113
   59.69448078   59.80003862   59.90562376   60.01106758   60.1168992
   60.22266155   60.3288134    60.43455699   60.54059356   60.6467541
   60.7527224    60.85903362   60.96537158   61.0715648    61.17815139
   61.2371299    61.29404894   61.35050945   61.40722342   61.46401912
   61.52057642   61.57743709   61.63428102   61.69093519   61.7479429
   61.80483489   61.86161079   61.91886505   61.97590427   62.03302574
   62.08990659   62.14709323   62.20426281   62.26124084   62.31857525
   62.37579277   62.43289304   62.49047558   62.54784106   62.60528932
   62.66249473   62.75138944   62.84347436   62.93539523   63.02770547
   63.11992705   63.21205936   63.30458254   63.39694055   63.48974143
   63.58209744   63.6747953    63.76750494   63.85857866   63.94969239
   64.04071064   64.13163283   64.22294575   64.31408564   64.40566893
   64.49679568   64.58826339   64.67973746   64.77103668   64.86272984
   64.95432563   65.04582344   65.15281825   65.26201291   65.37167054
   65.48087838   65.59044536   65.70003207   65.80945446   65.91929006
   66.02903999   66.13870352   66.24878204   66.35869488   66.4686265
   66.57900154   66.68928987   66.79959731   66.90973686   67.02029529
   67.13076575   67.2411475    67.35194993   67.46258311   67.57323444
   67.68433531   67.79534716   67.90637749   68.00052013   68.09142813
   68.18222976   68.2729244    68.3640289    68.45494472   68.54586206
   68.63493257   68.72346549   68.81251409   68.90106492   68.99002251
   69.0788656    69.1675936    69.25672976   69.34566811   69.43460122
   69.52388863   69.61292194   69.70247675   69.79152721   69.8809889
   69.97033419   70.0595625    70.14920346   70.2386437    70.33447229
   70.432492     70.53025987   70.62813982   70.7263571    70.82457489
   70.92268018   71.0206723    71.11908782   71.21730535   71.31552233
   71.41410758   71.51243703   71.61087944   71.70966303   71.80844652
   71.90711541   72.00566904   72.10465104   72.20343183   72.30221146
   72.40136359   72.50025596   72.59926216   72.698625     72.79827714
   72.80643317   72.78127965   72.75646945   72.73136685   72.7061742
   72.68126662   72.65600927   72.63077727   72.60577225   72.5803602
   72.5554629    72.52998606   72.50485089   72.47942431   72.45390783
   72.42867501   72.40309364   72.37753729   72.35220674   72.32647064
   72.30124691   72.27544583   72.24998476   72.22423328   72.19839204
   72.17283305   72.1893608    72.22495298   72.26081432   72.29631483
   72.33199862   72.36786594   72.40380224   72.43946321   72.47507817
   72.51102048   72.54665832   72.58236505   72.61834205   72.65395665
   72.6897553    72.72573822   72.7617904    72.79756604   72.83329545
   72.86935357   72.9051059    72.94092738   72.97702027   73.01274917
   73.04866289   73.08476163   73.1487629    73.22880315   73.30839379
   73.38834626   73.46802216   73.54779872   73.62792134   73.7087433
   73.78978497   73.87104691   73.95197406   74.03353126   74.11463613
   74.19610845   74.27730327   74.35860169   74.44020987   74.52148067
   74.60297311   74.68468775   74.7660638    74.84775072   74.92954213
   75.01155675   75.09320183   75.17495124   75.11442434   74.95981177
   74.80524782   74.65073133   74.49570219   74.34080862   74.18584384
   74.03092435   73.87546567   73.71993604   73.56453832   73.4086333
   73.25277275   73.09695549   72.94063342   72.78444085   72.62817542
   72.471465     72.31519607   72.15836846   72.00166666   71.84446546
   71.68730453   71.53018268   71.37256393   71.21506857   71.22161047
   71.35683028   71.49269835   71.62822949   71.76410033   71.89968878
   72.03553233   72.17163192   72.30744709   72.44360388   72.57990352
   72.71597388   72.85270308   72.98908781   73.12581713   73.26225758
   73.39895646   73.53591472   73.67258204   73.80959589   73.94675386
   74.08367707   74.22100673   74.35836401   74.49610053   74.63339527
   74.62482139   74.47966255   74.33400141   74.18848257   74.04290043
   73.89660846   73.7504813    73.60417555   73.4580383    73.31126024
   73.16453526   73.01786226   72.87069558   72.72366673   72.57657427
   72.42904757   72.28171382   72.13420233   71.9863153    71.83887333
   71.69094278   71.54306028   71.39469155   71.24645491   71.09815313
   70.94942337   71.08688045   71.54314882   71.99947823   72.45668947
   72.91384807   73.37149477   73.82908188   74.28724444   74.74578187
   75.20431137   75.66348081   76.12290759   76.58238025   77.04255948
   77.50287424   77.9639029    78.42463666   78.88596278   79.34766819
   79.80934689   80.27168603   80.7342798    81.19690419   81.66025928
   82.12374002   82.58180321   82.99083755   83.33918833   83.68716381
   84.03435626   84.3823702    84.73054894   85.07822478   85.42673036
   85.77540076   86.12359379   86.47255726   86.82134452   87.17036199
   87.51985096   87.86919436   88.21863084   88.56861155   88.91851276
   89.26836662   89.6188391    89.96877      90.31956941   90.67053367
   91.02094805   91.37223926   91.72369535   91.94601214   91.96455583
   91.98309769   92.00095127   92.01945318   92.03759178   92.05580068
   92.07433306   92.09253808   92.11066875   92.12919548   92.14746701
   92.16551935   92.18404043   92.20237856   92.22035248   92.23707084
   92.25211038   92.26787199   92.28363092   92.29866183   92.31441526
   92.330166     92.34522457   92.36093352   92.37627673   92.38707505
   92.3893419    92.39127336   92.39312357   92.39536465   92.39734292
   92.39909467   92.40130998   92.4033351    92.40498835   92.4071779
   92.40863226   92.41080462   92.41296841   92.4143969    92.4165435
   92.41868154   92.42012049   92.422205     92.42431729   92.42580308
   92.42778913   92.4295485    92.43122655   92.4332959    92.43510219
   92.45467645   92.51692357   92.57900621   92.64074176   92.70304119
   92.76524875   92.82696247   92.88931421   92.95095211   93.01333855
   93.07574258   93.13746789   93.19986996   93.23388978   93.19310266
   93.1528024    93.11225546   93.63931024   95.12978807   96.62063556
   98.11187893   98.68227506   98.1893094    97.69573917   97.20252681
   98.00296159   99.8289405   101.6563504   103.48372049  102.14402345
   99.10699177   96.06792734   93.02825376   92.2594079    92.26847428
   92.27804417   92.28771797   92.81379516   93.44026014   94.06690774
   94.69358726   96.64084489   98.68558952  100.73079487  102.7070768
  101.94909275  101.19021804  100.43169176   99.48419628   97.13284139
   94.78121704   92.42788662   91.09762996   93.57210868   96.04699107
   98.52343083  100.371645    100.78843321  101.20578333  101.6232197
  100.30615743   96.37456894   92.44111368   88.50564057   86.25604597
   85.74543935   85.23413777   84.72318509   86.29856529   89.34988965
   92.40314932   95.45698268   94.47704755   91.59367978   88.70848358
   85.82256615   84.28306009   83.1381004    81.9929838    80.84753736
   82.56544575   84.72567335   86.8872313    89.05093145   91.5200202
   94.00282732   96.48624581   98.65888763   95.28854588   91.91596975
   88.54252357   86.0228365    88.47767992   90.93369309   93.3902156
   95.66634952   97.36796644   99.0697796   100.77275293  101.82357411
  101.57003447  101.31660851  101.06313492  100.37103034   99.09153866
   97.81132514   96.52997517   96.95887419   98.96310719  100.96754216
  102.97364047  104.80399504  106.52328253  108.24418501  109.96513678
  109.84657782  108.96681423  108.08599052  107.20518067  105.15339276
  102.80907275  100.46391734   98.11794864   97.16188908   96.36980573
   95.57757754   94.78445006   95.69364319   96.62348347   97.55304928
   98.36491308   97.84057363   97.31694448   96.8010522    96.44518507
   96.84832348   97.25182041   97.65498273   98.69776389  101.48224049
  104.26796418  107.05569611  108.2668777   106.69537857  105.1229429
  103.54973053  102.46145677  101.95504682  101.44825235  100.94039555
  101.85795949  103.94759534  106.0377225   108.13000154  109.19505327
  109.68701576  110.18014048  110.67290755  109.68796788  108.17153072
  106.6535504   105.13484012  104.7823991   104.66965612  104.55690667
  104.44443966  100.64299646   96.5298343    92.41441357   88.34135155
   87.05290217   85.76361034   84.47280751   83.67927698   86.92913143
   90.1803432    93.43431413   96.63030503   99.59511257  102.56199569
  105.53022064  107.20844825  105.82529724  104.4357597   103.04557989
  102.20823088  102.2344512   102.26059163  102.28713798  101.43850642
   99.6567371    97.87402945   96.08962258   94.77869511   93.8141214
   92.84830005   91.8827091    92.96479034   95.05283584   97.14268979
   99.23310521  100.14877774  100.70198049  101.25501665  101.80840316
  102.99588594  104.28887316  105.58242478  106.87704576  104.90666708
  102.76769131  100.62759596   98.47573982   96.11135339   93.25408283
   90.85802799   88.97287048   91.73494154   94.67695674   97.24847144
   99.42807572   99.25463879   99.12303198   99.22923731   99.49270755
   99.61646228   99.9131375    99.68750789  100.10040315  100.94801415
  101.49190735  102.29336893  101.99002429   99.68376703   97.77112117
   95.65362102   94.99872486   94.971923     94.88701493   95.326461
   94.64786654   93.58634642   92.78272692   92.36066346   95.28486947
   99.02958435  103.1616085   107.15913405  107.98158482  109.21404118
  109.5433154   109.87326779  108.60407332  107.30140851  105.99824427
  104.78067176  104.67226523  104.5638091   103.75718864  102.72365091
  100.95141529   99.18748481   97.58030663   96.68792606   97.51329339
   98.36223659   99.80952467  101.75654634  105.13645472  107.82063689
  110.50553826  110.09481856  107.490177    105.31450097  102.92098833
  101.3999965    99.07223404   96.74359227   94.37815259   93.61447564
   94.72009357   95.75603867   97.47292719  100.39364388  103.07311674
  105.75413359  108.15383609  108.05186307  107.79017401  107.64283438
  107.72273616  109.07141649  110.5764267   112.08158419  113.58336997
  114.47648538  115.37085408  116.26557365  117.0195171   116.52651749
  116.03330859  115.53901814  115.3008139   116.12112811  116.94097268
  117.75897372  118.2144909   117.8259478   117.43744341  117.04976896
  116.75159488  116.60006716  116.44852911  116.29698078  115.57758623
  114.23093508  112.88336838  111.53580714  111.18007791  111.57799867
  111.97590252  112.37464109  112.43036312  112.31105326  112.19173344
  112.07240368  112.27035477  112.57186423  112.87291038  113.17371537
  109.69875878  105.54999226  101.40128055   97.2530529    96.47415947
   95.90236391   95.33056793   94.77824801   94.75588648   94.73378115
   94.71189409   94.82698584   95.87121334   96.91541194   97.95958131
   98.75187113   98.66543279   98.5783123    98.49150281   97.58494139
   94.88792309   92.19049186   89.49336786   87.57201409   86.77019833
   85.96825354   85.16618      84.51582048   84.01603239   83.51548055
   83.01484523   84.9262015    88.46949221   92.01329035   95.5582495
   98.24736791  100.55214228  102.8572395   105.16265883  107.24863667
  109.27471203  111.30081874  113.32689547  114.70027353  115.98211954
  117.26413563  118.54675264  116.1110113   113.56052345  111.0096585
  108.5148538   106.84874292  105.18259582  103.51661266  101.99405301
  101.24511115  100.49605167   99.74687481   99.2548663    99.53271341
   99.80982304  100.08695955  100.92561852  102.8348683   104.74437151
  106.65499366  107.39200287  106.62094725  105.84977237  105.07847849
  104.11174932  102.97260352  101.83411745  100.69462562  102.67726229
  106.53519342  110.39363815  114.25259522  118.00422962  121.71274869
  125.42175583  129.1312498   128.41381945  126.66861331  124.92335933
  123.17716173  118.06979893  112.60961237  107.14878559  101.68732037
  104.12953922  106.58296273  109.03635573  111.50994867  114.18047695
  116.85129458  119.52284076  121.85726436  122.70906414  123.56094547
  124.41290806  124.16798822  121.08717282  118.00647097  114.9246684
  112.56886336  111.43715123  110.30530104  109.17335796  109.05189671
  110.08768771  111.12357961  112.15957207  114.65086342  118.28931185
  121.92914476  125.56838656  127.87025948  129.4605124   131.05092195
  132.6414876   133.84486718  134.91523155  135.98563975  137.05614654
  136.02154703  134.5857776   133.15066357  131.71482166  131.10912088
  130.5625752   130.01595691  129.45176278  128.25436157  127.05670478
  125.8584318   124.8846815   125.5533761   126.2221255   126.89129668
  127.68385895  128.92827562  130.17280523  131.41744736  131.3777072
  128.44091322  125.5044902   122.56687288  120.26436085  118.91214277
  117.559785    116.20728796  116.22983159  117.65848793  119.08726273
  120.5161555   119.73614295  117.40527197  115.07513039  112.74378786
  113.143288    114.82221556  116.501282    118.18048675  121.09818733
  124.37590613  127.6537534   130.93187918  130.18114506  128.81695504
  127.45262918  126.08916626  127.46351257  128.94809477  130.43279263
  131.88246356  132.72577594  133.56998279  134.41369755  134.13687523
  127.44168127  120.74589503  114.04951872  108.73565477  107.75061513
  106.76506999  104.96497996  102.83650125  103.59710278  104.90640429
  106.40467636  110.73226945  115.542337    120.09398215  125.58973532
  128.45792715  130.50552968  132.6622789   133.33586406  129.33957002
  122.90804555  114.94643926  109.7851568   105.26002551  101.79405567
   99.49335522   95.4249073   100.39566665  107.21335546  112.9002922
  120.04349475  121.63047023  122.09060954  123.33058745  124.42650891
  121.90490266  119.41595708  116.95254227  114.01662455  105.7740735
   97.90522848   90.07035787   84.21670827   87.90089258   91.53523763
   95.09302303   99.85333606  107.99518707  115.97040859  123.9607479
  128.4240493   126.52265369  124.62139398  122.81535656  120.06784141
  115.20402588  110.24760036  105.29084948  100.50792015   95.86746502
   91.22589994   86.5840357    89.46372539   96.49938186  103.53546039
  110.57289736  117.57770041  124.5714694   131.56564839  138.56023504
  136.06603616  131.64315055  127.21894091  122.79439749  123.06854855
  123.72664718  124.38498022  125.043152    125.6702841   126.29637945
  126.92250266  127.11857804  123.88242863  120.64604815  117.41028908
  114.29424728  111.64640664  108.99837816  106.35016272  105.88897714
  110.57492621  115.26092486  119.94688401  124.23981869  127.92216513
  131.60473357  135.28804372  139.11470736  143.09271514  147.07095857
  151.0494363   154.08065005  156.42222264  158.76461418  161.10612776
  160.29234851  157.93848417  155.58445678  153.23033288  148.97049627
  144.12622655  139.28164645  134.43675763  133.15793236  132.46290722
  131.76895833  131.0738142   127.20445091  123.17745966  119.15021736
  115.05256487  109.50723069  103.96066517   98.41371931   94.18010305
   98.03958057  101.89926766  105.75984713  110.66445386  119.0049239
  127.34584992  135.68852604  141.61646974  142.56279541  143.50906663
  144.45484355  146.13974026  148.8454826   151.55142542  154.25803488
  155.02325578  153.94713515  152.8709105   151.79458221  148.72754888
  144.37088813  140.01470539  135.65710057  135.2814576   136.60997595
  137.93858146  139.26727367  137.86257007  135.36967388  133.5281508
  130.60720784  128.8387589   126.90848272  125.28659661  123.03318634
  119.42182637  116.57265503  113.0262733   110.04628669  108.93573471
  107.08040429  105.6840888   103.88610658   98.29989564   93.33812588
   88.22669754   83.915432     83.49694565   82.79768623   82.26701677
   83.04359583   86.75543645   90.58795902   94.23060515   99.96073643
  107.08702947  114.21143968  121.33540274  126.94660916  131.27939026
  135.61204896  139.94458352  142.94920306  145.18979474  147.10544419
  148.07646467  148.4079374   149.00239221  149.88174847  151.57717275
  153.68691282  154.40386149  154.92705728  155.49227873  153.52570272
  151.34594322  149.16622537  147.00250593  146.60549463  146.20609449
  145.00289106  145.42467983  149.5459089   153.26104497  156.97544831
  159.81080624  159.04011219  158.26944464  157.49880389  156.737661
  155.28505362  155.26061806  154.52282758  152.76699332  148.95298066
  146.26260548  142.30714602  141.68887305  144.89988385  147.35540454
  149.81054528  149.24810776  145.73721432  142.67228306  139.95842353
  139.2851418   139.22951019  138.89686533  138.56422424  136.09704448
  132.79732893  128.84665755  126.41212469  120.29920409  113.39904398
  106.49934862   99.59927812  101.04391869  102.98536652  104.9266632
  107.05862457  114.12338152  121.18745293  128.25156089  134.74265749
  137.42513009  140.10738941  142.7881585   145.3524542   147.50976722
  149.66690132  151.8238556   153.73184871  155.11007423  156.48847298
  157.86670048  157.84008466  155.8003285   153.76009434  151.72111055
  152.84345451  157.07069098  161.29743821  165.52220833  169.00329188
  171.98404396  174.96443949  177.94447728  178.1456742   177.10932639
  176.07379209  175.03835079  173.32633516  171.42930591  169.53109627
  167.63454667  165.45071607  163.22740791  161.00433294  158.78027425
  159.49341837  160.29098561  161.08843827  161.5743174   157.61824958
  153.66223025  149.70757882  144.75710852  134.5368919   124.31786192
  114.09898961  103.76141937   93.06666636   82.37317323   71.68094416
   65.02481248   66.00106694   66.97740136   67.95360901   73.77635422
   85.7837413    97.78900696  109.79346323  119.35434544  126.77234709
  134.18942427  141.60791607  145.20408474  146.51732036  147.83046386
  149.14351468  151.47416946  154.20121535  156.92884709  159.65630435
  161.08283541  162.2102548   163.33609622  164.46333075  165.12650787
  165.7420134   166.35677564  166.97069446  165.91036459  164.85007346
  163.78982151  162.71838108  161.53705455  160.35726536  159.17752432
  156.7083204   148.64284371  140.57687034  132.51208898  124.338189
  115.88312923  107.42857775   98.97431082   90.05223077   80.34866327
   70.64569762   60.94333788   58.28398903   63.64234996   69.0008933
   74.35908053   82.74254021   93.49259882  104.24141178  114.98949973
  124.07236955  132.27571598  140.47849706  148.6806407   155.06796508
  160.84516938  166.62195923  172.39833218  173.44672274  173.60241241
  173.75344386  173.90392108  176.17720695  178.59813646  181.01810313
  183.4301042   185.60005191  187.76965724  189.9389193   192.09332348
  194.14085856  196.1898477   198.23850765  199.58941259  198.40226816
  197.21407898  196.02659773  195.11490584  194.81823305  194.52157643
  194.22466483  195.58576922  199.4116535   203.2369352   207.06161277
  207.36799901  204.09682129  200.82785169  197.55944319  196.23414804
  196.26259476  196.29018343  196.31755514  198.9141172   202.70333809
  206.49194859  210.27994718  211.58395066  212.17370146  212.76235612
  213.35087937  213.71316962  214.03998141  214.36770547  214.69584363
  215.89996491  217.13739679  218.37407076  219.50598208  218.91324826
  218.32058511  217.72799285  217.17443255  216.83964867  216.50693386
  216.1742454   216.24980713  217.59331239  218.93551133  220.27897934
  218.91520578  212.22399069  205.53392653  198.84313889  195.60275692
  196.92589591  198.24877055  199.57138031  203.52099402  209.85559336
  216.18989398  222.52302741  224.62492869  224.10773889  223.58870307
  223.07174354  220.25893336  216.51380162  212.76931624  209.02379287
  204.8026959   200.46658698  196.13123871  191.79665281  198.17985889
  205.7816076   213.38342535  220.98408473  219.67485534  218.28859489
  216.90044332  215.35622514  212.10486405  208.85395897  205.60351122
  196.88204576  176.41582144  158.14159065  140.0971211   130.70061369
  139.98320754  147.20316418  156.4910527   159.13212165  160.60773957
  162.35963339  167.82447654  176.70182035  183.93384412  189.159454
  183.30967768  177.24811592  175.13877668  166.90505744  173.31107013
  167.38604349  170.5576597   176.21810226  168.5587261   172.95377767
  171.13738292  162.24496368  165.18469888  167.56819787  163.4687807
  169.6390171   173.59698157  173.61135226  179.54322384  186.40340446
  189.60035291  187.29237063  189.75167581  188.69040555  187.82271334
  192.5803127   196.31600057  199.36484003  201.43198165  198.59618521
  196.56034079  194.62623248  194.0645606   192.69507536  187.88078225
  184.18277981  179.4000046   174.73843992  169.97383012  165.09592537
  157.24346887  149.49846119  140.11391595  130.38323517  128.58501533
  130.60283382  133.30067101  134.55706523  140.14242111  149.1709468
  157.1324729   167.50024438  172.76653957  174.99976429  175.78792029
  177.75097827  179.62500012  181.31954479  183.47219955  186.45324703
  190.32734052  195.37720258  200.43870954  203.49952405  203.02361762
  201.48365566  199.94453666  198.57448101  198.22518726  197.87592383
  197.52577701  197.61706658  199.16759174  199.07716089  200.86899512
  202.64893078  200.96891986  199.39017318  197.83204329  194.76656182
  192.60870617  191.92950464  191.10643673  190.65006648  190.54468292
  190.00085929  189.14348057  190.93982896  195.84003516  200.29982207
  205.86672254  209.4743031   209.6353545   211.85800237  213.81603227
  212.20549328  207.12387875  202.37567836  197.73897957  197.39682755
  195.8679169   195.6855419   195.44731011  197.48003422  201.60126497
  203.41869029  204.76230505  203.58559754  201.1082455   198.66123178
  198.18149621  196.8100873   196.79918646  198.14146361  197.30079152
  198.48179894  199.66097147  199.26348081  199.80750887  201.8932543
  205.08182961  208.88737842  212.98750698  215.06969601  216.58307836
  218.09576446  217.77594172  213.43511529  211.07989147  208.71285693
  207.54705732  207.66036863  207.51575791  206.84677007  202.73939978
  197.94121782  192.78972018  187.77998589  187.61974761  188.64044388
  190.05583987  191.39915091  193.56350505  195.13798155  196.44677255
  197.75427488  198.0352527   199.89471477  199.94617156  201.11015937
  202.46862404  204.55475615  206.86845689  207.80004951  206.87966347
  205.95962886  205.03994611  204.73984758  205.94701018  207.15358099
  208.35959114  209.6420075   211.04660197  212.45051288  213.85381577
  212.53393035  208.24139073  203.95489601  199.67036816  196.06967735
  195.29670521  193.68244274  192.06893352  192.22089893  193.26225537
  194.30313472  195.34372649  197.64826794  200.35393939  203.05844668
  205.76199946  207.98215299  210.11771217  212.25234543  214.38623922
  214.95525037  215.43399252  215.91253391  216.27213905  212.79679239
  211.14259494  208.57943286  206.53649373  207.89363021  209.25014401
  210.60617576  212.46638466  216.05520203  219.6424566   223.2283427
  223.80780191  217.40537394  211.88486654  206.22507179  198.65603452
  190.29215469  181.56678724  173.09691825  173.8424173   183.21301693
  191.63330101  201.08527995  205.75603539  207.51978843  209.02462926
  210.20104779  206.42759074  199.60063125  195.39366728  189.98478473
  190.53779778  186.38742235  185.76944416  185.94002895  182.31843374
  190.02557491  194.63216828  197.48156755  202.65906081  200.96518566
  195.04841761  186.9011349   181.69500931  182.45237217  188.84692558
  189.3589738   188.10738088  178.75314983  175.94272998  182.3271973
  182.03411967  189.91844883  182.41734626  182.89861784  185.24501632
  182.50762745  188.81449874  188.33755334  189.5966338   189.83546053
  192.24620824  195.26481306  198.88880385  204.29789729  206.18301534
  208.65833054  211.9441165   216.7193143   223.22138755  222.54981856
  214.51346575  210.61297084  204.40360524  196.74246403  195.02192666
  188.09674265  180.18488902  175.90644356  170.84890751  165.01668945
  169.30768063  181.18226356  191.61631044  193.47196998  197.35754811
  190.23475321  189.07919056  194.5852121   192.11440617  197.66096303
  196.86098249  197.70155608  189.09458988  182.87854754  183.23566147
  183.76910052  186.28208278  185.74690225  179.16078496  174.46650172
  174.6252874   173.90719811  172.02617502  176.08874802  179.57182781
  181.81823388  189.25619693  187.62909785  177.93613128  172.23323056
  162.99080566  152.88838882  151.91698766  150.96419827  151.82830295
  155.09068321  158.29761068  161.48264574  163.37646141  162.56682354
  159.19742475  150.56840287  147.90346104  147.05406178  149.23626731
  154.72152115  160.17025749  164.99847346  170.19485712  175.15145429
  177.5573626   176.5379221   182.12732364  189.68813749  199.85291043
  209.33495889  208.88388808  208.45303092  207.26143279  207.35932868
  206.2078417   201.11845526  195.04166624  186.72685329  181.00725023
  176.29089166  172.59750126  175.49924574  183.06130791  188.76326918
  195.31089915  199.4727746   199.40612076  202.29472157  201.55143042
  198.98041881  198.7776901   198.32858663  199.59138753  193.51694131
  183.99165486  174.15664089  162.80133054  153.49417836  145.55818067
  137.06231042  129.85511407  138.65360897  147.42199363  156.33931921
  165.66481379  173.49711011  179.93559195  187.41576539  192.79588964
  194.02152406  196.16301613  197.85182563  197.70811615  193.89386006
  190.46878445  185.90328134  186.13751424  192.24063937  197.77445179
  204.58320489  208.50320765  209.67370716  210.46907099  210.74173958
  212.16549317  213.81913575  215.53738533  216.61800356  219.18360649
  222.4215714   226.00650673  229.72485932  226.02964508  221.96014868
  218.60815747  215.82163404  214.8831445   213.31922456  212.01278138
  210.74774636  208.82692749  207.37121609  204.70310774  202.26612249
  202.24887646  202.23153626  202.21413629  202.83756159  206.3763125
  209.91299129  213.44759594  213.75036036  205.47658991  197.20744409
  188.9429598   182.91101464  180.72396486  178.53809812  176.35348614
  177.953203    183.98400625  190.01129667  196.03519431  198.93586704
  199.32256319  199.70896744  200.09525171  200.43010596  200.73684706
  201.04334069  201.34980652  203.52941672  206.36321073  209.195293
  212.0259061   210.36892392  207.82154165  205.27557593  202.7312266
  201.30839908  199.97368931  198.63974316  197.3024796   195.77374095
  194.24582532  192.71883398  191.75832674  195.16991638  198.5797143
  201.98760169  205.36493092  208.63190386  211.89688813  215.16009445
  215.90710484  210.83983198  205.77546183  200.71423103  199.00965702
  202.43584969  205.85994694  209.28200785  211.5247932   212.53467638
  213.5439212   214.55266565  214.28453514  213.1009254   211.91802807
  210.73583011  210.92138783  211.76307664  212.60432235  213.44496339
  212.95457678  212.06501459  211.17590677  210.2875012   208.76034495
  207.14634131  205.53300916  203.92011929  204.33844276  204.85014719
  205.36146533  206.06759689  210.52277267  214.97621561  219.42764566
  222.48703646  217.20335076  211.92158718  206.64216365  203.41336818
  206.8069619   210.19899382  213.58962016  216.44650249  218.2199714
  219.99258852  221.76435104  222.34983971  221.31899944  220.28850322
  219.25856044  216.51805106  212.17806265  207.83969581  203.50322603
  201.14717233  200.05442561  198.96229662  197.87045202  197.4031735
  197.19841216  196.99381821  196.78923858  198.59615833  200.91333929
  203.23001562  205.54618852  206.70400521  207.7198422   208.73518736
  209.75038883  208.71962929  207.65631509  206.59331356  205.90764191
  209.70167723  213.49485528  217.28712575  220.87597635  223.4838535
  226.09121454  228.69776024  230.29711658  229.0975132   227.89832222
  226.69928191  223.83299402  218.00289545  212.17521652  206.35026841
  205.81262698  211.69551243  217.57569527  223.36447689  216.38342595
  185.92023786  147.82372821  115.02167159   92.52570655   78.1035819
   75.18684996   60.07464829   53.62447337   55.40620103   53.60381011
   54.48024939   56.3356022    57.76343384   67.41228536   71.08759435
   91.91831214   96.20520462  119.03754564  156.30770743  174.05200108
  186.987163    183.96155177  152.92299984  127.08810597  136.00587763
  112.91713664  112.30253562  129.53526463  107.3182633   112.09801424
  128.79522169  109.96260061  113.29642972  132.38040668  127.11636105
  125.04164328  133.97048174  139.16999282  125.60716549  132.71971152
  146.2304273   146.66887728  147.42486356  152.73989014  156.36512668
  159.06534443  164.30260769  168.11682009  170.10981159  172.46748517
  177.16278604  175.35970361  173.08159228  176.78436316  179.98297459
  173.85449996  171.89237224  170.42756965  181.57008999  184.8691264
  181.70397065  183.1371036   186.03668042  192.39732898  190.47519951
  190.62856054  195.7472737   205.78847606  212.54776587  212.17920092
  211.17470787  210.34482527  215.20650173  214.20009179  213.33630162
  213.41201174  214.77467836  217.61046155  214.05441376  209.78004012
  208.20426225  206.91069933  207.81469169  208.43129486  204.71994339
  204.21517225  204.93915952  206.10938021  208.71046992  209.29011808
  209.84963536  210.40857411  210.96735673  214.03231397  217.76840567
  221.5027716   225.23510548  225.32202094  224.92031415  224.51892681
  224.11758933  221.55268689  218.93458204  216.31847632  214.0589911
  216.61658604  219.17304265  221.72818258  223.68336287  222.5458384
  221.40861788  220.27197003  219.64389705  220.49612977  221.34791779
  222.19907739  222.76031139  222.78077657  222.80129819  222.82156419
  221.36033849  218.03668856  214.71462442  211.39398451  209.26311647
  208.16038122  207.05798168  205.9560916   206.17257267  207.16333985
  208.15348374  209.14300259  211.24080097  213.76156652  216.28123717
  218.79932809  218.1630858   216.81938146  215.47615625  214.13371559
  213.21373209  212.33598566  211.45834196  210.58594126  211.04306625
  211.49568417  211.94761515  212.37407393  212.56642481  212.75836218
  212.95021488  213.09972523  213.06932956  213.03916291  213.00871582
  213.44505846  215.05783139  216.66968638  218.28072233  220.09600733
  222.24932112  224.4011155   226.55185167  226.93986007  225.34811366
  223.75733629  222.16720765  221.6220553   221.88290407  222.14373005
  222.40425878  222.48912702  222.48281388  222.47630688  222.46995422
  223.04338427  223.81088319  224.57788138  225.34427502  225.0251521
  224.50684131  223.98882707  223.47083108  222.72955956  221.97397049
  221.21855792  220.50547718  221.06002638  221.61434446  222.16811124
  222.5198757   221.46351257  220.40767727  219.3521967   218.2612084
  217.04242325  215.82407054  214.60633715  213.64866183  213.26262014
  212.87663783  212.49071541  212.54527117  213.24439695  213.94305138
  214.64146098  213.42551176  210.28969513  207.15539285  204.02290926
  202.8975187   203.15171985  203.40545125  203.65910353  205.84532785
  208.91472986  211.98254212  213.99377083  214.74473937  213.48767874
  211.43259502  210.91460775  212.49105747  214.40913882  216.32612782
  218.24208261  219.02000756  219.77877694  220.9268168   221.69970177
  217.82671129  213.5326331   208.81267464  205.98288826  202.28563304
  198.77241826  194.71449134  190.21124253  191.95986318  194.29318247
  198.28543763  201.49366368  202.20839681  204.59603942  206.987798
  209.50879563  213.00171233  213.88147129  214.68818901  212.75837278
  210.79827922  207.96878437  206.54584382  205.17410708  203.81926419
  206.04527264  204.62857579  204.28055266  205.72022012  207.03220081
  208.39463243  210.37370103  209.77518071  209.06381247  208.35252281
  207.88401795  207.44212156  207.0004285   206.55905133  207.23982535
  207.92618314  208.61201499  209.23222621  209.17494168  209.11759348
  209.06041009  208.54578671  205.96924717  203.39393162  200.2712064
  197.28015244  196.08504653  194.28272137  192.58810036  192.04224158
  193.50942243  195.74371735  197.79501185  198.75113825  198.1138977
  196.82039077  196.94438853  198.37077906  199.82470104  202.03278408
  203.71884652  204.15196478  203.9083009   203.66483347  202.81393903
  203.87991924  206.43404388  209.03363277  212.65339026  214.56249862
  215.29999572  216.03684298  216.77345892  216.76841878  216.70727082
  215.61378597  215.08649507  210.89521429  208.0698188   205.92757436
  203.95875446  203.02371773  198.72155885  194.96526709  193.59139437
  195.66195841  198.31312343  200.11157381  201.14382477  201.70189648
  202.357372    204.49507687  205.68402694  206.51219346  206.00755252
  205.97238325  206.00483267  206.48432108  206.74514518  206.81158024
  207.32006895  207.83177321  208.72794622  209.26059719  209.47651912
  209.78860459  210.39223718  212.19966877  213.32533094  214.17892191
  212.62126331  212.07798899  210.28539804  208.9157778   208.60189137
  207.8464246   207.5267155   207.27094763  207.01511679  206.83941619
  208.14678172  209.45343164  210.75917401  211.45699531  208.56598994
  204.95190122  202.73385156  200.303017    199.09986099  197.89740694
  196.69571102  196.82455058  199.634575    202.4429113   205.24924114
  207.19317425  207.97160125  208.7494989   209.52668721  210.7758346
  212.46317137  214.14920903  214.67511433  215.19621571  215.89907028
  216.42548199  217.32214269  217.76343399  216.01565154  214.40180789
  213.41835265  211.80558197  209.66364141  208.23133701  206.92343054
  206.03425026  205.08516197  204.67902389  203.36885488  203.46353543
  202.46109455  201.90877862  201.89311415  203.87900061  206.54120058
  207.62428234  210.81921878  213.06201782  215.700141    218.53915719
  216.76705665  212.47773429  209.43212774  205.05026629  204.68091542
  206.23795932  208.36597913  205.49556428  205.70016728  204.45973068
  196.2857379   195.04206011  194.14841561  194.0866155   200.48496369
  198.37912188  193.4775228   192.87368425  192.28412718  195.98731076
  197.9507647   193.48664604  190.23243265  192.29838433  194.49019136
  195.84888938  194.45487943  195.4720715   194.77654956  197.78011592
  206.63211404  193.77969049  187.78626406  177.02004067  168.97097262
  180.07042602  187.20497539  182.6502537   182.2239126   182.37952423
  183.87638889  196.75567306  202.74672994  189.1837075   176.8033173
  171.20536208  170.31716466  176.18860564  186.78776628  192.0469568
  187.56456264  194.54839176  185.90050352  181.81812787  187.06968578
  180.6504713   185.68029785  186.52423151  184.23833295  182.97774634
  181.27131871  176.62545898  175.37308616  187.35339457  190.96694844
  196.33135953  199.55728299  197.76731494  194.19164419  191.73497929
  186.45164246  185.45987605  186.13350058  186.51313528  186.71648463
  178.85319575  174.88666205  167.9146054   165.21564779  159.18790127
  153.61192234  144.87997714  126.02112125  114.78224296  103.15641683
   97.07324585  107.79467839  116.59243434  130.07126096  142.97785291
  150.58400969  160.17166911  165.18538871  171.9209331   166.48460895
  165.40208733  165.19403369  165.54660066  172.13921757  175.66608562
  176.83705633  176.48066348  176.90268472  179.16168593  174.61132447
  176.39975615  178.66416837  176.61420139  184.87008325  187.32981724
  186.50383377  189.8158587   188.92787198  190.60902244  190.98450895
  189.12177515  181.87703071  176.87180919  169.73301547  166.80337968
  166.81209075  169.33152863  170.52971744  170.55964655  166.93036657
  168.81491146  179.98872268  188.53377709  194.92032298  190.71016098
  188.65744501  189.27685694  199.34724183  193.89734907  192.62643951
  190.44631855  188.62434345  194.87396212  192.89666556  192.46416896
  191.36763694  187.06566598  187.62722749  189.20229872  191.73870713
  197.82778973  198.40954951  189.66934447  185.65375347  185.37353765
  183.77558237  185.4864752   183.71322118  185.4492207   180.19517712
  183.74862455  187.9628854   183.93252862  186.19102061  182.46141745
  175.58904636  171.70498477  170.4034651   168.21382884  168.02389527
  172.13314278  175.50366633  177.5350886   177.62931153  182.28931377
  184.46855681  190.98324832  197.28802769  198.51247225  200.8747389
  200.33751913  198.34158101  195.22783295  191.80844857  189.09354187
  187.01599125  184.44421145  181.82862339  182.24833571  181.64975551
  180.92123652  180.54027329  179.85671123  183.15637152  188.06992018
  192.78959476  197.09777345  197.56128301  199.59431186  198.76788761
  197.71850737  196.6220782   196.09987465  197.56437764  199.04439535
  200.81370846  202.36022615  201.1420341   199.70232663  197.49680295
  195.52464037  194.24917749  192.60927122  188.90865016  185.48280521
  180.02148545  178.41311131  182.55264188  186.88763767  192.24531365
  194.92301425  195.53699851  196.25606597  195.03018085  193.45645167
  190.90302175  187.59325725  184.8991413   184.51633972  185.04035413
  187.04065581  186.95893331  188.32550619  189.95592835  191.55784639
  194.08441235  195.03737897  196.18612418  196.65089572  196.82193394
  194.75371366  192.3662251   189.97995917  186.89273839  182.74102266
  179.21512808  175.42239886  171.74410489  170.68176574  169.62926695
  168.91133873  169.40961227  174.17094321  179.50077525  183.96603258
  187.22175934  186.82587892  186.43021661  186.03488069  185.84948313
  186.0684733   186.28693043  186.50534974  186.89113094  187.49404778
  187.95362727  187.7318069   186.6576319   184.05206315  181.85996532
  179.94585021  178.20443544  176.95842649  175.71306045  174.46851653
  173.03398924  171.52498554  170.01693609  168.50974349  170.16202484
  172.55589596  174.0904797   176.34607306  175.53105417  174.52624319
  174.28396895  173.15352944  171.09141317  169.02742628  166.96464678
  165.13279351  165.62645863  166.11971793  166.11939579  166.20969482
  166.64587398  166.99664396  167.77261802  169.14852615  170.86288114
  173.15696528  174.82011845  175.8818129   176.46401643  177.0459493
  177.44280708  176.94779312  177.47381657  178.11261249  179.00422521
  181.77547539  184.36396307  185.83555966  188.8032936   187.99093973
  185.55114675  183.11237775  180.67463396  177.95585936  175.14117357
  172.32768421  169.51539267  167.29340114  165.18626815  163.08024068
  160.97510426  167.16500332  173.2260769   178.95586557  185.32859711
  184.35621798  184.06199096  184.29890809  184.15305607  181.6324082
  178.62616376  175.62121981  173.69096333  175.76098985  177.49393818
  178.89858968  180.91263836  183.91053892  185.88341613  187.85535026
  189.48031565  190.58220179  191.68353586  192.78431727  193.02719338
  192.38449     191.74202634  191.09947005  188.68831993  185.02519345
  181.36369052  177.703813    177.0265094   177.75981155  178.49272783
  179.22505432  179.42490868  179.46779723  179.51061602  179.55336503
  179.41061415  179.23911209  179.06763925  178.89619568  178.0503686
  177.17614289  176.30197939  175.3204476   172.39295956  169.46678645
  166.54192978  164.39707957  166.79225002  169.18625341  171.57908847
  173.83544745  175.66167655  177.48727388  179.31197851  180.77277596
  181.50687601  182.24057843  182.97388279  183.88213125  185.02527598
  186.16772654  187.30979556  187.05142573  185.50221199  183.95368071
  182.40583268  179.64233458  176.11441456  172.58812573  169.06336471
  170.05734279  172.92193569  175.78510749  178.64685666  179.26808361
  179.33112848  179.39409092  179.45697089  177.81377274  175.9688959
  174.1247664   172.28168057  172.62821378  173.00243641  173.37642715
  173.88893793  175.97813586  178.06626751  180.15331559  182.07313351
  182.46241724  182.77773884  183.23891279  183.86267312  183.77606511
  183.82606811  184.25466364  182.67329775  179.40236401  176.13331264
  172.86581642  170.67598119  169.77564751  168.87570716  167.97616058
  167.73720198  168.04166759  168.34593205  168.64968996  169.50835758
  170.67595369  171.84291808  172.7358955   172.8962862   173.89617654
  175.24827385  177.02367924  175.80138556  174.12234097  172.44440378
  170.76725539  169.94780226  169.20092472  168.45437111  167.72259928
  167.89743078  168.07212278  168.24644477  168.36613608  168.03218509
  167.69840177  167.36478624  167.16450714  167.48829443  167.81180078
  168.13502607  168.1882061   167.60100963  167.01430974  166.42802881
  166.66319675  168.18481869  169.70533504  171.22474519  172.89028908
  174.71197135  176.53218947  178.35105304  178.54608743  177.54865271
  176.55184248  175.5556571   172.5816061   168.6363468   164.69375871
  160.75379869  154.96090388  148.59692744  142.23731709  135.88207516
  136.24007747  137.71589949  139.19064291  140.66430716  141.32287474
  141.93819599  142.55284908  143.43148223  150.04956679  156.66296302
  163.27166843  168.93960694  168.71086481  168.48222057  168.2536743
  166.41088694  159.19349218  151.98138302  144.77429799  140.85830901
  143.77611638  146.69180996  149.60538861  153.04139829  157.20569333
  161.36667815  165.5249488   166.31720819  163.89966887  161.48378411
  159.06955479  158.09483802  158.06051147  158.02614941  157.99175184
  159.20226887  160.9494547   162.69533164  164.43989904  166.00438229
  167.52062117  169.03571024  169.63123905  167.56720539  165.27387152
  163.88702042  161.52111898  158.66514632  155.80033605  152.9375288
  150.39929667  152.0013297   153.60214774  155.20158782  157.10228453
  160.52804804  163.54475262  166.34930584  168.4251158   167.12648703
  165.92097369  164.15971512  163.60013362  165.24774431  166.89411915
  168.53937131  169.81580248  170.63496004  171.4534525   172.27127954
  170.34208699  166.06719779  161.79529475  157.52630989  154.99366807
  153.46743635  151.94226419  150.41815218  153.13005074  157.43120861
  161.72913705  166.0238344   164.33208945  162.26235748  160.50564656
  159.13984122  161.9656292   164.27157586  166.57574902  168.57059111
  168.93770417  169.94442979  171.98837497  172.89795453  172.66201301
  172.42617715  172.19044703  171.86213542  169.72939873  168.90894494
  168.01691469  166.86891851  166.36902041  164.16156686  161.95569957
  160.68632436  160.93931727  161.19205427  161.44453523  161.81478531
  162.31542814  162.81532455  162.68425819  164.95878341  166.73599794
  168.82076129  171.62289703  171.80600547  170.02386209  168.02555221
  166.02868646  161.3411132   155.56777185  149.85488571  144.67268434
  143.3158244   142.71007775  141.42582718  140.28352756  139.3918391
  138.63100692  138.32755443  139.06909806  142.75115005  146.43032377
  150.10661775  152.01182971  149.87004577  150.16298601  151.21257921
  152.27662448  156.74976407  159.93934146  163.14294357  167.57000672
  163.15002495  159.71526416  156.26803318  154.87764694  156.74561244
  155.97773207  156.1842957   156.58639414  160.04550313  161.72701711
  163.90598177  159.93757008  156.42531936  161.98825721  160.81845284
  167.90066013  169.58208149  159.86065908  153.67067781  144.91584601
  135.15764325  139.72051667  143.02838834  147.12067779  144.24105709
  139.9710459   135.87083962  133.64727681  143.85032741  151.7285038
  157.70778168  154.50822291  152.83281383  154.39151247  157.34774493
  164.69872497  153.8894687   138.37000524  130.01826995  119.01357722
  116.7172323   130.9469356   137.66675568  151.01974761  167.10905386
  166.9707264   152.21555413  143.68708982  140.7646915   128.41899445
  140.02767007  143.23929626  136.83364546  147.8306307   146.95049793
  141.82165102  144.26073646  145.49927057  139.91086655  131.30957332
  126.16087333  123.51543565  125.38911598  138.28632813  132.8131948
  131.11587103  121.69690628  128.46714266  138.41374242  142.53368182
  151.81451284  152.33166034  155.06857879  156.66402495  160.46842233
  160.49852206  158.6424889   155.60645907  152.64237505  146.17810082
  144.8402844   146.8704207   149.15201326  155.42710644  156.64520336
  156.05462798  155.17996307  147.14756405  146.24112147  147.30399035
  149.46542361  157.22318429  154.01433088  152.10403122  150.47878564
  145.89036353  149.06906957  153.84717221  158.22999801  153.80372568
  152.12599906  144.69120999  135.56118074  140.27810004  141.07526609
  149.10442667  153.92013572  149.83061465  135.79551453  129.00010646
  128.78039046  136.77771107  145.27046816  132.80897691  131.20744591
  127.36561757  126.86882613  137.55725285  132.72717982  129.54958771
  129.90799882  135.02989268  140.91478418  134.53014956  133.90489951
  135.44595491  138.97998155  144.67195145  140.93065608  130.21469276
  128.87929033  135.55500922  143.80236548  152.25906065  152.70166439
  150.89879074  146.72589947  136.99062607  127.50425948  129.54204422
  133.97337755  143.47665789  147.19016129  145.73375985  142.29145744
  137.25017951  127.83158947  118.51950992  117.61252276  118.64018607
  120.46801128  113.60909918  109.78528552  114.21115449  120.41451242
  134.92713455  139.30324824  137.57366131  139.32022656  139.70573774
  138.17003142  135.26924824  130.0237826   120.38920278  109.84840517
  107.80706181   98.27344819  104.804981    115.93414042  118.59096522
  129.80409102  132.55672901  132.40534207  137.68263281  142.73144995
  141.05641619  139.60612241  140.05663522  138.22329066  138.02175569
  126.3617912   118.0824964   113.48569356  115.10105218  128.2104141
  133.05722089  139.06754338  138.32224815  132.03662863  131.00357208
  131.87155534  134.28939307  141.39654498  142.09829795  138.57260131
  136.23189896  129.96938799  123.67258178  125.89355631  126.06902322
  131.84089729  136.93243016  137.01826126  140.22776903  140.86252213
  141.00167234  139.62467765  139.91884803  142.91451396  146.92791628
  147.2776859   144.31981149  140.2149998   131.37051604  132.07007835
  132.78979203  132.14871628  134.14728542  134.92748971  133.5220641
  135.43778164  139.06173568  138.16283091  139.89654111  138.2807866
  136.29698516  134.97726382  131.02027156  128.98926389  125.82722497
  124.9060211   129.6197167   132.96591888]
