[  30.2869471    30.29828745   30.30955065   30.32069576   30.33176694
   30.34269927   30.35354982   30.36429433   30.2676585    30.05153299
   29.83449609   29.61654601   29.39767387   29.17785692   28.95710806
   28.73545356   28.51285694   28.28932377   28.06484081   27.83945537
   27.61311041   27.38583616   27.15759994   26.92845392   26.69833669
   26.4672917    26.23528251   26.00235144   25.76843949   25.53359608
   25.29779057   25.06104991   24.82332347   24.5846528    24.46921006
   24.51652591   24.56375099   24.61103777   24.65839792   24.7058141
   24.75328052   24.8007972    24.84839913   24.89604559   24.94375411
   24.99150574   25.03934581   25.08722323   25.13517312   25.18316334
   25.2312408    25.27934984   25.32753745   25.37577137   25.42408694
   25.47243269   25.5208543    25.56933268   25.6178856    25.66647171
   25.68936545   25.67144555   25.65336258   25.63509858   25.61666509
   25.59808531   25.57932955   25.56040343   25.54129645   25.52205064
   25.50261757   25.48302464   25.46324398   25.44332312   25.42320822
   25.40293945   25.3824848    25.35642569   25.32622103   25.29590506
   25.26542458   25.23480665   25.20405105   25.1731576    25.14215022
   25.11098467   25.06371689   24.98578955   24.90760414   24.82918402
   24.75047708   24.67150961   24.59228126   24.51280681   24.43306791
   24.3530547    24.2727792    24.19224105   24.11146691   24.03040233
   23.94907405   23.86748172   23.78562499   23.70351806   23.62114327
   23.53799525   23.45452087   23.37078474   23.28681242   23.20255163
   23.11802806   23.03324136   23.00527575   23.11026281   23.21544564
   23.32084363   23.42645703   23.53228607   23.63835717   23.74461835
   23.85109591   23.95779009   24.06470778   24.17185597   24.27920159
   24.3867648    24.49454585   24.60221046   24.70981584   24.81762806
   24.92565413   25.03389427   25.14237633   25.25104543   25.35992931
   25.46902821   25.57834235   25.68789308   25.85636378   26.19518997
   26.53479062   26.87519452   27.2163486    27.55827836   27.90098614
   28.24447286   28.58875341   28.93381815   29.27964738   29.62625911
   29.97365424   30.32183367   30.67083161   31.02058269   31.37112077
   31.72245189   32.07459624   32.42750105   32.78119644   33.13568332
   33.49096259   33.8470699    34.20393884   34.56160105   34.88318888
   35.06946543   35.25614915   35.4431817    35.63059561   35.8183913
   36.00659437   36.19516864   36.38411239   36.57343961   36.76315071
   36.95328573   37.14376603   37.33463148   37.52588248   37.71751946
   37.90956919   38.10199376   38.29479139   38.48797668   38.68155005
   38.87555338   39.06990437   39.2646447    39.4597748    39.65530986
   39.80533872   39.73113311   39.65667363   39.58195995   39.50699176
   39.43181055   39.35633226   39.2805985    39.204611     39.12840465
   39.0519024    38.97514339   38.89812729   38.82085378   38.74335729
   38.66523911   38.58429649   38.50310885   38.42167795   38.34003779
   38.25811333   38.17594274   38.09352575   38.01088402   37.92799123
   37.84483321   37.75326576   37.60498657   37.4563184    37.30729398
   37.15784048   37.00799474   36.85775632   36.70801464   36.55904729
   36.40965072   36.25984169   36.10961973   35.95902183   35.80797238
   35.65650853   35.50462982   35.35234494   35.19966242   35.046536
   34.89299277   34.73903224   34.58465392   34.42989302   34.27467749
   34.11904271   33.9629882    33.82250899   33.858606     33.89469904
   33.93081435   33.96695194   34.00313813   34.03932907   34.07553354
   34.11176029   34.14800934   34.18428948   34.22060953   34.2569255
   34.29326378   34.32964022   34.36604253   34.40244776   34.43887532
   34.47532519   34.51179739   34.54832729   34.58484417   34.62138338
   34.65794494   34.69454478   34.73117053   34.75973085   34.59161716
   34.42306018   34.25409257   34.08464905   33.91473686   33.74434959
   33.57351705   33.40225401   33.23054789   33.05837631   32.88575743
   32.71269074   32.53920707   32.3652447    32.19083134   32.01596814
   31.84065942   31.66492218   31.48870619   31.31203832   31.13491805
   30.95736517   30.77934931   30.6008686    30.42193343   30.24254332
   30.57879599   30.91787656   31.2576403    31.59811411   31.93930999
   32.2801725    32.620639     32.96177504   33.30358125   33.6460583
   33.98924086   34.33306186   34.67760769   35.02271942   35.36846887
   35.71512319   36.06234751   36.41012137   36.75877182   37.10806459
   37.45786876   37.8083499    38.15979346   38.51172876   38.86424809
   39.21744702   39.36095074   39.49381024   39.62686891   39.7604816
   39.89403858   40.02775574   40.16169241   40.29624753   40.43062497
   40.56522252   40.70004038   40.83548201   40.97074222   41.10622335
   41.24233224   41.37825692   41.51440311   41.65079151   41.78777202
   41.92458507   42.06162043   42.19929293   42.33677465   42.47447927
   42.61246971   42.75097725   42.75031541   42.7356462    42.72103052
   42.70644698   42.69149845   42.67656101   42.66173852   42.64650967
   42.63118729   42.61595836   42.60067689   42.58507285   42.56937482
   42.55385205   42.53811039   42.52186232   42.50573678   42.48947536
   42.47293364   42.4562975    42.43987572   42.42315301   42.4062326
   42.38948431   42.37251746   42.35531178   42.21343372   42.05216315
   41.89021745   41.72782165   41.56503635   41.40226076   41.23869352
   41.07473561   40.91076118   40.74603867   40.58090458   40.41537825
   40.24984641   40.0835326    39.91682535   39.74974337   39.58260895
   39.41471723   39.2464305    39.07812293   38.90904317   38.73956721
   38.56975001   38.39979244   38.22912367   38.0580753    38.4641773
   38.99604042   39.52892192   40.06291829   40.59813095   41.13407824
   41.67104775   42.20922125   42.748464     43.28851083   43.82972955
   44.37210522   44.91523803   45.45939978   46.0048315    46.5512554
   47.0985147    47.64680678   48.19647492   48.74695456   49.29835577
   49.85110003   50.40474549   50.95926453   51.51482311   52.07183992
   52.9976605    54.03006064   55.06444919   56.10135646   57.13973692
   58.18011137   59.22301089   60.26741634   61.31379353   62.36298497
   63.41523954   64.46895495   65.5247189    66.58315756   67.64303413
   68.70496514   69.76895255   70.83566114   71.90377693   72.97395503
   74.04630119   75.12120759   76.19759414   77.27608693   78.35731051
   79.43992328   79.54292461   79.29142698   79.03967816   78.78675722
   78.53321732   78.27938525   78.02500301   77.76959974   77.5138268
   77.25636011   76.99653204   76.73058701   76.46351231   76.1964079
   75.92803688   75.65980743   75.39049025   75.12095936   74.85079498
   74.5798596    74.30880724   74.03701675   73.76431952   73.49156671
   73.21756991   72.94368183   72.91686854   73.00110489   73.08534564
   73.16945598   73.25407574   73.3380931    73.42285652   73.50711791
   73.59192382   73.67659884   73.76127795   73.84636758   73.93091925
   74.01618697   74.10152712   74.18626011   74.27174472   74.35672331
   74.44225043   74.52764552   74.61304459   74.69885715   74.7841275
   74.87011921   74.9555337    75.04163638   74.989495     74.86214743
   74.7347001    74.60647167   74.47851628   74.34957773   74.22101098
   74.09213739   73.96231773   73.83250593   73.70083094   73.56892238
   73.43691291   73.30413563   73.17162231   73.03814352   72.90502526
   72.77117474   72.63721964   72.50302708   72.3682033    72.23356723
   72.09797409   71.9627293    71.82669214   71.69067527   71.52015798
   71.32635273   71.13233822   70.93798433   70.74290737   70.54790485
   70.35186263   70.15605011   69.95935866   69.76257727   69.56532707
   69.36748354   69.16963886   68.96904183   68.76859977   68.56723642
   68.36590777   68.16399764   67.96162943   67.75919832   67.55615568
   67.35253352   67.14890463   66.94427586   66.7398475    66.534512
   66.17448458   65.69232621   65.20925462   64.72561735   64.24060394
   63.75527862   63.2685553    62.78148208   62.29326849   61.80425117
   61.31453728   60.82358043   60.33222193   59.83997022   59.34637663
   58.85242088   58.35710376   57.86138868   57.3645493    56.86689475
   56.36852301   55.86893363   55.36889665   54.86749983   54.36571982
   53.86275485   53.89586541   54.43008072   54.9648778    55.50086401
   56.03718323   56.5748224    57.11329126   57.65208133   58.19220692
   58.73282722   59.27443064   59.81691645   60.35996743   60.9042481
   61.44882229   61.99476848   62.54113785   63.08868428   63.63877094
   64.18955398   64.7415704    65.29388351   65.84763655   66.40176579
   66.95717076   67.51353621   67.37588389   66.46610879   65.55468198
   64.64149139   63.72707317   62.81050293   61.89288703   60.97321294
   60.05231414   59.12965525   58.20534409   57.27968194   56.35196641
   55.42311326   54.49219442   53.56009624   52.62615278   51.69064543
   50.75372512   49.81498893   48.87459566   47.93279676   46.98900621
   46.04398586   45.09696587   44.14867836   43.78183782   44.18685004
   44.59261145   44.99873525   45.40582512   45.81315551   46.22151779
   46.63025619   47.03975151   47.44908297   47.8552644    48.26232022
   48.66987965   49.07770826   49.48646202   49.8953527    50.30523912
   50.71540963   51.12627699   51.53775574   51.94957855   52.36230474
   52.77514671   53.1890107    53.60309976   54.01798765   54.82607674
   56.25834539   57.69299321   59.12920695   60.56799193   62.00885361
   63.45124874   64.89625569   66.34291665   67.79193204   69.24296544
   70.69589343   72.15129335   73.60815065   75.06771479   76.52881271
   77.99244828   79.45796937   80.9255046    82.39547394   83.86689456
   85.34108229   86.82011688   88.30331677   89.78881641   91.27591908
   92.080862     91.5761801    91.07055307   90.56444411   90.05677294
   89.54896036   89.0395542    88.52995896   88.01911454   87.50747315
   86.99518047   86.48149768   85.96756433   85.45202723   84.93633979
   84.41930694   83.90161234   83.38328645   82.86369237   82.34329005
   81.82221589   81.2997775    80.77704244   80.25274349   79.72824103
   79.20241679   79.14570969   80.18738513   81.23027168   82.27522661
   83.32104121   84.36911274   85.41820892   86.46922168   87.52172301
   88.57556241   89.63144947   90.68871583   91.74716338   92.80775504
   93.86913161   94.93286244   95.99756458   97.06423768   98.13240201
   99.20188977  100.27349266  101.34582773  102.42058564  103.49619058
  104.57397806  105.65308357  106.52521819  106.79408341  107.06247207
  107.3320381   107.6019335   107.87125791  108.14181078  108.41192491
  108.68300047  108.95413341  109.22550429  109.49766004  109.76932399
  110.0421859   110.31450724  110.58798467  110.86133295  111.1351037
  111.40948291  111.68354476  111.95872647  112.23330958  112.50915579
  112.78533556  113.06095841  113.33775712  113.75940582  114.71871966
  115.67969753  116.64138171  117.60526562  118.56955513  119.53620529
  120.50359638  121.47266806  122.4432259   123.41466171  124.38824847
  125.36219407  126.3385608   127.31553542  128.29442357  129.27497146
  130.25208679  131.22669042  132.20267522  133.17938668  134.15819358
  135.13716922  136.11852924  137.10032585  138.08396042  138.87916847
  138.74490586  138.61110174  138.47587869  138.3415099   138.20589474
  138.07079057  137.93506411  137.79894221  137.66315762  137.52669479
  137.38961133  137.25297464  137.11493217  136.97772696  136.83928628
  136.7013441   136.56278224  136.42382453  136.28513828  136.1451667
  136.00596482  135.86542444  135.7255952   135.58492699  135.44408348
  135.31312219  135.2495829   135.18680059  135.12378419  135.05960078
  134.99628151  134.93174171  134.86800935  134.8035503   134.73902163
  134.67464138  134.60931732  134.54474133  134.47889542  134.41395935
  134.3481356   134.28245825  134.21670918  134.15023702  134.08439806
  134.01729464  133.95109382  133.88471142  133.81706691  133.75032188
  133.68269381  133.64935211  133.99640189  134.34329853  134.69139513
  135.03879397  135.37604902  135.69082677  136.00633403  136.32136699
  136.63696586  136.95313296  137.26882094  137.58524317  137.90201462
  138.21841312  138.53616258  138.85331532  139.17120952  139.48861417
  139.80659299  140.1251483   140.44320922  140.76201636  141.08117604
  141.39994996  141.71958767  142.0339795   142.2157354   142.39658118
  142.57788859  142.75965894  142.94080196  143.1225804   143.30459305
  143.48609084  143.66834149  143.85059598  144.0335483   144.21557846
  144.39807479  144.5810386   144.76336648  144.94633641  145.12954233
  145.31222615  145.49567085  145.67911841  145.86215853  146.0464896
  146.23017879  146.41434003  146.59785669  146.78202205  147.04442065
  147.30671685  147.56985025  147.8330532   148.09601495  148.36037866
  148.62415797  148.88848365  149.15222098  149.41668438  149.68145649
  149.94575631  150.21090561  150.4761235   150.74098639  151.0068234
  151.27248643  151.5391278   151.80474371  152.07109553  152.33775875
  152.60393907  152.87098077  153.13808967  153.40483498  153.67256839
  153.82071571  153.96368985  154.10551225  154.24797131  154.39063566
  154.53270117  154.67552871  154.8183142   154.96062305  155.10381995
  155.24672617  155.38934078  155.53315697  155.67643301  155.81991566
  155.96279389  156.10644024  156.25004373  156.39316606  156.5371836
  156.68090753  156.82433691  156.9689777   157.11307327  157.25737678
  157.40107027  157.62436368  157.85567055  158.08656533  158.31843819
  158.55008832  158.7815142   159.01392195  159.24591476  159.47902003
  159.71100786  159.94385435  160.17673043  160.40549728  160.6343646
  160.86299213  161.09137832  161.32074602  161.54967908  161.7797259
  162.00862594  162.23838243  162.46815492  162.69748818  162.927811
  163.15788923  163.38772132  163.65648014  163.93076473  164.20621223
  164.48052991  164.75574973  165.0310191   165.30587573  165.58177026
  165.85744963  166.13291197  166.4094167   166.68550527  166.96164104
  167.2388906   167.51592236  167.7930021   168.06966014  168.34737037
  168.62485962  168.90212604  169.18044917  169.45834714  169.73629072
  170.0153635   170.29421266  170.57310823  170.80958385  171.03793443
  171.26601779  171.49383243  171.72267659  171.9510468   172.17942084
  172.40315584  172.6255405   172.84922046  173.0716501   173.29510146
  173.5182652   173.74113986  173.96503978  174.18844281  174.41183268
  174.63611251  174.85975408  175.0847056   175.30839022  175.53310783
  175.75753306  175.98166444  176.20683235  176.43149608  176.67220661
  176.918421    177.16400277  177.4098661   177.65657676  177.90328869
  178.14971802  178.39586311  178.64307172  178.88978299  179.13649291
  179.38412785  179.63112025  179.87839641  180.12652957  180.37466248
  180.62250752  180.87006305  181.11869459  181.36682072  181.61494394
  181.86400284  182.11240922  182.36110157  182.61068974  182.86100459
  182.88149161  182.81830883  182.75598841  182.69293353  182.62965246
  182.56708746  182.50364386  182.44026394  182.37745416  182.31362199
  182.2510828   182.18708787  182.12395117  182.06008248  181.99598798
  181.93260601  181.86834851  181.80415386  181.7405264   181.67588024
  181.61252109  181.54771172  181.48375641  181.41907159  181.35416134
  181.28996005  181.3314759   181.42087941  181.51095902  181.60013226
  181.68976591  181.77986053  181.87012845  181.95970474  182.04916548
  182.13944847  182.2289667   182.31865793  182.40902808  182.49848791
  182.58841005  182.67879506  182.76935404  182.85921837  182.94896659
  183.0395405   183.12934631  183.21932579  183.30998702  183.39973397
  183.48994515  183.5806211   183.74138501  183.94243702  184.14235968
  184.3431912   184.54332801  184.74371767  184.9449766   185.14799218
  185.35155965  185.5556804   185.75896022  185.96382265  186.16754886
  186.3721981   186.57615024  186.78036264  186.98535314  187.18949616
  187.39419591  187.5994538   187.80386119  188.00904947  188.2145002
  188.42051161  188.62559478  188.83094001  188.67890331  188.29053408
  187.902287    187.51415913  187.12474354  186.73566848  186.34641456
  185.95727438  185.56677983  185.17610706  184.78576563  184.39414995
  184.00264595  183.61125068  183.21858739  182.82624939  182.43372838
  182.0400896   181.6475598   181.25362666  180.86000954  180.46513797
  180.07036756  179.67569532  179.27977493  178.88416446  178.90059697
  179.24025377  179.58153895  179.92197776  180.26326988  180.60385269
  180.94507625  181.28694297  181.62809523  181.97010563  182.31247486
  182.65426815  182.99771636  183.34029932  183.68374785  184.02647076
  184.36984281  184.71386641  185.0571592   185.40132243  185.74584768
  186.08978324  186.43473975  186.77976562  187.12574412  187.47061291
  187.4490763   187.08445379  186.71856955  186.35304274  185.98735693
  185.61988812  185.2528333   184.88532985  184.51824969  184.14955987
  183.78100339  183.41257747  183.04291147  182.6735917   182.30411216
  181.93354184  181.5634562   181.19292408  180.82144866  180.45109116
  180.07950643  179.70804239  179.33535698  178.96300339  178.59048616
  178.21689388  178.56217047  179.70826479  180.85451245  182.00297516
  183.15130563  184.30086216  185.45026903  186.60112136  187.75291528
  188.90468933  190.05807081  191.21209871  192.36624184  193.5221598
  194.67841821  195.83646984  196.99378072  198.15257955  199.31233111
  200.47201555  201.63335897  202.79534198  203.9574019   205.12129727
  206.28550825  207.43611098  208.46355878  209.33857638  210.21265128
  211.08475928  211.95893078  212.83351622  213.70683843  214.58224489
  215.45806533  216.33268668  217.20924327  218.08535726  218.96204951
  219.83992612  220.71743706  221.59518182  222.47429361  223.35320572
  224.23199889  225.11234593  225.99133263  226.87250089  227.75408327
  228.63428439  229.51668803  230.3995058   230.95794032  231.00451997
  231.05109502  231.09594117  231.14241587  231.18797798  231.23371666
  231.28026791  231.32599684  231.37153903  231.41807608  231.46397207
  231.50931752  231.55584035  231.60190366  231.6470521   231.68904672
  231.72682433  231.76641572  231.80600037  231.84375631  231.88332712
  231.92289119  231.96071661  232.0001757   232.03871611  232.06584027
  232.07153434  232.07638594  232.08103346  232.0866628   232.091632
  232.09603218  232.10159679  232.10668365  232.11083643  232.11633633
  232.11998952  232.12544625  232.13088145  232.13446964  232.13986167
  232.14523217  232.14884666  232.15408272  232.15938853  232.16312067
  232.16810942  232.17252874  232.17674381  232.1819418   232.18647898
  232.2356473   232.392005    232.54794953  232.70302223  232.85951133
  233.01576965  233.1707875   233.327408    233.48223541  233.63894305
  233.7956949   233.95074185  234.10748878  234.19294271  234.09049009
  233.9892604   233.8874111   235.21131285  238.95522389  242.70006346
  246.44589744  247.87866776  246.64039401  245.40060165  244.16170821
  246.17230948  250.75896112  255.34920725  259.93935339  256.57418656
  248.9455079   241.31172319  233.67640837  231.74515489  231.7679286
  231.79196707  231.81626656  233.13771272  234.71132161  236.2853892
  237.85953698  242.750827    247.8869933   253.02431687  257.98851263
  256.08454279  254.1783357   252.27300381  249.89300279  243.98666635
  238.07965304  232.16835429  228.82690063  235.04251017  241.25913366
  247.47966908  252.12217317  253.16909782  254.21743393  255.26598669
  251.95767585  242.08197206  232.20157917  222.31611766  216.66539151
  215.38280567  214.09847418  212.81501907  216.7721952   224.43677547
  232.10621701  239.77709959  237.31561384  230.07292145  222.82563627
  215.57653943  211.70947503  208.83346634  205.95706348  203.0798321
  207.39502288  212.8212693   218.25085739  223.68582643  229.88789696
  236.12442646  242.36249167  247.81992118  239.35400547  230.88247724
  222.40876356  216.0795958   222.24588368  228.41510983  234.5856154
  240.3030053   244.57727377  248.85203515  253.12971074  255.76925422
  255.13239142  254.49581421  253.85911734  252.12062924  248.90669143
  245.69094047  242.47233487  243.54968049  248.58408617  253.61899918
  258.65809031  263.2557331   267.57438802  271.89709962  276.21993502
  275.92212838  273.71226215  271.49973302  269.28723871  264.13338051
  258.24471488  252.35395082  246.46114388  244.05963083  242.07000743
  240.08002018  238.08777402  240.37156391  242.70721709  245.04218085
  247.08149049  245.76440936  244.4491124   243.15324957  242.25935176
  243.27198967  244.28552813  245.29822609  247.91757394  254.91186293
  261.90928446  268.91175048  271.95410108  268.00667373  264.05689391
  260.1051631   257.37154301  256.09949872  254.82648858  253.55080996
  255.85562638  261.10455432  266.35471638  271.61028372  274.2855727
  275.52132661  276.7599999   277.99777481  275.52371822  271.71460029
  267.90160612  264.08677838  263.20148655  262.918289    262.6350752
  262.35257083  252.80377724  242.47198101  232.13451153  221.90344229
  218.66700379  215.42844912  212.18609901  210.19284045  218.35610573
  226.52278048  234.6963859   242.72435209  250.17161191  257.62408537
  265.07992934  269.29544649  265.82112825  262.33076776  258.83879394
  256.73546833  256.8013308   256.86699261  256.93367401  254.80200792
  250.32640574  245.84844658  241.36621918  238.07331824  235.65041863
  233.22438508  230.79893028  233.51699546  238.76192863  244.01140441
  249.26229054  251.56235594  252.95193841  254.34110245  255.7311465
  258.7139684   261.96180545  265.21106021  268.46300108  263.51363361
  258.14076939  252.76509293  247.3598747   241.4208045   234.24366533
  228.22504771  223.48974613  230.42775496  237.81776301  244.2771159
  249.75203432  249.31638044  248.98579907  249.25257481  249.91438212
  250.22523996  250.97045441  250.40369847  251.44084447  253.56994702
  254.93614499  256.94932544  256.18735818  250.39430183  245.58995265
  240.27103276  238.62600799  238.55868477  238.34540533  239.44924395
  237.74469174  235.07827376  233.05967284  231.99949736  239.34477074
  248.75106925  259.13024464  269.17157482  271.23747775  274.33326817
  275.16036763  275.98917055  272.80109817  269.52895212  266.25555154
  263.19714768  262.92484279  262.65241332  260.62627433  258.03014491
  253.57849032  249.14769728  245.1106482   242.86908957  244.94231855
  247.07476747  250.71019075  255.60088808  264.09083406  270.83319484
  277.57736217  276.54568092  270.00311712  264.53806603  258.5258341
  254.70527536  248.85820043  243.00891675  237.06720092  235.14893115
  237.92611782  240.52829427  244.84092324  252.17743187  258.90796339
  265.64237325  271.67015338  271.41400876  270.75667554  270.38657512
  270.58727932  273.97501115  277.75542588  281.53621056  285.30852588
  287.55193035  289.79848297  292.04591689  293.93973723  292.7013782
  291.46249346  290.22089197  289.62254998  291.68308612  293.74244257
  295.79716827  296.9413757   295.96539956  294.98952066  294.01572647
  293.26674704  292.8861266   292.50548023  292.12480805  290.31777065
  286.9351359   283.55020138  280.16528058  279.27172915  280.27126091
  281.2707502   282.27233619  282.41230362  282.1126108   281.81289295
  281.51315014  282.01038082  282.76773833  283.52393207  284.27952003
  275.55082373  265.12959341  254.70850074  244.288624    242.33213216
  240.89584667  239.45956009  238.07219517  238.01602554  237.96049948
  237.90552167  238.19461908  240.81759997  243.44050827  246.06334314
  248.05348519  247.83636189  247.61752511  247.39946952  245.12229019
  238.34768652  231.57204561  224.79717645  219.97095396  217.95688383
  215.94248962  213.92777197  212.29414272  211.03873178  209.78140241
  208.52386336  213.32497323  222.22531708  231.12693556  240.03147034
  246.78623038  252.57556184  258.36570428  264.15665582  269.39639526
  274.48566646  279.57501641  284.66429106  288.11406076  291.33391236
  294.5541912   297.77597946  291.65767383  285.25113801  278.84365495
  272.57698888  268.39190755  264.20673528  260.02197477  256.19747786
  254.31622095  252.4346686   250.55282143  249.31695193  250.01487232
  250.71094023  251.40707567  253.51369176  258.30951037  263.10596557
  267.90523142  269.75651486  267.81971071  265.88260701  263.94520437
  261.51689048  258.6554856   255.79573788  252.93346383  257.91362198
  267.60430682  277.29628179  286.98954371  296.41322323  305.72860199
  315.04520669  324.36303427  322.56093071  318.17717108  313.79329129
  309.40704121  296.5779259   282.86255738  269.14558068  255.42700029
  261.56157667  267.72429792  273.8869425   280.10032705  286.8083908
  293.51718136  300.22780196  306.09160892  308.23123324  310.37106238
  312.51109565  311.89588484  304.15722644  296.41885325  288.67771521
  282.76020047  279.91746814  277.07438901  274.23107654  273.92597967
  276.52776903  279.12981184  281.73210724  287.98994817  297.12931742
  306.27216433  315.41352642  321.19556978  325.19010451  329.18503267
  333.18035295  336.2031058   338.89173953  341.58048338  344.26947484
  341.67067838  338.06418862  334.45934516  330.85267336  329.33122179
  327.9583611   326.58531805  325.16812647  322.16039061  319.15201277
  316.14208713  313.69613695  315.37582186  317.05564439  318.73652641
  320.72735283  323.85318617  326.9793032   330.10570289  330.00588011
  322.62898716  315.25302603  307.87406494  302.09041621  298.69379797
  295.29682882  291.89950988  291.9561369   295.54475938  299.13367941
  302.72289578  300.76359283  294.90870966  289.05565864  283.19959096
  284.20308995  288.4203653   292.6379895   296.85596114  304.18489364
  312.41815102  320.6517311   328.88601078  327.00025193  323.57356151
  320.14652989  316.72166588  320.17386773  323.90296962  327.63236202
  331.27377077  333.3920757   335.51262743  337.6319431   336.93659686
  320.11903     303.29997538  286.47943859  273.13161583  270.65730814
  268.18173066  263.66010896  258.31361216  260.22415681  263.51297352
  267.27646281  278.14688517  290.22922856  301.66244427  315.46715208
  322.67172424  327.81506924  333.23257833  334.92454776  324.88631099
  308.73105195  288.73240114  275.76784574  264.40122985  255.69510724
  249.916009    239.69652988  252.18251284  269.30777285  283.5927121
  301.53562566  305.52192784  306.67774551  309.7924292   312.54525945
  306.21127092  299.9593223   293.77150406  286.39681218  265.69246003
  245.926815    226.24650982  211.54280682  220.7970594   229.92612141
  238.86287429  250.82023999  271.27164506  291.3044958   311.3753207
  322.58662693  317.81053709  313.03478862  308.49822772  301.59678169
  289.37942947  276.92945145  264.47865618  252.46448089  240.8081846
  229.14910026  217.48926445  224.72271792  242.39548795  260.06931813
  277.74656058  295.3418303   312.90938373  330.47796705  348.04757435
  341.78243002  330.67264368  319.55953151  308.44558091  309.13421725
  310.78728627  312.44094409  314.09419686  315.66948149  317.24216188
  318.8149123   319.30743136  311.17859158  303.04917137  294.92131205
  287.09416894  280.44309398  273.79154716  267.13953073  265.98108493
  277.75165681  289.52235324  301.29295045  312.07631481  321.32595087
  330.57614458  339.82820136  349.44034584  359.4326496   369.4255453
  379.41902953  387.03309421  392.91485865  398.79868017  404.68029636
  402.63617529  396.72353541  390.81048594  384.89719405  374.19696828
  362.02871289  349.85967789  337.68986739  334.47760354  332.73177932
  330.98865852  329.24253542  319.52313426  309.40778959  299.29181429
  288.99897661  275.06972692  261.13738426  247.20408622  236.56972296
  246.26429218  255.95938781  265.656725    277.97654009  298.92685363
  319.87831253  340.83416747  355.72448883  358.10155143  360.47847726
  362.85416149  367.08643067  373.88294814  380.67996918  387.47866477
  389.40081277  386.69771995  383.99436586  381.29075143  373.58671201
  362.64327499  351.70103868  340.75523027  339.81165778  343.14874499
  346.48605114  349.82357509  346.29511917  340.03324706  335.40755022
  328.07047324  323.62833034  318.7796958   314.70570207  309.04539138
  299.97406527  292.81727045  283.9091623   276.42377438  273.63419392
  268.97381462  265.46642867  260.95010154  246.91817407  234.45477195
  221.61544444  210.78603503  209.73484486  207.9783846   206.64540318
  208.59608159  217.91980368  227.54666512  236.6965785   251.09001752
  268.99045632  286.88616566  304.7807518   318.87546509  329.75891912
  340.64206573  351.52490051  359.07216356  364.70027541  369.51216927
  371.95126244  372.78388429  374.27708726  376.48593031  380.74464356
  386.04407101  387.84496464  389.15917306  390.57894515  385.63912954
  380.16382125  374.68861754  369.25360003  368.25635274  367.25310494
  364.23079458  365.29028007  375.64233946  384.97433933  394.30449869
  401.4265958   399.49069987  397.55487051  395.61910847  393.70720397
  390.05841919  389.99703985  388.14379395  383.73333771  374.15297106
  367.39505415  357.4593892   355.90635772  363.97205216  370.14004127
  376.30707597  374.89429681  366.07533121  358.37657197  351.55966504
  349.86845779  349.7287175   348.89315141  348.05759475  341.86031941
  333.57180869  323.64817086  317.53290078  302.17793847  284.84551992
  267.51426876  250.1820753   253.81084834  258.68754481  263.5638616
  268.91910644  286.66497356  304.40911868  322.15335562  338.45825308
  345.19631963  351.93385041  358.66763791  365.10885749  370.52778281
  375.94625866  381.36428287  386.15694486  389.61889084  393.08127196
  396.54322293  396.47636701  391.3527312   386.22789468  381.10619896
  383.92539952  394.54373746  405.16084648  415.77298922  424.51707575
  432.00438646  439.49080154  446.97631803  447.48170185  444.87851385
  442.27736929  439.67645835  435.37606952  430.61094748  425.84286043
  421.07894322  415.59340879  410.00871118  404.42459932  398.83801649
  400.62935352  402.63275185  404.63586235  405.85633556  395.91914248
  385.98207121  376.04843593  363.61341676  337.94139329  312.27235055
  286.60370385  260.63690144  233.77289647  206.91205615  180.05439105
  163.33494418  165.7871845   168.2396257   170.69174846  185.31782314
  215.47901581  245.63487973  275.78871055  299.80456086  318.43773854
  337.06859409  355.70300297  364.73617026  368.03486899  371.33333633
  374.63157088  380.48591099  387.33594057  394.18744171  401.0385046
  404.62178862  407.45373808  410.28172387  413.113209    414.77903461
  416.32511459  417.86932751  419.41142188  416.74799367  414.08466277
  411.42143027  408.7300936   405.76273551  402.79923905  399.83586355
  393.63350371  373.37394226  353.11313319  332.85531832  312.32340988
  291.08525995  269.84838681  248.61222841  226.20097659  201.82671707
  177.45396929  153.08274352  146.40276121  159.86235534  173.32240764
  186.78156543  207.83986405  234.84279042  261.84258786  288.84056414
  311.65570161  332.26157618  352.86603068  373.468884    389.51311746
  404.02479854  418.53543857  433.04503142  435.67846944  436.06954422
  436.44891806  436.82689974  442.53713569  448.61823567  454.6969171
  460.75558987  466.20625209  471.65605426  477.1049942   482.51661284
  487.65978842  492.80661645  497.95261757  501.34593735  498.36396536
  495.37936908  492.39655106  490.10648457  489.3612762   488.61610847
  487.87030025  491.28923989  500.89942672  510.50809991  520.1152556
  520.88486305  512.6680361   504.45675573  496.24688477  492.91789385
  492.98934878  493.05864841  493.12740302  499.64967204  509.16776456
  518.68432387  528.19934613  531.4748548   532.95624182  534.43487546
  535.91317904  536.823211    537.64412511  538.46733073  539.29157651
  542.31619242  545.42448078  548.53086533  551.37409802  549.88521798
  548.39651545  546.90799099  545.5175104   544.6765713   543.8408295
  543.00515386  543.19495633  546.56968898  549.94114029  553.31577934
  549.89013504  533.08256264  516.27788126  499.47138257  491.33191108
  494.65548594  497.9783968   501.30064231  511.2216234   527.13341755
  543.04446132  558.95257326  564.23231054  562.93318851  561.62942948
  560.33088584  553.26542613  543.85808053  534.45235851  525.04402917
  514.44111298  503.54929981  492.65939731  481.7714098   497.80529855
  516.90002799  535.99493084  555.08692401  551.79828847  548.31615966
  544.82928057  540.95037986  532.78333006  524.6174257   516.4526701
  494.54533936  443.13650819  397.23371581  351.90805757  328.30509811
  351.62191965  369.75763078  393.08775194  399.72181719  403.42840182
  407.82896014  421.5560255   443.85490496  462.02092733  475.1470659
  460.45309214  445.22713739  439.92871678  419.24654914  435.33772548
  420.45473147  428.42147119  442.63986006  423.40037701  434.4402474
  429.87767007  407.54092286  414.92520381  420.91228258  410.61501221
  426.11394531  436.05590255  436.09200011  450.99218783  468.22418245
  476.25455388  470.45716452  476.63465982  473.96886945  471.78932518
  483.73987444  493.12349812  500.78183659  505.97426157  498.85106298
  493.737253    488.87899257  487.46813661  484.02814521  471.93518769
  462.64622553  450.63243736  438.92311631  426.95495758  414.70221483
  394.97773591  375.52315618  351.95024435  327.50787931  322.9909553
  328.05948618  334.83614681  337.99206642  352.02184606  374.70047724
  394.69892662  420.74159113  433.96992657  439.57953345  441.5592918
  446.49027051  451.19760056  455.45410433  460.8613286   468.34938132
  478.08066419  490.76534419  503.47927485  511.16769328  509.97227037
  506.10406083  502.2379687   498.79654449  497.91915826  497.0418482
  496.16231915  496.39162817  500.28637129  500.05921926  504.56010336
  509.03109958  504.81110295  500.84547058  496.93162526  489.23148394
  483.81119562  482.10511852  480.03766539  478.89131515  478.62660362
  477.26058043  475.10694246  479.6191656   491.92792705  503.13040529
  517.11382704  526.17565971  526.58020254  532.16324155  537.0815903
  533.03609927  520.27166067  508.34472053  496.69785977  495.83841275
  491.99796283  491.53985754  490.94144634  496.04741844  506.39948206
  510.96464805  514.33965573  511.38390012  505.16107314  499.01445257
  497.80941131  494.36458789  494.3372062   497.70885396  495.59718114
  498.56373767  501.52568513  500.52723375  501.89377044  507.13292608
  515.14226515  524.70137157  535.00042886  540.23065123  544.03209582
  547.83179152  547.02843312  536.12477011  530.20871535  524.26299339
  521.33463719  521.61926233  521.25601661  519.57559514  509.25834744
  497.20585928  484.26588226  471.68199868  471.27949831  473.84337141
  477.39868539  480.77293018  486.20954196  490.16444813  493.45198248
  496.73627983  497.44206421  502.11282177  502.24207538  505.16588055
  508.57818953  513.81831648  519.63006997  521.97012483  519.65821964
  517.34719717  515.03705856  514.28324512  517.31550048  520.34626932
  523.37562987  526.59691412  530.1250959   533.65156068  537.17649816
  533.86109587  523.07872385  512.31153593  501.54928857  492.50476217
  490.56314394  486.50829993  482.45534804  482.83706788  485.45283699
  488.0674077   490.68125605  496.47000244  503.26634184  510.05975702
  516.85077456  522.42754808  527.79183023  533.15378654  538.51388541
  539.94317678  541.1457227   542.34776432  543.25105159  534.52137546
  530.36621935  523.92784728  518.7962162   522.20518892  525.61259753
  529.01879528  533.69142877  542.70613044  551.71690653  560.72424515
  562.17978089  546.09760893  532.23072131  518.01395966  499.00139765
  477.99228139  456.07514927  434.7998003   436.67240924  460.21029131
  481.36108863  505.10338628  516.83579349  521.26614084  525.04613009
  528.00115983  518.52266428  501.37411735  490.80670163  477.22020296
  478.60930893  468.18403721  466.63174617  467.06023578  457.96319992
  477.32266327  488.89390264  496.05127     509.05654506  504.80172306
  489.93947369  469.4744248   456.39722855  458.29963804  474.36203
  475.64823697  472.50437769  449.00761166  441.94815616  457.985213
  457.24903526  477.0535747   458.21165693  459.4205565   465.31444299
  458.43843303  474.28057746  473.08254478  476.24521191  476.84511753
  482.90064198  490.48303447  499.58608776  513.1731162   517.90831863
  524.12602931  532.37955047  544.37430503  560.7067746   559.01986957
  538.83346399  529.03586377  513.43864256  494.19472589  489.87293144
  472.47765567  452.60397789  441.8570088   429.1530526   414.50318319
  425.28166571  455.10926948  481.31841025  485.97961628  495.73974726
  477.84809538  474.94545325  488.77595405  482.56957015  496.50189107
  494.49243082  496.6038562   474.9841346   459.37014219  460.26717181
  461.60711014  467.91943616  466.57512345  450.0315448   438.24003842
  438.63889002  436.83513128  432.1102149   442.3149369   451.06403776
  456.7067547   475.39007316  471.30298506  446.95535384  432.63031489
  409.41439321  384.03826942  381.59822002  379.20492129  381.37545411
  389.57018281  397.6256204   405.62606676  410.38311666  408.34939827
  399.88585116  378.21072818  371.51669695  369.38310247  374.86455494
  388.64288963  402.32949653  414.45742671  427.5101523   439.9605615
  446.00392993  443.44321118  457.48315307  476.47505878  502.00781402
  525.82564288  524.69260423  523.61033997  520.6171808   520.86308416
  517.97067963  505.1867189   489.922515    469.03664918  454.66965585
  442.82269875  433.54532154  440.83417412  459.82921548  474.15189463
  490.59879751  501.05295599  500.88552911  508.14136628  506.27430332
  499.81621415  499.30698266  498.17888573  501.35089818  486.09257913
  462.16614136  437.46170321  408.93845321  385.55994393  365.62561902
  344.2849578   326.1812991   348.28211905  370.30730551  392.70661464
  416.13119794  435.80503678  451.97777195  470.76711814  484.28137924
  487.3600337   492.73921858  496.98131626  496.62033435  487.03935623
  478.43595528  466.96792997  467.55629641  482.88665362  496.78696196
  513.88977647  523.73637822  526.67654006  528.67440366  529.35931621
  532.93562353  537.08938589  541.4054337   544.11982396  550.56432714
  558.69772727  567.7026777   577.04275711  567.76079858  557.53868581
  549.11886457  542.11943418  539.76205504  535.83366575  532.55202885
  529.37440454  524.54952569  520.89294399  514.19095883  508.06952863
  508.02620857  507.98265197  507.93894521  509.50491875  518.39385916
  527.27759461  536.15612008  536.91662991  516.13385819  495.36270301
  474.60325705  459.45169585  453.95807517  448.46742617  442.979929
  446.99823605  462.14692891  477.28679793  492.41814469  499.70430515
  500.67564197  501.64624557  502.61654779  503.45766364  504.22816243
  504.99803962  505.767847    511.24278028  518.36094901  525.47481803
  532.58499666  528.4228456   522.02411064  515.6289339   509.23781733
  505.66383619  502.31119685  498.96047561  495.60142142  491.76140353
  487.92345301  484.08782417  481.67513907  490.24466479  498.80968992
  507.36991601  515.85338349  524.05964849  532.26091817  540.45772185
  542.33412711  529.60571318  516.88459052  504.17135354  499.8896572
  508.49586409  517.09680752  525.69263587  531.32625797  533.86296982
  536.3980782   538.93192968  538.2584163   535.28532306  532.3140193
  529.34447228  529.81057221  531.9247989   534.03791259  536.14950742
  534.91771195  532.68323274  530.44989487  528.21832098  524.38227792
  520.32808408  516.27557694  512.22418076  513.27496181  514.56030522
  515.84467832  517.61840061  528.80929619  539.99583908  551.17732583
  558.86216807  545.59014966  532.32295938  519.06164705  510.95127952
  519.47560154  527.99600048  536.51286879  543.68903276  548.14378525
  552.59639814  557.04686438  558.51754542  555.92819173  553.33970224
  550.75260297  543.86875463  532.96719663  522.06971184  511.17699223
  505.25885292  502.51399724  499.77069325  497.02810363  495.85435305
  495.34001582  494.82609905  494.31221826  498.85099547  504.67149088
  510.49071872  516.308682    519.21698602  521.76865317  524.31908491
  526.86915572  524.28000482  521.6090803   518.93894116  517.21661186
  526.74679769  536.27483018  545.80058291  554.81536804  561.36605927
  567.91545408  574.46280086  578.48020236  575.46693489  572.45470335
  569.44285025  562.2430606   547.5985151   532.96004747  518.32843935
  516.97794515  531.75508528  546.52543678  561.06619878  543.53059165
  467.01052283  371.31641714  288.9213762   232.41406684  196.18732762
  188.86082824  150.90069391  134.69858706  139.17408458  134.64668329
  136.84819923  141.50863477  145.09518569  169.33200491  178.56396369
  230.88836107  241.65654812  299.00879574  392.62720943  437.1988599
  469.69051761  462.09052581  384.12520836  319.23088899  341.63131862
  283.63502341  282.09121546  325.37787363  269.57128944  281.57748098
  323.51896981  276.21356444  284.58776455  332.52454733  319.30186254
  314.09040713  336.5186353   349.57921663  315.51093469  333.37684257
  367.3142262   368.41556277  370.31451443  383.66525759  392.77144008
  399.55408039  412.70949092  422.2903593   427.2965276   433.21873588
  445.01279841  440.48366012  434.76130318  444.06224311  452.09679177
  436.7027595   431.77411752  428.09469976  456.08344542  464.37025022
  456.41973842  460.01960564  467.30301331  483.28024012  478.45206919
  478.83729467  491.69492081  516.91728078  533.89584913  532.97005584
  530.44688339  528.36231253  540.57429168  538.0463042   535.87656139
  536.0667366   539.48960041  546.61276571  537.68037754  526.94363638
  522.98546133  519.73617819  522.00690433  523.55574146  514.23324807
  512.96532028  514.78389409  517.72335556  524.2569975   525.71300785
  527.11845173  528.52244238  529.92604086  537.62486537  547.00950343
  556.38980653  565.76500535  565.98332711  564.97428528  563.96604588
  562.9579317   556.51518805  549.93880601  543.36744555  537.6918753
  544.11626332  550.53779197  556.95601331  561.86720414  559.00987187
  556.15330307  553.29817275  551.72052477  553.86123657  556.00083135
  558.1388476   559.54860365  559.60000987  559.65155785  559.70246373
  556.03203073  547.68339957  539.33875172  530.99768139  525.64518288
  522.87523716  520.10613471  517.33831198  517.88208783  520.37078247
  522.85791147  525.34347046  530.61290174  536.94477851  543.27390504
  549.59906345  548.00089507  544.62566239  541.25163319  537.87957473
  535.56868064  533.3638813   531.15934001  528.96796851  530.11621457
  531.2531394   532.38833869  533.45955471  533.94271828  534.42484316
  534.90675535  535.28230836  535.20595788  535.13018271  535.05370307
  536.14974621  540.20084867  544.24964533  548.29638467  552.85617444
  558.26505414  563.67011723  569.07252225  570.04715529  566.04886908
  562.05301697  558.05879441  556.68943362  557.34465611  557.99982135
  558.65423994  558.86741933  558.85156142  558.83521658  558.81925941
  560.25965058  562.1875207   564.11413306  566.03922684  565.2376263
  563.93568846  562.63449553  561.33334843  559.47135855  557.57340463
  555.67589404  553.88471619  555.27768082  556.67006488  558.06106414
  558.94465652  556.2911923   553.63905395  550.98780662  548.24736791
  545.18591803  542.12555438  539.06674639  536.66117476  535.69148187
  534.72193815  533.75254487  533.88958273  535.6457073   537.40064788
  539.15497347  536.10064712  528.22383189  520.35082051  512.4823775
  509.65552421  510.29404862  510.9313931   511.56853881  517.06008601
  524.77007528  532.47607127  537.52804937  539.41439707  536.25680351
  531.09466661  529.79354141  533.75340408  538.5714066   543.38666525
  548.19932609  550.15338522  552.05932773  554.94307347  556.88447275
  547.15596052  536.36972377  524.51372417  517.40562214  508.11853693
  499.2937404   489.10068881  477.78903923  482.18137572  488.04240879
  498.07050035  506.12919983  507.92452829  513.92201537  519.92984128
  526.26230102  535.03611109  537.24596569  539.27234899  534.42486978
  529.50133736  522.39396765  518.81970257  515.37405566  511.97084419
  517.56232462  514.00374303  513.12954845  516.74582961  520.04137609
  523.46364959  528.43484517  526.93143008  525.14455386  523.35787502
  522.18104401  521.07105046  519.96156766  518.85287835  520.56290537
  522.28695819  524.00968991  525.56759005  525.42369781  525.27964565
  525.13600747  523.84333199  517.37135726  510.90245709  503.05852597
  495.54533812  492.5433678   488.01613168  483.75943617  482.38830089
  486.07369256  491.68598766  496.83860648  499.24028743  497.63961154
  494.39046901  494.70193732  498.28486833  501.93695522  507.48340905
  511.71860642  512.8065503   512.19449429  511.58293177  509.44558158
  512.1232028   518.53887382  525.06874587  534.1611656   538.956629
  540.80913796  542.66001459  544.51031016  544.49764993  544.34405319
  541.59734343  540.27284856  529.74482725  522.64775464  517.2666799
  512.32122791  509.97252184  499.16598732  489.73060901  486.27959677
  491.48061849  498.14004394  502.65754703  505.25044422  506.65225699
  508.29873705  513.6684089   516.65491645  518.73517669  517.46757596
  517.37923474  517.460744    518.66516443  519.32032497  519.48720228
  520.76446817  522.04981116  524.30089599  525.63885473  526.18122611
  526.96514936  528.48140588  533.02146875  535.84900428  537.99312786
  534.08046636  532.71582297  528.21303808  524.77270758  523.98426052
  522.08661379  521.28354083  520.641081    519.99846299  519.55712304
  522.84107678  526.12323298  529.40310951  531.15595737  523.8940802
  514.81589978  509.24441095  503.13843058  500.11623933  497.09581131
  494.07728765  494.40091798  501.4593802   508.51360204  515.56278389
  520.4457231   522.40104333  524.35503386  526.30724263  529.44495902
  533.68335735  537.91849249  539.23950688  540.54845435  542.31394521
  543.63623165  545.88854148  546.99701512  542.6067841   538.55299214
  536.08266426  532.03156747  526.65125603  523.05347004  519.76815753
  517.53463765  515.15063565  514.13046292  510.83946715  511.07729396
  508.55927632  507.17192141  507.13257406  512.12089529  518.80803928
  521.52861767  529.55393515  535.18759163  541.81425746  548.94554369
  544.49422839  533.71993776  526.06971998  515.06298167  514.13521423
  518.04633169  523.39167577  516.18151966  516.69545916  513.57962328
  493.04748174  489.92350438  487.67877086  487.52353602  503.59546002
  498.30582456  485.99356433  484.47679045  482.99589005  492.29786664
  497.22983996  486.01648086  477.8422664   483.03170241  488.53727275
  491.95016786  488.44857319  491.00364414  489.25657202  496.8011896
  519.03640356  486.75257525  471.69776871  444.65423825  424.43589344
  452.31645984  470.2376376   458.79669398  457.72577357  458.11665229
  461.87660634  494.22790549  509.27675997  475.20798792  444.10985376
  430.04842601  427.81737497  442.5657679   469.18965569  482.400145
  471.14087993  488.68346554  466.9609524   456.70648839  469.89780545
  453.7734677   466.40782078  468.52768627  462.7857687   459.61931831
  455.3329659   443.66309388  440.51727557  470.61044972  479.68728664
  493.16207808  501.26523145  496.769035    487.78735614  481.61649292
  468.34535083  465.85414624  467.54621457  468.49981382  469.01060428
  449.25891564  439.29543344  421.78241894  415.00294395  399.86192927
  385.85570343  363.92204878  316.55074456  288.31995866  259.11720377
  243.83696911  270.76799005  292.86695384  326.72423553  359.14412873
  378.24993073  402.33304234  414.92693659  431.84585916  418.19043029
  415.4712589   414.9486518   415.83425998  432.39416495  441.25325694
  444.19460239  443.29938401  444.35945346  450.03380793  438.60381673
  443.09615399  448.78410032  443.63481608  464.37265372  470.55122615
  468.47644948  476.79587996  474.56535816  478.78821719  479.73139665
  475.0524209   456.85444565  444.28189762  426.35005854  418.99114615
  419.01302738  425.3415692   428.3512834   428.42646192  419.3101228
  424.04388554  452.11123031  473.57543654  489.61771451  479.04226571
  473.88607633  475.44196873  500.73763192  487.04812023  483.85573976
  478.37952351  473.80292898  489.5012613   484.5345169   483.44813455
  480.69377067  469.88770819  471.29828691  475.25468697  481.62585683
  496.92094079  498.3822553   476.42785285  466.34114429  465.63727398
  461.62339181  465.92096029  461.46674757  465.8273812   452.62982043
  461.55567681  472.14142147  462.01762296  467.69069834  458.32235877
  441.05974308  431.30342146  428.03415186  422.53403425  422.05694271
  432.37890575  440.84527815  445.94798018  446.18465748  457.89005386
  463.3640649   479.7282301   495.56511986  498.64078552  504.57453108
  503.22509603  498.21152615  490.39014463  481.80103942  474.98150211
  469.76293089  463.30291212  456.73285195  457.78712164  456.28355615
  454.45359918  453.49666282  451.77963254  460.06800446  472.41028068
  484.26556721  495.0872228   496.25150619  501.35824376  499.2823599
  496.64643593  493.89233037  492.58061436  496.25927955  499.97691596
  504.42122953  508.30590634  505.24594626  501.62956461  496.0895396
  491.13569117  487.93187326  483.81261497  474.51707514  465.91174168
  452.19352668  448.15347351  458.55150417  469.44052129  482.89839488
  489.62447467  491.16673342  492.97294921  489.893665    485.94063605
  479.52671007  471.21295753  464.44564422  463.48409014  464.80035483
  469.82488548  469.61960782  473.05228371  477.147719    481.17155521
  487.51800196  489.91174588  492.79726338  493.9647167   494.39434529
  489.19921083  483.20211071  477.2080817   469.45333372  459.02469529
  450.16804854  440.64114348  431.40168677  428.73321146  426.08945404
  424.28609987  425.53770643  437.49762902  450.88556179  462.1017811
  470.27979698  469.28539031  468.29153153  467.2984926   466.83279497
  467.38287342  467.93161291  468.48025741  469.44929598  470.96375461
  472.1181661   471.56097852  468.8627729   462.31788011  456.81157933
  452.00353956  447.62930341  444.49947045  441.37125239  438.2450994
  434.64172976  430.85128383  427.0632349   423.27733825  427.42768136
  433.44081375  437.29551381  442.96130818  440.91407329  438.39010221
  437.78153684  434.94200116  429.76219929  424.57769861  419.39623078
  414.79482343  416.03485412  417.27386548  417.2730563   417.49987721
  418.59550972  419.47660406  421.42576279  424.88188776  429.18815278
  434.95063161  439.12828348  441.79513938  443.25756853  444.7193178
  445.71617947  444.47276063  445.79407179  447.3986546   449.63828449
  456.5993502   463.1013373   466.79782081  474.25243143  472.21189075
  466.08340786  459.95749711  453.83416156  447.00490853  439.9347375
  432.86757174  425.80341479  420.22202441  414.92914563  409.63904382
  404.35118019  419.89950365  435.12423216  449.51681056  465.52438845
  463.08188252  462.34281765  462.93792657  462.57156286  456.23998169
  448.68863707  441.14055913  436.29197407  441.49164559  445.84461498
  449.37294002  454.43200159  461.96238732  466.91803081  471.87130541
  475.95303393  478.72084677  481.48727288  484.25231077  484.86238797
  483.24799007  481.63419432  480.02016589  473.96363061  464.76227291
  455.56499339  446.3717967   444.67048698  446.51245871  448.35346116
  450.19298212  450.69499359  450.80272474  450.9102807   451.01766135
  450.65908735  450.22829366  449.79757335  449.36692658  447.24230501
  445.04634932  442.85054989  440.3850535   433.031536    425.68132148
  418.33441368  412.94679356  418.9631897   424.97665433  430.98718427
  436.65490176  441.24218187  445.82787503  450.41132582  454.08068312
  455.92465909  457.76763622  459.60961349  461.89103049  464.76248023
  467.63218629  470.50093396  469.85193829  465.96048931  462.07075461
  458.18273614  451.24114277  442.37940833  433.52177126  424.66797189
  427.16473193  434.36026397  441.55222637  448.74061528  450.30106683
  450.45942837  450.61758288  450.77553023  446.64800307  442.01388199
  437.3816381   432.75201581  433.62246788  434.56247264  435.5018949
  436.78926379  442.03709172  447.28224127  452.52466902  457.3470336
  458.32487012  459.11692217  460.27533876  461.84215387  461.62460438
  461.75020623  462.82678954  458.85457802  450.63836393  442.42687815
  434.21929874  428.71868133  426.45714539  424.19659742  421.93703857
  421.33680171  422.10158474  422.86586252  423.62886789  425.78574344
  428.71861225  431.64989428  433.89295215  434.29583536  436.80744633
  440.20376123  444.66337793  441.59311503  437.37554569  433.16075806
  428.94795177  426.88957857  425.013507    423.13824911  421.30012138
  421.73927827  422.17808474  422.61596176  422.91661273  422.07776577
  421.23934     420.40133567  419.8982573   420.7115742   421.52418544
  422.33609065  422.46967283  420.994702    419.52097849  418.0483074
  418.63902255  422.46116406  426.28052844  430.09711419  434.28077128
  438.85663026  443.42881145  447.99759017  448.48749442  445.98205168
  443.47817759  440.97587304  433.50539469  423.59535138  413.69201787
  403.79528574  389.24419187  373.25860581  357.28398684  341.32034088
  342.21960202  345.92669933  349.63108733  353.33276456  354.98701153
  356.53262861  358.07656737  360.28359406  376.90747087  393.51957114
  410.11988858  424.35710641  423.78253216  423.20820381  422.63412153
  418.00524895  399.87597299  381.75997385  363.65659476  353.82007516
  361.14927592  368.47316705  375.79174573  384.42261182  394.88284804
  405.33476935  415.77987297  417.76993858  411.69735437  405.62892621
  399.56465634  397.11627851  397.03005412  396.94374054  396.85733774
  399.89801905  404.28675141  408.67219603  413.05435121  416.98415544
  420.79277531  424.59850699  426.09440772  420.90978959  415.14919535
  411.6655829   405.72270717  398.5488282   391.35275015  384.16170347
  377.78595263  381.81007765  385.83115076  389.84876259  394.62309686
  403.22822576  410.80584504  417.85056423  423.06476309  419.80275512
  416.77464252  412.35056101  410.94495582  415.08356678  419.21907338
  423.35175996  426.5580101   428.61564086  430.67160097  432.7258896
  427.87997701  417.14194085  406.41140557  395.68820041  389.3264918
  385.49277104  381.6617118   377.83331551  384.64529671  395.4493168
  406.24522493  417.03301693  412.78354574  407.58461411  403.17195579
  399.74120788  406.83926636  412.63154247  418.41936378  423.43018056
  424.35232688  426.88110729  432.01526546  434.30002602  433.70736771
  433.11497482  432.52284752  431.69816604  426.34097369  424.28008695
  422.03940828  419.15577226  417.900085    412.35521238  406.81432426
  403.62579788  404.26128735  404.89613398  405.53033748  406.46036364
  407.71792158  408.97360457  408.64438078  414.35772982  418.82189087
  424.05857964  431.09722639  431.557174    427.08063222  422.06110475
  417.04520476  405.27055309  390.76857528  376.41845411  363.40135279
  359.99307473  358.47150794  355.24561637  352.37628944  350.13646929
  348.22534527  347.46310707  349.32578046  358.5746769   367.81634343
  377.0507764   381.83645247  376.45653446  377.19236707  379.82882598
  382.50158686  393.73760552  401.74946167  409.79654634  420.91682622
  409.81433397  401.18660494  392.52755223  389.0350599   393.72717709
  391.7983488   392.31721319  393.3272388   402.01612775  406.23989989
  411.71321164  401.74501216  392.92263725  406.89610535  403.95768962
  421.74739003  425.97092953  401.55182047  386.00329052  364.01214731
  339.5006502   350.96207003  359.271068    369.55043435  362.31715418
  351.59137099  341.29211847  335.70678123  361.33568559  381.12476997
  396.14403695  388.10710867  383.89867135  387.81394532  395.23966552
  413.70449253  386.55286837  347.5697387   326.59112814  298.94858978
  293.18043214  328.92383079  345.80325567  379.34445491  419.75896496
  419.4115021   382.34818508  360.92565129  353.58491861  322.57392971
  351.7336045   359.80084473  343.7105774   371.33375541  369.12296184
  356.2398809   362.36658651  365.47764353  351.44020732  329.83473555
  316.9017859   310.2567469   314.96321908  347.35955129  333.61166195
  329.3481774   305.68880764  322.69487254  347.67960153  358.02842139
  381.3408149   382.6398307   389.51465901  393.52223858  403.07845273
  403.15405983  398.49191533  390.86575319  383.42031077  367.18278804
  363.82234512  368.92181695  374.65291833  390.41523975  393.47496088
  391.9915026   389.79444367  369.61796956  367.34108875  370.01089466
  375.44016955  394.92678334  386.86650799  382.06805221  377.98561987
  366.46002464  374.44457322  386.44662441  397.45578505  386.33749164
  382.12323292  363.44788714  340.51429054  352.36265613  354.36504673
  374.53338624  386.62990044  376.35748795  341.10291041  324.03361707
  323.48171545  343.57007656  364.90291788  333.60106708  329.57820309
  319.92796662  318.68008294  345.52819698  333.39560209  325.41385157
  326.31413959  339.17975528  353.96193437  337.92445731  336.35390019
  340.22485633  349.10192991  363.39951186  354.00180279  327.08451994
  323.73014068  340.49878839  361.21521066  382.45746853  383.56923886
  379.04062499  368.55879602  344.10489487  320.27621934  325.39490319
  336.52590926  360.39707019  369.724969    366.06665398  357.41998125
  344.75686365  321.0984351   297.70754884  295.42930011  298.01067363
  302.60196298  285.37315472  275.76816908  286.88544928  302.46757989
  338.92163851  349.91393912  345.56941317  349.95658673  350.92494704
  347.06742715  339.78098926  326.60497528  302.40400496  275.92671847
  270.79909577  246.85174108  263.25820973  291.21339428  297.88703644
  326.05313498  332.96744901  332.58718219  345.8431372   358.52519249
  354.31769789  350.67472465  351.80636164  347.20120833  346.69497538
  317.40646877  296.60982052  285.06317382  289.12077122  322.04999955
  334.22462776  349.32187528  347.44977829  331.66101593  329.0660952
  331.24637055  337.31970435  355.17206279  356.93478655  348.07863702
  342.19905855  326.4683422   310.65148013  316.2303159   316.67106887
  331.16936103  343.95871335  344.17431133  352.23623036  353.83065805
  354.18018756  350.7213333   351.46025587  358.98502849  369.06623931
  369.94482087  362.51497627  352.2041555   329.98781673  331.74503781
  333.55287683  331.94256738  336.96274608  338.92253063  335.39226111
  340.20432601  349.30728699  347.0493403   351.40422343  347.34563159
  342.36254768  339.04755755  329.10804238  324.00638177  316.06369912
  313.74973961  325.59000764  333.99528748]
