[  14.84073405   14.8727575    14.90483951   14.96458678   15.03858113
   15.11275574   15.18713931   15.26172019   15.33650979   15.41148237
   15.48666051   15.56204456   15.63763109   15.71340902   15.78938615
   15.86557802   15.94196589   16.01855382   16.09533533   16.17233872
   16.24953236   16.32693497   16.40452826   16.42002569   16.40096544
   16.3817733    16.3624275    16.34295507   16.32331975   16.30355336
   16.28363721   16.2635894    16.24337784   16.22303023   16.20253956
   16.18125409   16.15972669   16.13805803   16.11625546   16.0943073
   16.07220955   16.04996202   16.02758704   16.01271456   16.00564973
   15.99848305   15.99124334   15.98389773   15.97646847   15.96893489
   15.96132659   15.95360811   15.94580898   15.93790865   15.92992913
   15.92183796   15.91366357   15.90539382   15.89703954   15.88857489
   15.88002173   15.87137987   15.86264547   15.86217892   15.8942169
   15.92631142   15.9584443    15.99061923   16.02282981   16.05510264
   16.08740754   16.11976196   16.15214849   16.18459749   16.21707497
   16.24960676   16.2821726    16.31128696   16.33786162   16.3644847
   16.391122     16.4177911    16.44449204   16.47122485   16.49800536
   16.52480477   16.55163332   16.57849384   16.60538727   16.63232956
   16.65928613   16.68627475   16.71329547   16.74035862   16.76745205
   16.79456919   16.82171851   16.84890004   16.8761327    16.90337875
   16.93065708   16.95796772   16.97596676   16.96713499   16.95824036
   16.94891913   16.9394909    16.93000222   16.92047183   16.91086194
   16.90119132   16.89145989   16.88167225   16.87183297   16.86191854
   16.85194295   16.8419061    16.83180791   16.8216669    16.81144572
   16.80116293   16.79081845   16.7804168    16.76996251   16.75943236
   16.74884016   16.7381858    16.72724176   16.71604991   16.70479189
   16.74751878   16.81543841   16.8835088    16.95169308   17.02000988
   17.08845934   17.1570416    17.22577095   17.29462402   17.36360561
   17.43272057   17.50198722   17.57137038   17.6408864    17.71053636
   17.78032043   17.85024748   17.92031093   17.99049821   18.06082016
   18.13127692   18.20186865   18.27261533   18.34347748   18.41447503
   18.48561112   18.55689699   18.62038497   18.61816218   18.61589703
   18.61358946   18.6112585    18.60886687   18.60643163   18.60395371
   18.60143605   18.59888961   18.59628326   18.59363398   18.5909417
   18.58821935   18.58544787   18.5826262    18.57976128   18.57685305
   18.57392136   18.57092629   18.56788772   18.56480558   18.5616798
   18.55852322   18.55531691   18.55205983   18.54875886   18.54541394
   18.47271122   18.33871245   18.20435748   18.06964589   17.93458393
   17.79917006   17.66338589   17.5272434    17.39074215   17.25388173
   17.11667985   16.97909963   16.84115896   16.70285829   16.56421207
   16.4251873    16.28580037   16.14605085   16.0059383    15.86547653
   15.72450281   15.58213036   15.43941519   15.29635775   15.15297121
   15.00922554   14.86513568   14.72070127   14.73261364   14.75169179
   14.77078049   14.78988671   14.80901046   14.82815253   14.84732615
   14.86650258   14.88569658   14.90490816   14.92449913   14.94458902
   14.96469123   14.98481279   15.00495371   15.02512966   15.04530935
   15.06550843   15.08572692   15.10596876   15.12623789   15.14651469
   15.16681094   15.18712665   15.20746185   15.22783232   15.24820652
   15.25440087   15.23747061   15.22047796   15.20342673   15.1862972
   15.16910108   15.15183829   15.13452046   15.11712797   15.09966466
   15.08213434   15.06453694   15.04687624   15.029156     15.01135682
   14.99349021   14.97556302   14.95756976   14.93950037   14.92136322
   14.90315823   14.88488531   14.86655961   14.84815057   14.82967336
   14.81112788   14.79252086   14.7738469    14.73431036   14.68962898
   14.64482015   14.59989784   14.55483434   14.50963273   14.46429026
   14.41881975   14.37322761   14.32750853   14.28165292   14.23566866
   14.18955561   14.14332723   14.09695681   14.05045643   14.00382665
   13.95706945   13.91019239   13.86317349   13.8160246    13.76874556
   13.72134524   13.67381026   13.62613985   13.57833871   13.53040667
   13.50656887   13.56389764   13.6213205    13.67884911   13.7364884
   13.79378708   13.85072683   13.90776573   13.96490389   14.02214139
   14.07949242   14.13692894   14.19448636   14.25209949   14.30979796
   14.36768933   14.42563789   14.48363605   14.54181387   14.6000777
   14.65837639   14.71677526   14.77538469   14.83402149   14.892722
   14.95152308   15.01056641   15.06957685   15.21141658   15.39739492
   15.5836334    15.77021459   15.95716174   16.14463496   16.33231687
   16.5203658    16.70878212   16.89773303   17.08688696   17.27640933
   17.46647273   17.65673485   17.84736649   18.03837688   18.22991913
   18.42166325   18.61377831   18.80644946   18.99930928   19.19254111
   19.38617385   19.58031426   19.77466609   19.96939136   20.16455954
   20.35264382   20.45315122   20.55388679   20.6549018    20.75594437
   20.85716536   20.95865696   21.06034866   21.16210681   21.26404404
   21.36629577   21.46866539   21.57100629   21.67363618   21.77642454
   21.87929686   21.98234816   22.08573932   22.18920352   22.2927936
   22.39670436   22.50073071   22.60486105   22.70917151   22.81384977
   22.91855495   23.02340764   23.12844111   23.15907693   23.11567491
   23.07215204   23.02871902   22.98496463   22.94107792   22.89706985
   22.8531601    22.80890841   22.76453497   22.72005059   22.67564007
   22.63090013   22.58603795   22.54126947   22.49616188   22.45093168
   22.40561088   22.36031679   22.31471741   22.26900554   22.22336141
   22.17739171   22.13129849   22.0851343    22.03895113   21.99248606
   21.94589696   21.86638805   21.78415466   21.70161102   21.61894339
   21.53614041   21.4530075    21.36967808   21.28626303   21.20262997
   21.11870892   21.03459057   20.95042351   20.86595866   20.78124632
   20.6964631    20.61142197   20.52611387   20.44060708   20.35506471
   20.26918788   20.18308296   20.09677857   20.01046301   19.92375818
   19.83685329   19.74992462   19.6626274    19.61232968   19.63056754
   19.649135     19.66752784   19.68593045   19.70452756   19.7229498
   19.74138181   19.7598236    19.77846023   19.79692166   19.81539286
   19.83390164   19.85255      19.87105063   19.88957031   19.90826688
   19.92679694   19.94533678   19.96393289   19.98263182   20.00120111
   20.01978018   20.03845286   20.05715404   20.07576257   20.09444617
   20.11286113   20.04391654   19.94841975   19.85258203   19.75668911
   19.66042014   19.56413994   19.46753028   19.37081707   19.27389179
   19.17671912   19.07946716   18.98197613   18.88420301   18.78636572
   18.6881603    18.58993224   18.49138024   18.39271811   18.29384313
   18.19472194   18.0955134    17.99594234   17.89634058   17.79640244
   17.69638223   17.59611613   17.49563696   17.45180257   17.63273278
   17.81411916   17.99580987   18.17763861   18.35993711   18.54239642
   18.72527828   18.90841337   19.09183541   19.27564988   19.45961055
   19.64404521   19.8286148    20.01365282   20.19890595   20.38448355
   20.57042385   20.75653945   20.94312286   21.12982258   21.317022
   21.50453062   21.69216131   21.88019123   22.06806337   22.25625662
   22.44481246   22.55847446   22.62762707   22.69667035   22.76601552
   22.83532283   22.9047884    22.97437121   23.04394632   23.11377442
   23.18348985   23.25351153   23.32347229   23.39363514   23.46394801
   23.53422018   23.60465301   23.67520436   23.74574598   23.81654548
   23.88722751   23.95822205   24.02915226   24.10028807   24.17149992
   24.24274412   24.31422787   24.38498114   24.45184376   24.44018897
   24.42864587   24.41699495   24.40528012   24.39364355   24.38188823
   24.37002525   24.35826195   24.34623831   24.33439039   24.32231508
   24.31034975   24.29827678   24.28613971   24.27406863   24.26175996
   24.24961455   24.237221     24.22497947   24.21258722   24.2001739
   24.1877825    24.17519754   24.16275275   24.15025422   24.13751943
   24.1249457    24.07535682   23.985213     23.89479248   23.80422323
   23.71354694   23.62255313   23.53156695   23.4402016    23.34887341
   23.25723966   23.1654968    23.07360305   22.98143601   22.88924993
   22.79668995   22.70415992   22.61145726   22.51838298   22.42533555
   22.33198698   22.23852525   22.14491035   22.05102526   21.95711302
   21.86283448   21.76857552   21.67399948   21.57936944   21.82359258
   22.10599821   22.38898483   22.6722289    22.95612669   23.24030842
   23.52508824   23.81035672   24.09592518   24.38205566   24.66862247
   24.95558154   25.243141     25.53093727   25.81941519   26.10816002
   26.3975236    26.68727821   26.97746914   27.2682389    27.55925473
   27.85095997   28.14289555   28.43551355   28.72847039   29.02191448
   29.31593628   29.69214596   30.23964442   30.78816128   31.3373227
   31.88762961   32.43856042   32.99063272   33.54345204   34.09718966
   34.65190782   35.20730607   35.7638559    36.3209876    36.87932684
   37.43835341   37.99837138   38.55863457   39.11669093   39.67579606
   40.235648     40.79605122   41.35755017   41.91948764   42.4825835
   43.04623948   43.6108043    44.17620655   44.74221673   44.77764277
   44.63396573   44.4904284    44.34635841   44.20223417   44.05782603
   43.91305873   43.76829075   43.62290074   43.47763959   43.33213092
   43.18600387   43.04000101   42.8934742    42.74688451   42.60001064
   42.45278007   42.30553811   42.15768634   42.00994783   41.86165569
   41.71336624   41.56472104   41.41579197   41.26679081   41.11722369
   40.96774123   40.85221064   40.89451743   40.93687357   40.97896472
   41.0213321    41.06362643   41.10591753   41.14841547   41.19062998
   41.23320923   41.27548712   41.31811268   41.36059458   41.40314347
   41.4458298    41.4883017    41.53110483   41.57358752   41.61645472
   41.6591246    41.70193236   41.7448959    41.78769709   41.83056566
   41.87357254   41.91636349   41.95948782   42.00228952   41.97819317
   41.90845119   41.83867235   41.76876204   41.69853138   41.62842107
   41.55781633   41.48741838   41.41661443   41.34584117   41.27488896
   41.20368855   41.13256917   41.06121855   40.989551     40.91799724
   40.84595514   40.77411147   40.7018661    40.62964666   40.55724785
   40.48460189   40.41203109   40.33897626   40.26611396   40.19281933
   40.11961459   40.04549297   39.94184229   39.83816596   39.73399746
   39.6299518    39.52571245   39.42095013   39.3163239    39.21122546
   39.10616271   39.00080826   38.89522769   38.78961504   38.68351765
   38.57753221   38.47104743   38.36465644   38.25791098   38.15100269
   38.04399436   37.93656978   37.82921784   37.72135651   37.61361295
   37.50567284   37.39724143   37.28889329   37.18019422   37.00631577
   36.75162732   36.49630668   36.24082304   35.98461972   35.728294
   35.47135505   35.21408337   34.95641887   34.69818866   34.43975116
   34.18060741   33.92132345   33.6614065    33.40120546   33.14064837
   32.87844612   32.61488332   32.35095619   32.0865054    31.82186131
   31.55656445   31.29113583   31.02512223   30.75884436   30.49214833
   30.22498495   29.95758955   30.16611423   30.44553878   30.7251192
   31.0052439    31.28566147   31.56642183   31.847694     32.12924523
   32.41108668   32.69347055   32.97595661   33.25908201   33.5423467
   33.8261734    34.11028856   34.39474653   34.6797166    34.96480316
   35.25053204   35.53635958   35.82281953   36.10950646   36.39659501
   36.68414579   36.97186026   37.26020362   37.54890708   37.60981121
   37.12790571   36.6450232    36.16171783   35.67757293   35.19276542
   34.70734997   34.22104507   33.73428255   33.24655336   32.75839982
   32.26937829   31.77974058   31.28943199   30.79830141   30.30666079
   29.81407888   29.32104123   28.82730238   28.33263315   27.83749468
   27.34151033   26.84489332   26.34759704   25.84949485   25.35084776
   24.85129585   24.34915326   24.35420127   24.55801855   24.76187818
   24.96596796   25.17028942   25.37465006   25.57927323   25.78408856
   25.98896066   26.19421361   26.39948063   26.60501499   26.81058169
   27.01638405   27.22242363   27.42849237   27.63483162   27.84136529
   28.04794732   28.25482499   28.46185232   28.66916718   28.8764471
   29.08396824   29.29173215   29.49951512   29.70757665   29.99226494
   30.7287797    31.46605943   32.20394593   32.94259646   33.68164128
   34.42139646   35.16186758   35.90278621   36.64446479   37.38680645
   38.12961418   38.87322177   39.61743248   40.36213134   41.10778909
   41.85386943   42.60068585   43.34791338   44.09592993   44.84461783
   45.59374127   46.34369968   47.09425754   47.84531309   48.59739896
   49.34987216   50.10310303   50.27032658   49.99441866   49.7182984
   49.44170729   49.16508264   48.88816584   48.61082104   48.33347747
   48.05576464   47.77804834   47.49969583   47.22126262   46.94261387
   46.66350573   46.38435074   46.10490491   45.82504031   45.54516134
   45.26491894   44.98465744   44.70378143   44.42281359   44.14162702
   43.8599926    43.57829791   43.29631373   43.01392008   42.73149633
   43.2463112    43.76641251   44.28726578   44.8083802    45.3299674
   45.85179027   46.37425033   46.89711068   47.4202374    47.94404703
   48.46817943   48.99263101   49.51787354   50.04335801   50.56932101
   51.09549831   51.62233731   52.149574     52.67705983   53.20525729
   53.73376656   54.26258402   54.79212217   55.32190292   55.85245647
   56.3830038    56.9142375    57.27312247   57.39070611   57.50835439
   57.6259454    57.74347833   57.86139155   57.97917736   58.09739145
   58.21522217   58.33338895   58.4515899    58.56966105   58.68811672
   58.80651261   58.92484795   59.04356974   59.16216026   59.28118616
   59.3998198    59.51879477   59.63780324   59.75667804   59.87594355
   59.99514679   60.11428696   60.23381979   60.35321747   60.47264763
   60.88158307   61.34459616   61.80791466   62.27136379   62.73548901
   63.19981884   63.66435007   64.12956524   64.59490518   65.06054654
   65.52690619   65.99346598   66.46032863   66.92730647   67.39498541
   67.86285903   68.33092413   68.79969821   69.26858159   69.7377638
   70.20535342   70.6726656    71.14077965   71.60865002   72.07721278
   72.54592643   73.01478771   73.33497058   73.24615879   73.15721083
   73.06850497   72.97940098   72.89071227   72.80136502   72.71231624
   72.62301543   72.53346326   72.44420795   72.35461481   72.26488604
   72.17539506   72.08550985   71.99560386   71.9059056    71.81607123
   71.72598689   71.63565323   71.54561134   71.45523481   71.36472319
   71.274445     71.18377654   71.09308633   71.00259987   70.91197785
   70.84790033   70.79552746   70.74346921   70.69110685   70.6386374
   70.58642549   70.53385401   70.4812876    70.4289611    70.37680753
   70.32443455   70.27184255   70.21956162   70.16697803   70.11428721
   70.06185082   70.00905677   69.95626673   69.90367475   69.85067038
   69.79814078   69.74503303   69.69223325   69.63913272   69.58592528
   69.53296961   69.47965865   69.45007281   69.60036095   69.75038444
   69.90102806   70.05123962   70.20190654   70.35241748   70.50296654
   70.65391751   70.80465487   70.95554235   71.10677758   71.25774089
   71.40896768   71.56045903   71.71210235   71.86355636   72.01504756
   72.16694729   72.31862726   72.47045875   72.62264345   72.77454891
   72.92672158   73.07916253   73.23175686   73.38415629   73.53659198
   73.6526943    73.73735353   73.82211723   73.90719034   73.99192951
   74.0768905    74.16207389   74.24692206   74.33240433   74.41743326
   74.50283251   74.58795401   74.67318072   74.75876182   74.84505606
   74.93157653   75.01832382   75.10473426   75.19178771   75.27838489
   75.36535843   75.45205321   75.53885635   75.62597731   75.71275863
   75.79976824   75.88700673   75.9739043    76.0981099    76.22376558
   76.34967996   76.4752497    76.60095696   76.7270142    76.85275493
   76.97875495   77.10501514   77.23095692   77.35725046   77.4836829
   77.61037714   77.73672025   77.86320205   77.99003834   78.11655211
   78.24332825   78.37036764   78.4970826    78.62415384   78.75136516
   78.87831229   79.00595993   79.13321835   79.2608358    79.38812469
   79.49178731   79.55832265   79.62448288   79.69095841   79.75752976
   79.82378793   79.89070855   79.95718982   80.02398776   80.0904085
   80.15705138   80.22391685   80.29040415   80.35720901   80.42411026
   80.49069574   80.55794859   80.62475856   80.69188745   80.75863607
   80.82560837   80.8928048    80.95961999   81.026755     81.09398696
   81.16090058   81.22819866   81.29546593   81.39757101   81.50702163
   81.61672857   81.7266926    81.8363025    81.94626619   82.05635875
   82.16586201   82.27574526   82.38562733   82.49589744   82.60564696
   82.71565458   82.82592104   82.93582735   83.04609044   83.15648253
   83.26657823   83.37709743   83.4876148    83.59790003   83.70890635
   83.81954894   83.93045301   84.04099173   84.1518911    84.26292047
   84.37876069   84.51130608   84.64386441   84.77620224   84.90928563
   85.04201513   85.17502451   85.30767806   85.44071211   85.57389277
   85.70678282   85.84012219   85.97347371   86.10660044   86.24024593
   86.3737679    86.50781066   86.64125393   86.77508241   86.90905872
   87.0427391    87.17687453   87.31102131   87.44493899   87.57938216
   87.713699     87.8419957    87.96724801   88.07671762   88.17726999
   88.27686453   88.3771907    88.47755656   88.57726694   88.67771137
   88.7781955    88.8780566    88.97858442   89.07880224   89.17912887
   89.27980985   89.38021477   89.48058842   89.58138767   89.68198019
   89.78240037   89.88331791   89.98356862   90.08456475   90.18560058
   90.28596713   90.38708155   90.48823568   90.58871809   90.68995081
   90.79210748   90.90277495   91.01412883   91.12516946   91.23632549
   91.34784835   91.45909263   91.5703089    91.68196505   91.79341352
   91.90468949   92.01647893   92.12813215   92.23946728   92.34959078
   92.45807465   92.56732248   92.67660861   92.7852039    92.89456578
   93.00396596   93.11270923   93.22214855   93.33125929   93.4404808
   93.55007072   93.65936763   93.76862832   93.80071432   93.75869062
   93.71641815   93.67459681   93.63256348   93.59013441   93.54822951
   93.50556142   93.46360092   93.42161248   93.37886176   93.33681772
   93.29474574   93.25194909   93.20978486   93.16762935   93.12482331
   93.08250237   93.03993402   92.99726487   92.9549703    92.91239197
   92.86956675   92.82718869   92.78460021   92.74161912   92.69915759
   92.65655878   92.68323826   92.71521849   92.74647332   92.77846214
   92.81045539   92.84175895   92.87372425   92.90573052   92.93711946
   92.96902459   93.00071445   93.03233527   93.06436313   93.09613892
   93.12769901   93.15965858   93.19140913   93.22279692   93.25473933
   93.28657591   93.31790242   93.34985761   93.38108183   93.41304544
   93.44501341   93.47628639   93.50822598   93.55929071   93.64345199
   93.72815585   93.81299732   93.89731108   93.98202094   94.06668335
   94.15114974   94.23612476   94.32094099   94.40541198   94.49046724
   94.5754377    94.65991285   94.74504833   94.83017343   94.91465229
   94.99986799   95.08439881   95.16963027   95.25492616   95.33961032
   95.42484672   95.51022278   95.59506069   95.68030159   95.76549361
   95.85048542   95.71242912   95.51332962   95.31376102   95.11466299
   94.91535856   94.71543769   94.51605877   94.31654852   94.11627638
   93.91661661   93.71616065   93.51627725   93.31633669   93.11567783
   92.91544047   92.71521917   92.51435653   92.3137662    92.11326422
   91.91219692   91.71125461   91.51067722   91.31126096   91.11228321
   90.91309496   90.71330326   90.51401832   90.38860522   90.53999607
   90.69212563   90.84363535   90.9958502    91.14816207   91.29992267
   91.4522476    91.60474178   91.756754     91.90918826   92.06186475
   92.2141293    92.36667217   92.51934839   92.67171938   92.82469931
   92.97763031   93.13010744   93.28326967   93.43645619   93.58903871
   93.74238324   93.89578895   94.04851317   94.20204      94.35499464
   94.50853081   94.44742269   94.26238151   94.07761831   93.89294556
   93.70769602   93.52257429   93.33761595   93.1521572    92.96667781
   92.78132392   92.59536272   92.40992886   92.2243629    92.03804692
   91.85232747   91.66651235   91.48150695   91.30394801   91.12564623
   90.94771913   90.76976926   90.5911516    90.41276247   90.23442146
   90.0554869    89.87663636   89.69790402   89.561667     90.10391115
   90.6467013    91.18932046   91.73288373   92.27674558   92.82028163
   93.36484592   93.90974542   94.45423334   94.99979912   95.54570028
   96.091177     96.63774475   97.18407162   97.73111402   98.27868423
   98.82608207   99.37404582   99.92261895  100.47109085  101.01997379
  101.56955033  102.11909938  102.66889935  103.21943895  103.76957541
  104.32082391  104.81009523  105.23247527  105.6559384   106.07965536
  106.50278343  106.92700483  107.35084303  107.77535662  108.20033665
  108.62501195  109.0501959   109.47467177  109.89358875  110.31279416
  110.73259583  111.15220638  111.57193044  111.99229897  112.41207107
  112.83289034  113.25391451  113.67424354  114.0956742   114.5173098
  114.9382402   115.36028236  115.7825295   116.20406137  116.26520118
  116.28942396  116.31392151  116.33874008  116.36305042  116.38745137
  116.41226577  116.43666378  116.460968    116.48573207  116.50966405
  116.53447139  116.55927739  116.58315837  116.6079615   116.02108278
  115.99262982  115.67517762  115.46214747  115.48144521  115.06090502
  115.05741953  115.15365291  115.29906901  115.72260854  116.06435696
  115.68910835  115.5117778   114.72426748  114.75008367  115.37632597
  115.65261989  116.21978135  116.81129694  116.34006192  116.31967536
  116.05079074  116.23581935  116.32398759  116.34114007  117.00195572
  116.52720012  115.67849438  115.14323462  115.07926124  115.1482847
  115.17827981  115.63871958  115.91998453  116.0335536   117.00408037
  117.00394689  117.00440701  117.00392914  117.00436981  117.05932559
  117.13079778  117.20321611  117.27565181  116.56382261  115.87399
  115.75307087  115.63611479  115.69934299  115.84775163  115.85302497
  115.886815    116.61998837  117.19513056  117.95088113  117.90049913
  117.84980808  116.91672912  118.1236482   120.10334484  121.8434236
  124.61321766  124.73971235  124.14880997  123.51067017  122.00534415
  122.78624055  124.68133409  127.46480346  130.47254391  130.18477426
  126.55426585  122.60238694  118.61960401  116.10441078  116.29107905
  116.72516677  116.73668639  116.86010788  117.60781905  118.35651844
  119.10456341  119.88067831  122.32279848  124.7649022   127.20895279
  129.65397823  129.15133595  128.2454979   127.33933454  126.43194048
  124.10911869  121.27507677  118.44105254  115.60709286  116.27131809
  119.20086698  122.13036981  125.05982565  126.83289384  127.30433109
  127.77676731  128.24817036  126.98820105  122.277433    117.56671425
  112.85604628  108.95310623  108.32279916  107.69244619  107.062091
  106.69191199  110.29944808  113.90760182  117.51526353  121.12263057
  118.19736254  114.74597559  111.29463143  107.84380571  106.02655362
  104.64552624  103.26451102  101.88350839  103.0629042   105.60459546
  108.14650566  110.68780959  113.42285405  116.3393216   119.25572356
  122.17220607  122.4531131   118.43293355  114.41318998  110.40244119
  108.07286505  110.9626301   113.85372666  116.74434706  119.53917828
  121.53434839  123.52979885  125.525529    127.52256463  127.27194222
  126.95413991  126.63627586  126.31835017  124.98886257  123.45959873
  121.92938849  120.39879176  121.57678446  123.92542879  126.27439849
  128.6243677   130.78357202  132.7939602   134.80462189  136.81555644
  137.52072573  136.46357248  135.40635376  134.34836115  132.79187836
  130.01047086  127.22865265  124.44667652  121.94493252  120.9945741
  120.04406711  119.09341184  118.17697601  119.2537347   120.33150936
  121.40850204  122.48563087  122.05497256  121.41976341  120.78445145
  120.1500126   120.31915143  120.764834    121.21056383  121.65634076
  123.80111825  127.04211993  130.2846114   133.52649857  134.35585215
  132.48089581  130.60566797  128.73016924  127.27519003  126.65154924
  126.02780892  125.40396925  125.38455488  127.80063583  130.21720368
  132.63331189  134.93247934  135.47550542  136.0185782   136.56169749
  137.10559124  135.47424511  133.6688088   131.86315166  130.05727428
  129.54882818  129.38621965  129.22368254  129.06052983  125.85074714
  121.02457135  116.19784128  111.37078664  108.24984269  106.72153335
  105.19304194  103.66436896  104.14790225  107.90509268  111.66351248
  115.42149123  119.09660253  122.51460867  125.93297408  129.35169762
  132.22350384  130.58564468  128.94759295  127.30934918  125.67091391
  125.63174049  125.63946572  125.6462466   125.65296195  123.90729409
  121.81696846  119.72640647  117.6363362   116.21070025  115.07058953
  113.9303453   112.78996794  113.64079407  116.03780793  118.4349831
  120.83196346  122.46927103  123.08558754  123.70195369  124.31872907
  125.1838283   126.65449304  128.12529423  129.59623137  130.45662536
  127.96109759  125.46598366  122.96972025  120.46869304  117.71559279
  114.96222236  112.20858265  109.45558253  112.13491018  115.54657913
  118.95854913  122.37081905  123.01808592  122.71942543  122.41970181
  122.11993689  122.31812536  122.83665385  123.35521512  123.874685
  124.3069431   124.64235411  124.97778084  125.31322317  124.79508119
  122.58880094  120.38326446  118.17659823  116.38505262  116.2557281
  116.12637892  115.99700513  115.84813024  115.40114455  114.95386511
  114.50653381  114.05915078  118.03256551  122.35390092  126.6755263
  130.99704589  131.16797888  128.83169192  127.70198669  127.28435224
  125.95080628  126.30759422  125.81626006  124.96974092  125.71061231
  125.36140435  125.05628754  124.85960033  122.64682898  119.97969964
  118.08177634  114.65200942  114.68097698  115.60676953  116.88005018
  119.58260608  120.44307874  123.95273703  127.18415911  129.10511535
  132.7074469   130.64034516  127.87695295  125.91257142  123.76678524
  121.00715943  118.32283851  115.66385927  112.98582708  112.82091554
  114.24357762  115.71609395  117.15113092  119.6531212   122.78573888
  125.81372969  128.85203215  130.62236803  130.23407686  129.8630775
  129.55162239  129.75833985  131.42300666  133.19002885  135.47268062
  137.16330143  138.15989683  139.15653945  140.15328833  141.12160148
  140.53791573  139.9541777   139.37038757  138.78654556  139.52167746
  140.43390887  141.34499574  142.25612202  142.16165485  141.72475341
  141.28780956  140.85196122  140.57937552  140.41195635  140.24451128
  140.07704038  139.2658026   137.73826494  136.21176762  134.68397795
  133.82525842  134.28338786  134.74153267  135.19969271  135.54079513
  135.41059115  135.28018952  135.14976372  135.05003572  135.397837
  135.74639936  136.09462412  136.44244989  132.09007994  127.37210154
  122.65380523  117.93564671  116.44081519  115.79434952  115.14782957
  114.50125555  114.26456498  114.24384735  114.22360489  114.20261367
  114.81190648  116.00579521  117.19974408  118.3938035   119.09542797
  119.00087028  118.90629316  118.81169664  117.98180246  114.90469446
  111.828351    108.75082376  105.91114921  104.99364368  104.07607209
  103.15843474  102.24156842  101.6585873   101.08451014  100.51038822
   99.93622174  103.21799208  107.24891003  111.2796169   115.31030759
  118.3511156   120.97118301  123.59186782  126.21335196  128.65460316
  130.956567    133.25870196  135.56100725  137.50036246  138.95581521
  140.41174166  141.86698632  142.04847653  139.14231052  136.23589777
  133.32941261  130.58037099  128.68083119  126.78112741  124.88126031
  123.00146539  122.14592719  121.29136121  120.10180717  119.48946593
  118.93104524  119.24672323  119.37134001  119.78486126  120.95805258
  122.74332017  125.34815981  127.21243147  127.71046609  127.15493685
  125.72870596  124.83805649  124.07068907  122.52200273  121.76369317
  120.85319189  121.2252776   125.80521574  129.96419745  134.38289979
  138.46294341  142.77762459  147.28501636  151.47964995  156.11532411
  154.12355945  152.12915892  150.1344561   148.13914047  142.22573512
  136.01282345  129.80004528  123.58740309  124.49989143  126.99626798
  128.66813496  130.55501333  133.11163709  135.99938934  139.63653317
  144.15811967  146.43904582  147.55111941  148.70467347  149.66049099
  148.90541183  145.39879685  141.89226307  138.38491548  135.42261883
  133.38711539  132.46267663  131.53739465  130.5150767   131.67856017
  132.84159535  134.00529571  135.16890587  139.20729415  143.32062294
  146.75816296  151.54510595  153.71063609  155.45326104  156.67388844
  159.07760581  159.68857279  160.79425734  162.85048295  164.04945173
  163.64191401  162.00117424  159.62328784  157.72453249  156.64268119
  156.57127258  156.25088637  155.61912531  154.77131848  153.40262023
  151.86571855  149.56794583  149.35906717  150.37088558  151.11479992
  151.85864204  152.6144377   154.00887325  155.40325772  156.79752258
  158.19166727  155.40593455  152.07248064  148.7400075   145.40775413
  143.41591175  141.87626867  140.33546446  138.796021    139.17779057
  140.78049068  142.38305317  143.98310605  143.56549698  140.91941711
  138.27360597  135.6280646   134.51588077  136.39690978  138.27861764
  140.16009941  142.40621411  146.09025924  149.77253095  153.4556839
  156.79282572  155.23895217  153.68523147  152.13091177  150.57689648
  152.00973744  153.66837735  155.32680822  156.98495869  158.06801123
  159.00280529  159.93747058  160.87200674  156.2239939   148.66572624
  141.10931777  133.55396591  129.35051122  128.22818639  127.10557274
  125.98273793  126.16108466  128.41945888  130.67754969  132.9353562
  135.76326539  140.32241099  144.88099589  149.4390183   153.76760342
  156.27924511  158.79096605  161.30285931  163.81442792  156.66634175
  149.27727831  141.8882072   134.50116593  129.65132441  125.28785956
  120.92491076  116.56440752  120.58977191  128.15855201  135.72690197
  143.29481863  146.90482006  147.48711276  148.07008853  148.65301086
  147.78376857  144.99117441  142.19741994  139.40512778  134.79840627
  125.83111666  116.8638471   107.89705686  100.97436956  104.98180344
  108.9889862   112.99591617  117.10716805  126.11368333  135.11963957
  144.12503299  153.12985979  152.28012607  150.14803455  148.016402
  145.88488012  141.18178254  135.61614791  130.0502704   124.48565888
  119.13844501  113.92888056  108.71963208  103.50974909  104.53211367
  112.40962432  120.28660765  128.16306033  136.02168444  143.84756224
  151.67346685  159.49883071  164.72180706  159.75688036  154.79098226
  149.82679815  145.2447291   145.97257788  146.70035602  147.42690406
  148.14943015  148.83730547  149.52252304  150.20762029  150.89210768
  148.14331771  144.50732025  140.87183142  137.23685268  134.03601503
  131.05975164  128.08514958  125.1109663   126.41399566  131.63797907
  136.86034458  142.08224987  146.87146329  150.97030109  155.06850692
  159.16585684  163.34345334  167.76887595  172.19361059  176.61765549
  180.83511656  183.42801006  186.0220004   188.61565674  191.20889247
  188.6867314   186.0397827   183.39306099  180.74767306  175.76923828
  170.34821639  164.92800259  159.50710575  157.34532903  156.55271462
  155.76021256  154.96782317  152.06717788  147.56273903  143.05940826
  138.55683085  133.32558622  127.13312085  120.94116746  114.75116321
  111.6508549   115.93444938  120.21728201  124.49817962  129.56993331
  138.83512935  148.09868357  157.36022163  166.43648178  167.46704386
  168.49739978  169.52754912  170.55749146  173.31836821  176.30357427
  179.28822435  182.27231728  182.10632189  180.88689432  179.66783968
  178.44974606  174.99865234  170.1393538   165.28082532  160.42178391
  158.57404232  160.02802148  161.48171384  162.93511883  163.08590557
  160.71756538  158.34986445  155.98257159  153.69984181  151.74586006
  149.79372393  147.84279169  145.77301004  142.06452298  138.35656666
  134.64786042  130.94100501  129.23376262  127.6730165   126.11248587
  120.83540821  103.81263709   88.34897817   74.0971734    65.15235149
   67.73432371   70.41259479   73.9972041    75.03278926   78.63334689
   84.37948534   92.47590631  101.61176986  109.74378135  119.11058117
  121.3441904   123.64124251  128.26992638  126.1215049   134.98658662
  134.8204029   142.04583034  149.82001603  146.26927208  154.6089387
  158.14145967  153.82130912  160.70537101  163.4834507   159.19323115
  164.37762716  167.28093046  164.25858393  166.69033167  168.04955827
  165.36630248  162.67983517  164.12049276  163.56421514  163.51268298
  164.57391171  164.72412322  166.18561538  170.14264366  173.11123159
  176.73583078  179.03129311  179.69000699  180.67663374  178.43818548
  177.2421649   175.92525679  176.16796872  176.3634248   176.43321153
  171.71937387  168.24653176  162.87059759  156.94575743  159.88467333
  163.82476112  168.64840095  171.67021071  168.94019839  165.80862188
  161.59414031  159.84609854  159.80606177  159.46403612  157.82424229
  157.26136985  155.19350159  151.41786619  148.03951158  145.30817428
  141.10811044  134.97062328  128.65958782  121.12074842  116.14585366
  118.2773208   120.40872446  122.54014288  125.059637    132.83287435
  140.60407766  148.36921408  156.13370817  158.09674702  161.2167612
  164.95930385  167.17111343  168.98228993  170.67025607  171.18102988
  172.6725746   174.93475876  176.79685837  178.86760279  181.14798322
  181.08649388  178.95988402  176.01728832  173.86638994  173.95282562
  179.15377988  184.19164109  186.83751216  190.9579829   193.83599598
  198.7041605   201.75383334  204.62820645  203.78257592  202.78330527
  200.00372442  198.61095995  196.26227244  194.45044436  194.61694707
  192.51714288  189.88867606  187.39503485  183.71469998  180.08165075
  180.58529123  181.55516093  183.79828556  187.35524131  185.23519102
  180.87500398  176.51542887  170.80664601  162.53761566  150.91241511
  140.14398857  129.72003719  119.53832929  108.13948667   96.42671408
   84.71886755   75.06128986   75.2420195    76.0981954    76.94085296
   78.28838345   91.63082626  104.96779385  118.0983336   130.99443342
  139.75260022  147.70713551  155.7620578   163.58474129  166.50193781
  168.12224733  169.67950137  171.84639586  174.42877317  177.36873481
  180.30747997  182.36746075  185.04458988  185.14320939  186.25651277
  187.4197122   189.06625269  190.55497194  191.18805177  191.82060729
  192.07682571  190.88639389  189.69663094  188.50715086  187.30905182
  185.99050083  184.67261745  183.35511029  182.03814086  173.74098153
  164.9509301   156.16464985  147.38528098  138.27090116  128.5221622
  119.88077495  110.69124007  100.6092193    90.0713803    79.537793
   69.00848891   67.04372236   72.83807424   78.63002759   84.41958264
   92.47363973  104.0965622   115.71467048  127.3279647   138.24337221
  147.09490806  155.94274325  164.78691529  173.32482596  178.77633055
  185.75435422  191.96525773  198.17354978  198.43519921  198.56987171
  198.70456742  198.83909148  201.03993033  203.62529089  206.2096927
  208.63527213  209.95096906  211.98934561  213.8610679   215.23883316
  217.94976396  220.22188401  222.83159223  225.50243166  226.20933086
  223.84402992  222.73620555  221.12260405  219.77854404  218.83801779
  217.5720872   214.71536282  210.85296811  213.17854663  214.04522453
  218.90364077  217.38549109  213.13028492  209.79978214  199.94123857
  202.2197984   203.85300271  203.9737762   207.38052161  203.78301097
  198.67530625  192.36370516  193.25545203  200.53358407  212.6045544
  216.93657519  217.87558689  209.33359995  208.22209809  217.07734257
  215.50930495  223.58966561  213.86453364  214.38598999  217.62964394
  214.89662254  222.45666015  222.36567411  226.57850436  229.67501316
  235.5434404   238.71162807  239.27703603  241.92837452  240.37900307
  240.18045251  240.47122529  242.45992471  246.33880507  241.94121186
  230.32212338  223.2044375   213.67856824  210.4026241   216.92734138
  217.84997755  217.54144144  215.33756398  213.4283191   210.20640186
  219.76177121  231.94481074  237.88837945  233.1170498   231.62681371
  222.74948132  218.59921293  222.06734812  216.4351561   219.99476187
  215.87455997  213.52022203  201.27528971  192.29966193  201.48965527
  211.3063408   224.84860999  237.13951097  234.17468843  232.18939147
  232.38741279  226.65704329  218.34464162  217.14200944  216.58483851
  215.57391338  222.47575696  220.11056599  212.58404924  211.94850615
  207.19068404  201.46397888  205.4414043   208.82579236  213.45490494
  218.16034342  216.71971904  214.03644366  210.64906561  209.16220162
  209.56405189  203.14423606  204.48362117  206.15736852  205.96413665
  210.27053025  214.40327246  216.09874163  215.85233966  215.25371133
  211.58032808  201.64382529  196.82616785  194.158114    193.92511793
  197.61252841  197.64119374  197.68242091  196.99417227  200.94216672
  208.44259552  212.08542521  214.59737139  213.64921965  212.99116728
  213.62351732  215.69420989  216.70848534  220.39195684  221.87075887
  224.40324402  228.71104992  225.70984102  226.04151633  222.31246314
  218.18096723  215.50394583  212.43649801  211.16994743  210.29332984
  204.9079446   198.65851357  190.62598551  183.16115218  175.80074882
  167.02649411  158.62350064  150.46372211  147.13421947  148.33124043
  150.08009384  151.54088637  155.18941671  165.058177    174.19328609
  183.07514748  190.9307056   192.8764619   195.00676584  197.41258122
  200.23146992  201.83483151  204.18480455  207.0642109   209.3213771
  213.95340649  218.20557328  221.97463951  225.3501573   223.94483124
  222.19194154  220.20317065  218.29336752  216.62808978  216.36809312
  216.58448934  217.11919861  218.89484076  219.00377489  219.82066526
  221.32770074  222.34852872  221.97686132  220.74309018  219.77477808
  218.70320663  218.08501692  217.97486003  216.59776345  215.27432593
  214.22185253  213.16986181  212.11839092  211.23221905  216.31565855
  221.39614907  226.47368776  231.54853546  234.25365395  236.66613497
  239.0772043   241.48701342  238.12406838  232.88176157  227.64245395
  222.40612953  220.43491158  220.48276115  220.53064509  220.57839937
  221.52218763  223.43056112  225.33795364  227.24404325  228.07945373
  226.88499877  225.691399    224.49817387  223.21093957  221.5657739
  219.92173527  218.27831619  216.84191327  218.04858573  219.25470741
  220.45981082  221.66413416  224.52981803  227.50750154  230.48317108
  233.45701957  235.29211811  236.84203105  238.39081444  239.93894082
  239.16421992  237.21362594  235.26399086  233.31541287  231.88388696
  230.91503176  229.94662169  228.97869769  226.31629725  221.01563329
  215.71801406  210.42344254  206.78195123  207.97037807  209.15784487
  210.3445688   211.5488219   212.88719944  214.224704    215.56142315
  216.89734513  218.15707281  219.41458809  220.67141453  221.92738462
  223.32092331  224.73883059  226.15580537  227.57211452  227.29917848
  226.34848033  225.39819046  224.44805711  224.75967371  226.01128351
  227.26219065  228.51281001  229.85299901  231.30928276  232.76474723
  234.21965123  233.90353407  229.46077625  225.0200354   220.58081484
  216.59595239  214.92127167  213.24724794  211.57398174  209.97686567
  211.05287913  212.12832799  213.20345113  214.27797059  216.89034001
  219.68885044  222.48608483  225.28209241  227.63455001  229.84284488
  232.0500945   234.25629537  235.40235401  235.89537772  236.38816992
  236.88054668  235.85276826  233.19534367  230.55648073  227.92210561
  226.69283699  228.11656205  229.53973116  230.9627965   232.8707905
  236.60707941  240.34229427  244.07661566  247.13454881  241.6689054
  236.2045726   230.74154782  225.27977425  216.28585522  207.05680282
  197.83001294  188.60522294  194.57505895  204.32337408  214.06949008
  223.81316775  228.52471084  230.69675649  232.86765406  235.0377397
  234.45644997  231.41798047  228.38078104  225.25540943  214.00973515
  184.17202084  146.66536258  114.30059221   93.18166134   80.85369092
   80.00757374   65.71200961   59.41933154   61.63006835   59.85170592
   61.05821203   63.70415048   64.4992581    74.28447986   77.28881887
   97.4957932   100.07861017  121.59152577  156.79685814  172.75181354
  185.56245372  183.31025856  152.82217519  126.12137731  133.77642561
  109.93291473  108.63230391  126.3430406   104.7804673   108.52792632
  123.41259228  103.83152227  106.30646089  125.88502949  123.00697882
  123.9534992   136.18041333  145.80644364  135.10225319  145.9246358
  164.13822276  162.55744175  160.65369822  163.12423386  163.62021043
  161.14846453  161.62682102  160.8440368   158.12297717  160.69686631
  168.6073458   170.9520341   172.8685481   183.16980735  194.06311715
  194.8251315   200.09015053  203.18168373  214.46407707  216.12634732
  210.26116004  209.7032265   211.72483637  217.62465437  214.12856691
  212.18399535  211.0564435   215.03283188  215.33405128  209.54958432
  205.03514139  200.68990811  201.67508931  196.74428288  198.16782377
  200.9056607   204.86978145  211.03673552  210.17869991  208.09681686
  208.66722394  209.3364486   207.98612789  204.23076775  196.24304791
  190.22641701  185.96726282  183.30580395  181.87320466  178.68524576
  177.64485869  179.92151946  182.19717371  184.47157055  185.54517799
  183.14036966  180.73655561  178.33405679  176.54668478  179.26094659
  181.97376594  184.68513837  187.39553392  192.12206409  196.87969343
  201.6348458   206.38779641  213.45250285  220.93039408  228.40490285
  235.87556056  238.82123977  239.92789608  241.034088    242.13970934
  239.72632625  234.71083267  229.69748264  224.68663585  218.57167873
  211.04229148  203.51659281  195.9945277   193.03190625  200.60075423
  208.16598774  215.72731613  222.19499425  223.18563907  224.17570824
  225.16514321  226.09633061  225.14292806  224.18980227  223.23729862
  222.28491609  213.06890504  202.8705774   192.67712382  182.48882458
  173.53583243  164.982324    156.43279997  147.88757315  150.34138358
  159.51057854  168.67449405  177.83337405  186.2522191   193.88348617
  201.51062117  209.13362969  214.84795121  216.99093162  219.13244254
  221.27287649  222.07525836  217.89667188  213.72043203  209.54623466
  206.12732598  211.96613564  217.80185734  223.63418404  229.46320708
  230.57652579  231.38209429  232.18740601  232.99190259  234.81653182
  236.89107796  238.96431288  241.03653161  243.54765064  246.27813954
  249.00710235  251.73762644  251.18755577  247.72797906  244.2704843
  240.81454003  238.2158411   236.93668132  235.65827117  234.38050159
  232.71885708  229.95047411  227.18327113  224.41761086  221.98579117
  221.96752942  221.94929866  221.93104057  221.91257995  225.52457117
  229.19074366  232.85471174  236.51666817  229.79364541  221.2199636
  212.65074769  204.08601173  200.00623095  197.73937443  195.47365937
  193.20929216  195.84915072  202.09958265  208.34643709  214.59001261
  218.26475449  218.66549332  219.06565732  219.46566688  219.84066022
  220.15828855  220.47583663  219.71012406  221.54733623  224.48519022
  226.5655516   230.28943643  233.11984845  230.47808647  227.83773695
  225.19886024  221.95022682  219.8381479   218.25932031  216.60660613
  214.8852135   212.58414118  209.79097823  209.03060113  208.17912646
  210.69568991  214.59825892  216.19671564  219.33581057  223.07455744
  228.65686683  233.03326094  233.91552756  233.75797646  228.08438045
  223.49447349  221.03771276  217.66684642  221.14618072  223.24921736
  226.6223363   228.83944216  230.30335021  231.09289531  231.44048554
  235.87509363  234.03163906  231.42345707  230.12153727  228.68238743
  228.97231401  232.32960491  233.32925753  234.20338681  233.8801507
  232.96058897  232.04127938  231.12242865  229.79277885  228.10031609
  226.40861062  224.71766522  223.89634351  224.40789973  224.91907371
  225.4301113   226.9958563   231.59168535  236.18477145  240.11730635
  242.25728197  235.99906228  229.06055196  222.3122051   216.35820081
  220.34720215  225.36090301  230.19506062  234.58768326  236.65586098
  237.67971315  240.41555602  243.17539217  242.6398304   242.18564893
  241.09934234  240.0133308   236.95378345  232.44569553  227.25933181
  221.81238278  218.66414178  217.43259776  217.24873684  216.96793356
  216.09989663  215.86965617  215.63972877  215.40956119  215.61367004
  216.93134876  218.86238175  219.6624408   221.8015721   223.39231409
  225.17547102  228.005739    227.05023394  224.76766255  223.9074578
  222.90714374  222.55671465  225.00135072  228.2916158   232.23710155
  236.29806238  241.36306397  244.66912557  247.23368008  248.1906502
  247.81349348  246.02132634  245.2671523   244.24993985  241.36201716
  235.66216296  229.7715451   224.29418705  220.9641528   226.4679318
  231.94103119  237.71855604  244.40838132  245.21990008  245.85887706
  243.73198924  242.77216844  239.43904036  236.70894295  235.16553285
  233.1110771   233.32278049  234.36136482  235.39906464  236.43607814
  236.5217854   236.13510689  235.74854929  235.3619958   236.40457041
  237.86182684  240.93427071  243.29465789  244.89516596  245.43590133
  245.97631964  246.5160698   247.72714978  250.8561679   253.98291792
  257.10773827  259.67855844  258.30914664  256.94031109  255.57220148
  254.2050557   254.2331693   252.91473     252.40664119  252.61972307
  250.39047424  248.19295784  246.64996154  243.11963182  240.99814553
  240.08570526  239.01131166  237.47397084  237.6405175   238.61138489
  239.60251328  240.46906408  241.19193347  239.85638023  238.99205576
  236.82690752  234.43940683  230.7078192   226.43565621  222.94069478
  217.95695704  216.21815816  214.36073641  212.87160745  211.66625714
  210.91538212  210.85916653  212.00196339  211.75324934  213.27095745
  214.26095042  215.83830125  212.24554829  215.79465789  219.55126021
  215.64370976  219.1303491   220.15117666  220.53762536  228.28546018
  226.36604761  220.30806485  218.88812266  217.49459576  220.95062014
  221.83911164  214.42789437  208.47059621  208.37520092  208.20783335
  207.35020588  203.60135257  202.40402111  199.84204809  202.82737367
  211.8053185   198.58482689  195.65456313  187.49591536  181.96850011
  196.94248662  205.64305189  203.82237933  207.08886135  210.88199718
  215.68968079  231.39845442  237.6975307   221.580467    207.95603186
  201.2216644   199.14170876  204.14090826  213.15106681  217.7792644
  214.27386725  224.54304803  217.4438347   214.63001548  220.30230889
  212.8738886   219.4306192   221.30409528  221.12220834  220.64304207
  218.86877251  213.53406179  211.55651157  225.62958115  229.63585866
  235.73256975  236.36032848  232.51008249  226.91516173  222.64816579
  216.68239667  215.21099775  215.61062824  215.66523062  216.89895376
  213.70866615  215.0638607   212.63333463  216.16687163  215.75479224
  215.76580922  210.99981879  190.26133498  180.4872547   169.31430186
  166.71807327  187.39594331  191.04615163  201.4729764   209.89755582
  211.3705315   218.41592527  219.0339756   221.86765575  212.99282153
  213.18756916  214.49141436  216.5444227   225.02070318  228.10377086
  228.05453135  226.0499765   223.72600827  224.20039031  216.84037832
  217.4279059   219.14636365  215.98095185  225.67808275  228.28542312
  230.17939912  236.40199061  235.05719513  236.9052172   238.03853766
  236.81276442  230.23895475  226.24881107  217.74436971  214.58525008
  214.97336359  218.59433039  220.46934786  220.83717087  217.12937979
  218.69198194  226.54453677  230.79014769  231.27479099  221.29883256
  217.80056531  217.4027805   227.65091071  221.25840093  221.12502638
  219.94791988  219.83783977  228.94027335  227.68483396  228.2439133
  227.39330284  220.53186781  218.72103828  218.09796125  218.52318367
  226.62930151  230.00690053  222.55647664  220.66324623  219.80357064
  216.49356371  217.09496499  213.6329642   214.22085723  206.70207344
  209.33015288  212.72483848  212.15378583  218.49359758  218.01504727
  213.20872901  208.94721414  208.75330512  207.45742763  207.76691571
  211.37157757  215.20819449  217.4028253   216.93342077  219.4553274
  216.69233528  218.97725263  221.92057906  221.77125547  225.07804258
  225.13436072  225.82168949  227.70568326  228.7754346   230.68953662
  231.95390409  231.29734191  225.95198855  224.3794839   221.25857476
  217.83595485  214.02282978  209.75259492  205.56780227  201.72813617
  202.5462658   204.46303997  206.30031761  210.50906497  212.21143639
  213.94727827  215.11491887  216.84891735  219.82634265  221.85073461
  224.71711094  227.34865359  225.92540761  222.76237472  220.41281248
  218.3232122   217.23990748  217.23208186  217.23894022  217.59640815
  215.74173713  217.14601979  217.97403131  219.05865059  221.33803277
  220.65553034  220.6998517   220.85834279  218.82975245  217.98906539
  217.4515197   216.03950848  215.32135735  216.05139221  216.84580075
  219.37178442  219.45679711  219.56125617  219.05765134  218.53234654
  219.06185021  218.42419412  216.93427628  214.67194912  212.08671029
  210.0367025   209.49343335  208.95009406  207.62659586  206.68243608
  207.68887865  208.38317495  208.99295283  209.53148731  208.59767916
  208.05892342  208.01473572  207.73430667  210.0847364   211.74931261
  213.4128339   215.07491129  215.35877499  215.09836404  214.83780101
  214.5776576   216.0259496   218.70854428  221.38900544  224.06745565
  225.70214323  225.4283827   226.13139883  226.77156767  227.68152685
  228.40780154  228.32746123  228.24741287  227.71167876  224.97345087
  222.23683892  219.50225727  216.77437764  214.18387456  211.59546062
  209.00854486  205.41157938  206.7617952   208.67841493  210.77301777
  213.80531157  214.60024125  215.0317575   215.46302508  215.89364325
  216.59783026  217.46517203  218.33182412  218.54895784  218.38849118
  217.85868807  217.22422334  217.14753467  217.82681978  218.7789575
  220.46421472  221.33753038  221.87213921  222.65185196  223.4312035
  223.97692473  223.24961481  223.1998407   223.29356863  223.70445006
  225.44234887  224.26966988  221.63978354  220.79621713  219.06048257
  218.53419225  218.29485982  218.05557463  217.81633679  218.62177829
  219.93696655  221.25151452  222.56532592  221.64291884  218.78240019
  215.92309253  213.06499727  209.98090054  207.59932326  206.23754342
  204.66174018  204.8768578   208.61048029  212.25884812  215.62939493
  218.1824646   218.97289886  219.76291863  220.55252348  220.92337712
  221.79014243  223.45975576  226.41962819  228.11374777  228.85573062
  229.43433903  230.01262239  230.59058038  230.10954662  229.21164569
  228.31409021  227.41688062  226.16393495  224.65544756  223.1475871
  221.64035433  220.33672073  219.28706352  218.23782682  217.18901115
  216.45659683  216.43247772  216.40844177  216.38435662  216.83452164
  219.56117915  222.28651528  225.01052859  227.69484648  229.35121226
  231.00674529  232.66105664  234.31489796  231.8841285   228.99910381
  226.1153596   223.23289732  223.20478096  224.06106721  224.9168893
  225.77224675  225.86425328  225.50293409  225.14174051  224.78065279
  223.92850618  222.56685358  221.20577978  219.84528546  219.23628069
  219.99606169  220.75567201  221.514859    222.26245612  222.96956724
  223.67627813  224.38258836  225.11354797  226.12614056  227.13804333
  228.1492739   229.16021732  229.89673614  230.61696127  231.33677413
  232.05617429  229.77264698  226.78075365  223.7902346   220.80095334
  219.55755956  219.16437797  218.77132231  218.37839276  218.35463538
  218.6500354   218.9452279   219.24021271  218.92680384  217.70190795
  215.59847569  213.4306083   211.97414185  212.70097717  214.08104473
  215.62925723  217.47280355  216.97051235  216.46801324  215.9660871
  215.46434347  213.90597178  212.33887478  210.77248723  209.20680992
  209.36895332  209.82425092  210.27926016  210.73359939  211.08487984
  211.39550924  211.70592058  211.68112822  209.76975069  208.11701727
  206.88102171  206.12753049  204.91511796  204.28201625  203.64954181
  203.01732255  201.1948066   196.71633063  192.24004637  187.76595619
  183.35519622  179.23868955  175.12396587  171.010859    166.77610618
  159.66362738  152.55593897  145.45304355  138.35494375  144.40990234
  151.91565394  159.41621792  166.91136186  172.54556533  177.60277917
  182.65646076  187.70660821  188.85223642  187.68337239  186.51524459
  185.34785342  185.33119019  186.50301018  187.67414204  188.84439755
  190.5621759   193.2732412   195.98236107  198.68953446  201.26523292
  203.37723489  205.4874302   207.59640526  209.43709603  208.31644239
  207.1964919   206.07724494  204.9587019   203.12574451  201.25341442
  199.38226156  197.51208607  196.87261632  196.52186156  196.17127962
  195.82087061  195.50410338  195.20369899  194.90343296  194.60330539
  197.69304462  203.69919015  209.70134497  215.69919301  219.52439117
  220.10731871  220.68975226  221.27169157  221.18782049  219.25477113
  217.32260008  215.39212707  213.6465916   213.15094368  212.65556715
  212.16046219  211.66562894  212.98098057  214.31023462  215.63846017
  216.9652476   214.18359568  210.71008171  207.23896941  203.77026006
  203.44566415  204.34792092  204.14418461  204.85821301  206.45016946
  209.64603379  211.61538393  213.58323641  211.95238795  205.87104496
  199.79400512  193.72127071  189.22640631  188.22780123  187.22988227
  186.23277335  185.42816853  187.48779877  190.2352685   193.49198456
  196.91572808  200.5535608   204.18867094  207.82083866  211.45031357
  212.80008827  213.89985978  214.998745    216.09674347  213.83673051
  210.54778596  207.26116425  203.97676872  202.02861031  200.86964648
  199.71145325  198.55403105  197.56859842  196.76027538  195.95246871
  195.1451787   196.22720094  199.50121356  203.58661058  208.04758354
  212.03726292  213.15043384  213.10376169  213.05703846  212.67319583
  212.26478647  212.66425264  214.35736069  214.79188023  214.7696949
  214.72187109  214.67399585  214.62606918  211.4123066   209.51475865
  207.53063934  205.75843941  204.29732855  199.86370946  195.43332941
  191.0061901   191.51357262  196.24809864  200.97898774  205.70623806
  208.49998503  208.42107853  207.53778931  208.26393957  206.6232482
  203.61341238  201.47664053  199.73485054  197.85186934  198.25460621
  198.65695548  199.05854503  199.18733629  200.9597498   203.46094432
  205.4646459   207.46673677  206.89675184  206.26043226  206.04379365
  206.02036803  204.85029229  204.27966031  201.88126836  199.4846267
  196.32282612  190.82099614  183.25823957  178.80252115  176.50935725
  175.29466948  176.34379477  175.90118726  177.07060258  184.94331761
  186.96200227  189.96353329  192.01856939  191.11732846  191.98174438
  189.62416061  188.49517429  186.93575834  187.81532008  186.62327795
  186.04370317  180.60518665  176.88218435  183.42338563  182.3467471
  189.34273078  189.93168551  177.79697174  169.69985568  161.35096243
  152.63360521  160.10022977  166.36129481  170.22836367  165.4344376
  159.1207859   153.08726961  148.48405874  159.76915549  168.46719556
  175.08943108  171.326585    166.81235098  165.88339549  166.69964535
  173.4773559   160.388593    142.68077885  132.55560425  119.75758703
  117.52755176  132.04588114  139.48547602  154.73222621  173.45037189
  175.64544865  162.02310989  154.43159081  153.01667505  141.29840643
  155.2481283   159.38434294  152.46685196  164.63683535  165.09412625
  161.64449528  166.89335157  170.96921907  168.06206728  161.70090605
  159.6623854   161.60267125  166.58709398  185.74832566  179.7981037
  175.29380217  156.73396388  159.06081706  164.846844    163.04380222
  169.91914089  166.80223119  166.0876695   164.9161808   168.71100822
  168.52816662  166.36269414  168.98453087  173.12066961  172.90545622
  178.44738254  183.41623113  183.80413867  189.02475417  188.02552749
  185.01233592  182.35097829  171.35163141  168.72468348  168.83738289
  172.30027845  182.26826073  179.54114033  177.5113268   175.15607463
  169.38201239  172.64112439  178.47713043  183.52773596  178.36124267
  176.38381509  168.94394516  158.56286546  164.23524795  165.32576453
  175.97318041  181.07159377  175.04744242  157.52503193  147.75987416
  147.73206565  158.51418488  170.09181739  157.33550845  156.99704537
  153.65495515  154.31631754  168.63354444  163.93535287  161.10568205
  161.50900131  163.53124188  166.20961693  154.18756209  150.25914022
  151.20855831  154.20949408  157.918134    151.64024373  138.54732449
  135.56435645  145.08836658  156.52033486  168.15286534  171.08149911
  171.05374117  167.65800855  157.43823832  147.37064335  149.99044403
  156.62979995  170.16185092  177.10236872  178.1172674   175.97533404
  171.50891584  161.40062045  150.37289725  148.81269626  149.70717044
  151.59744076  142.17632425  134.7395485   137.38527692  141.91787111
  156.42538438  162.80160518  162.046256    165.36513494  167.77929555
  169.56682275  169.70342183  166.8334618   156.98884224  141.29087349
  136.57238579  122.60840331  128.68761757  141.15685483  143.6697561
  156.47534289  158.52662975  157.33090309  163.19530429  168.76991819
  167.08185442  165.90326808  166.52442073  164.42833275  165.20957087
  152.30891442  142.44820439  137.01777923  139.05678856  154.60873003
  158.3469275   163.28218658  159.28717696  148.95602393  146.58814433
  146.35720442  149.0828096   157.17423025  159.13376459  156.45109993
  154.95063879  148.92807035  143.30103739  147.66094306  149.53769451
  158.1475625   166.00524539  167.15694287  169.03139341  167.81650847
  164.89957437  159.37818074  156.43612859  156.51547099  157.91842485
  156.9192482   154.22593185  150.29073968  141.40266542  144.26548543
  148.39298076  151.14989313  157.0846573   157.81338441  153.18023542
  152.45074264  153.62661505  152.27390638  154.93225732  153.88577373
  152.41433645  152.3606865   149.63508324  149.08100796  147.20116192
  144.69773086  148.39983914  150.49930319]
