[  37.27823849   37.35867777   37.43926413   37.58934248   37.77520788
   37.96152609   38.14836917   38.33570786   38.52357086   38.71189346
   38.90073241   39.09008858   39.27995335   39.47029891   39.66114482
   39.85253015   40.0444078    40.236788     40.42965442   40.62307819
   40.81697985   41.01140642   41.20631196   41.24523973   41.19736256
   41.14915408   41.10055962   41.05164708   41.0023254    40.95267448
   40.90264737   40.85228953   40.80152039   40.75040951   40.69893927
   40.64547259   40.5913982    40.536969     40.48220341   40.42707212
   40.3715651    40.31568182   40.25947841   40.22212044   40.20437438
   40.1863725    40.16818717   40.14973584   40.13107436   40.11215087
   40.09303969   40.07365175   40.05406121   40.03421647   40.01417284
   39.99384874   39.97331561   39.95254292   39.93155792   39.91029569
   39.88881112   39.86710374   39.84516392   39.84399201   39.92446776
   40.00508556   40.08579972   40.16661947   40.24752879   40.32859447
   40.40974072   40.49101134   40.57236262   40.65387082   40.73545059
   40.81716673   40.89896842   40.97210041   41.03885292   41.10572708
   41.17263694   41.2396267    41.30669644   41.3738462    41.44111581
   41.50843288   41.57582317   41.64329373   41.71084698   41.77852296
   41.84623479   41.91402715   41.98190011   42.04987968   42.11793531
   42.18605047   42.25424648   42.3225234    42.39092874   42.45936772
   42.52788779   42.59648902   42.64170056   42.61951615   42.59717386
   42.57375998   42.55007736   42.52624287   42.50230359   42.47816464
   42.45387316   42.42942892   42.40484347   42.3801283    42.3552244
   42.33016685   42.30495542   42.2795899    42.25411683   42.2284424
   42.20261321   42.17662903   42.15050127   42.1242413    42.09779075
   42.07118433   42.0444218    42.01693162   41.98881896   41.9605401
   42.06786519   42.23847157   42.40945666   42.58072785   42.75233189
   42.92426916   43.09654      43.26918032   43.44213141   43.61540533
   43.78901426   43.96300421   44.13728684   44.31190318   44.48685599
   44.66214563   44.83779444   45.01378587   45.19008834   45.36672909
   45.54370849   45.7210269    45.89873452   46.07673219   46.25506997
   46.43375575   46.61281777   46.77229237   46.76670897   46.76101916
   46.75522279   46.74936769   46.7433602    46.73724314   46.73101889
   46.72469482   46.71829846   46.7117516    46.7050969    46.6983342
   46.69149597   46.68453432   46.67744662   46.67025027   46.66294513
   46.65558104   46.64805778   46.64042523   46.63268323   46.62483163
   46.61690267   46.60884879   46.60066737   46.59237571   46.58397363
   46.40135265   46.06476297   45.72727855   45.38889833   45.04963803
   44.70949378   44.36841936   44.02644487   43.68356924   43.3397914
   42.99515587   42.64956999   42.30307869   41.9556831    41.60741954
   41.25820512   40.90808098   40.55704604   40.20509924   39.85227524
   39.49816526   39.14054182   38.78205753   38.42271349   38.06254277
   37.70146997   37.33953262   36.97672977   37.00665231   37.05457445
   37.10252309   37.15051575   37.19855244   37.24663515   37.29479711
   37.34296611   37.39117926   37.43943657   37.48864685   37.53911038
   37.58960486   37.64014793   37.69073963   37.74141932   37.79210841
   37.84284621   37.89363276   37.94447795   37.99539171   38.04632472
   38.0973066    38.14833738   38.19941708   38.25058539   38.30176307
   38.31732256   38.27479568   38.23211206   38.18928132   38.14625387
   38.10305917   38.05969702   38.0161966    37.97250863   37.92864277
   37.88460861   37.84040593   37.79604426   37.75153304   37.70682351
   37.66194463   37.61691357   37.57171653   37.52632826   37.4807698
   37.43504094   37.38914145   37.34310937   37.29686795   37.25045529
   37.20387116   37.15713244   37.11022556   37.01091426   36.89867973
   36.78612503   36.6732853    36.56009089   36.44654957   36.33265445
   36.21843768   36.1039154    35.98907426   35.87389018   35.75838295
   35.64255221   35.52643178   35.40995454   35.29315086   35.17602216
   35.05857339   34.94082353   34.82271738   34.70428472   34.58552516
   34.46646092   34.34705847   34.22731581   34.10724476   33.98684492
   33.92696709   34.07097044   34.21521015   34.35971548   34.50449883
   34.64842659   34.79145278   34.93472804   35.0782526    35.2220267
   35.36608598   35.51035998   35.65493769   35.79965533   35.94458734
   36.09000388   36.23556407   36.38124887   36.52738494   36.67373708
   36.82017676   36.9668681    37.11408832   37.2613773    37.40882633
   37.55652795   37.7048381    37.85306563   38.20935092   38.67650737
   39.14431729   39.61298806   40.08257807   40.55348949   41.02492514
   41.4972827    41.97056309   42.44518633   42.92031951   43.39637818
   43.87379585   44.35171269   44.83055772   45.31035413   45.79148651
   46.27312596   46.75569718   47.23966522   47.72410718   48.20948361
   48.69586705   49.18352571   49.67171543   50.16084321   50.65108352
   51.12352986   51.37599303   51.62902933   51.88276759   52.13657504
   52.39083067   52.64576605   52.90120405   53.15680896   53.41286371
   53.66970843   53.92684929   54.18391802   54.44171265   54.69990532
   54.95830892   55.21716207   55.47686894   55.73675926   55.99696577
   56.2579778    56.51928017   56.78084376   57.04285978   57.30579969
   57.56880721   57.83218526   58.0960174    58.17297111   58.06395016
   57.95462564   57.84552685   57.7356208    57.62538235   57.51483907
   57.40454278   57.29338755   57.18192652   57.0701868    56.95863261
   56.84625097   56.73356227   56.62110893   56.5078038    56.39419065
   56.28034997   56.16657636   56.05203589   55.93721285   55.82256
   55.70708932   55.59130839   55.47534918   55.3593423    55.24262732
   55.1256008    54.92588346   54.7193225    54.51198227   54.30433058
   54.09633887   53.88751847   53.67820442   53.46867528   53.25859854
   53.0477984    52.83650264   52.62508455   52.41291844   52.20013066
   51.98716483   51.77355119   51.55926692   51.34448358   51.12961085
   50.91389801   50.69761224   50.48082542   50.26401053   50.04621785
   49.82792263   49.60956769   49.39028696   49.2639448    49.30975625
   49.35639559   49.40259632   49.44882159   49.49553541   49.54180999
   49.58810912   49.6344328    49.68124589   49.72761889   49.77401645
   49.8205084    49.86735098   49.91382245   49.9603418    50.00730546
   50.05385086   50.10042084   50.14713214   50.19410174   50.24074568
   50.2874142    50.33431785   50.38129308   50.4280356    50.47496668
   50.52122296   50.34804198   50.1081649    49.86743142   49.62655932
   49.38474259   49.14289766   48.90022516   48.65729256   48.41382727
   48.16974055   47.92545468   47.68056829   47.43497331   47.18921715
   46.94253629   46.69579855   46.44824713   46.20041905   45.95205634
   45.70307516   45.45387457   45.20376338   44.95357507   44.70254182
   44.45130241   44.19944535   43.94705309   43.83694607   44.29142222
   44.74704422   45.20343062   45.66016379   46.11807691   46.57639398
   47.03577244   47.49578699   47.95652233   48.41824339   48.88033171
   49.34361063   49.80722846   50.27202296   50.73735779   51.20350763
   51.67056855   52.13806981   52.60674614   53.07571464   53.54593832
   54.01693868   54.48824566   54.96055548   55.43246896   55.90518902
   56.37881988   56.6643259    56.83802941   57.0114583    57.18564547
   57.35973757   57.53422721   57.70901131   57.88377609   58.05917634
   58.2342936    58.41018009   58.58591357   58.76215468   58.93877263
   59.11528835   59.29220762   59.46942458   59.64661714   59.82445743
   60.00200267   60.1803329    60.35850153   60.5371866    60.71606268
   60.89502001   61.07457908   61.25230325   61.42025457   61.39097906
   61.3619841    61.33271831   61.30329199   61.27406225   61.24453423
   61.21473575   61.18518768   61.15498568   61.12522505   61.09489323
   61.06483769   61.03451176   61.00402481   60.97370362   60.94278564
   60.91227777   60.88114657   60.85039723   60.81926932   60.78808846
   60.75696267   60.72535068   60.69409079   60.66269589   60.63070755
   60.59912377   60.47456213   60.24813109   60.021005     59.79350534
   59.5657368    59.33717068   59.10862372   58.87912436   58.64971831
   58.41954473   58.18909709   57.95827043   57.72675729   57.49519632
   57.26269617   57.03027124   56.7974127    56.56362067   56.32989609
   56.09541509   55.86064984   55.62549984   55.38967115   55.15377427
   54.91695727   54.68018948   54.44262521   54.20492531   54.81838609
   55.52775695   56.23858722   56.95006414   57.66318316   58.37701538
   59.09234994   59.80891198   60.52622752   61.24495478   61.96477807
   62.68558666   63.40790337   64.13081492   64.85543868   65.5807329
   66.30758135   67.03541202   67.76433869   68.49471931   69.22571801
   69.95844844   70.69175748   71.42678066   72.16265498   72.89975319
   73.63830257   74.58329855   75.95855252   77.33636458   78.71579568
   80.09810414   81.48197979   82.86872269   84.25734205   85.64826805
   87.04165709   88.4367544    89.83474439   91.23419593   92.63668069
   94.04089195   95.4475935    96.85491099   98.25668518   99.66109378
  101.06737828  102.47504752  103.88546912  105.29699221  106.71142506
  108.12726487  109.54538759  110.96561382  112.38736713  112.47635331
  112.11545291  111.75490343  111.39301599  111.03099225  110.66825541
  110.30461639  109.94097566  109.57577248  109.21089297  108.84539169
  108.47833715  108.11159455  107.74353584  107.3753192   107.0063887
  106.63656225  106.26670716  105.89532031  105.52421795  105.15172493
  104.77923866  104.40585881  104.03176591  103.6574919   103.2817963
  102.90631333  102.6161136   102.72238346  102.82877726  102.93450546
  103.04092749  103.14716605  103.25339649  103.36014651  103.46618455
  103.57313879  103.67933606  103.78640662  103.89311632  103.99999429
  104.10721753  104.21390211  104.32141871  104.4281304   104.53580793
  104.64298984  104.75051807  104.8584376   104.96594933  105.0736303
  105.1816587   105.28914471  105.39746814  105.50498113  105.44445384
  105.26926992  105.09399339  104.91838662  104.74197519  104.56586605
  104.38851495  104.2116833   104.03383182  103.85605744  103.67783354
  103.49898621  103.32034238  103.14111774  102.96109698  102.78136207
  102.6004005   102.41993737  102.2384652   102.05705817  101.87520058
  101.69272218  101.51043258  101.32692713  101.1439053   100.95979752
  100.77591552  100.58973043  100.32937169  100.06894853   99.80728908
   99.54593822   99.28410079   99.02094974   98.75814054   98.49414521
   98.23023949   97.96560108   97.70039468   97.4351077    97.16860312
   96.90237973   96.63490205   96.36765997   96.09952749   95.83098601
   95.56219323   95.29235488   95.022699     94.7517636    94.481124
   94.20999072   93.93762332   93.66546511   93.39242538   92.95566246
   92.315914     91.67457754   91.03283166   90.38927802   89.74541691
   89.10001546   88.45377821   87.80655426   87.1579093    86.50874364
   85.85780396   85.20651212   84.55363025   83.90003478   83.24554497
   82.58692271   81.92488287   81.2619279    80.59765754   79.93290164
   79.26650606   78.59977952   77.93158357   77.26272381   76.59281366
   75.92172958   75.25006272   75.77385303   76.47573576   77.17801003
   77.88165147   78.58602855   79.29126668   79.99779043   80.70501515
   81.41296885   82.12228508   82.83185799   83.54303682   84.25456555
   84.967506     85.68117101   86.39569711   87.11150958   87.82761465
   88.54533313   89.26329946   89.98285432   90.70297932   91.42411316
   92.14640806   92.86911415   93.59339992   94.3185902    94.47157446
   93.26108259   92.04813657   90.83412835   89.61801135   88.40022995
   87.18092146   85.95937879   84.7366866    83.51156627   82.28538002
   81.05701348   79.82709917   78.59549966   77.36183543   76.12689003
   74.8895802    73.65112561   72.41090969   71.16835677   69.92462517
   68.67876882   67.43132328   66.18217152   64.93099538   63.67845052
   62.42363286   61.16230769   61.17498771   61.68695359   62.19902582
   62.71167616   63.22490847   63.7382392    64.25222936   64.76670221
   65.28131765   65.79688974   66.3124972    66.82877616   67.34513636
   67.86208853   68.37963655   68.89725782   69.41555857   69.9343477
   70.4532583    70.97291152   71.49294066   72.01369205   72.53435566
   73.05562519   73.57750454   74.09943178   74.62205869   75.33716336
   77.18720477   79.03916774   80.89265482   82.74806106   84.60445771
   86.46263873   88.32261807   90.18372154   92.04673389   93.91141184
   95.7772605    97.6451183    99.5144911   101.38509007  103.25809764
  105.13216673  107.00808475  108.88503544  110.76396807  112.64458705
  114.52630005  116.41011041  118.29542653  120.18199275  122.07114706
  123.96127428  125.85330467  126.27335124  125.58030189  124.88671916
  124.1919537   123.49710399  122.80152043  122.10486179  121.40820624
  120.71062314  120.01303135  119.31384146  118.61444885  117.91451485
  117.2134269   116.51222126  115.81028507  115.10729699  114.40427279
  113.70033571  112.99635065  112.290822    111.5850627   110.87875397
  110.17132031  109.46373524  108.75542298  108.04608221  107.33666583
  108.62982232  109.93625775  111.24458199  112.55356223  113.86373006
  115.17448983  116.48685018  117.80021599  119.11425091  120.4300012
  121.74656227  123.06392509  124.38327467  125.70323198  127.0243913
  128.34608892  129.66944866  130.99380733  132.31879184  133.64556386
  134.97311913  136.30144853  137.63158824  138.96233731  140.29502757
  141.62770223  142.96210093  143.86357921  144.15893596  144.45445509
  144.74983035  145.04505974  145.34124434  145.63710892  145.93404929
  146.23002668  146.52684821  146.82375556  147.1203369   147.41788407
  147.71528112  148.01252605  148.31074169  148.60862762  148.90760715
  149.20560138  149.504453    149.80338875  150.10198877  150.40157017
  150.70099517  151.00026176  151.30051465  151.60042807  151.90042306
  152.92762244  154.09065873  155.2544622   156.41859379  157.58442363
  158.75076741  159.91761711  161.08618479  162.25506585  163.42470407
  164.59614656  165.76809175  166.94079772  168.11379303  169.28854941
  170.46379481  171.63952116  172.81702844  173.99481022  175.17334266
  176.34787466  177.52170979  178.69755914  179.87279636  181.04977281
  182.22712825  183.40485455  184.20911756  183.98603243  183.76260525
  183.53978622  183.3159671   183.09319113  182.86876099  182.64508057
  182.42076709  182.19582219  181.971623    181.7465752   181.52118673
  181.29639553  181.07061409  180.84478046  180.61946861  180.39381489
  180.16753325  179.94062536  179.71445037  179.48743477  179.26007988
  179.03331132  178.80556243  178.57775894  178.35046722  178.122835
  177.96187955  177.83032484  177.69956042  177.56803212  177.43623484
  177.30508444  177.17303085  177.04099001  176.90955177  176.77854793
  176.64699294  176.51488781  176.38356405  176.25148005  176.11912669
  175.98741244  175.85479977  175.7221972   175.59009212  175.45695117
  175.32500277  175.19160214  175.05897509  174.92559259  174.79194153
  174.65892291  174.52501183  174.45069555  174.82820229  175.20504427
  175.58344393  175.96075831  176.3392165   176.71728289  177.09544504
  177.47461673  177.85325187  178.23226407  178.61214979  178.99135247
  179.371217    179.75174607  180.13265688  180.51309213  180.89362084
  181.2751757   181.65617857  182.03756201  182.4198327   182.80140196
  183.18364242  183.56655679  183.94985642  184.33266647  184.71556762
  185.00720345  185.21985783  185.4327746   185.64646862  185.85932379
  186.07273614  186.28670713  186.49983609  186.71455785  186.92814087
  187.14265409  187.35646964  187.57054946  187.78551945  188.00228079
  188.21961039  188.43750973  188.65456294  188.8732313   189.09075359
  189.30922125  189.52698869  189.74502833  189.96386627  190.18185109
  190.40040934  190.61954254  190.83781936  191.14980973  191.46544251
  191.78172514  192.09714206  192.41290443  192.72954591  193.04539234
  193.36189008  193.67904134  193.99539279  194.3126278   194.63021175
  194.94845327  195.26581282  195.58352074  195.9021191   196.21990732
  196.53835458  196.8574631   197.1757567   197.49494522  197.81448561
  198.13336239  198.45399875  198.77365745  199.09421799  199.41395322
  199.67434196  199.84147118  200.00765816  200.17463715  200.34185682
  200.50828981  200.6763868   200.84338021  201.01116905  201.1780104
  201.34540975  201.51336822  201.68037678  201.848183    202.01623132
  202.1834865   202.35241803  202.52023706  202.68885721  202.85652217
  203.02474899  203.19353878  203.36137095  203.53000647  203.69888552
  203.86696493  204.03601007  204.20497782  204.46145418  204.7363817
  205.01195308  205.28817023  205.56349786  205.83971416  206.11625417
  206.39131392  206.66732816  206.94333944  207.22032543  207.49600377
  207.7723304   208.04930725  208.32537941  208.60234777  208.87964016
  209.15618805  209.43379974  209.71140682  209.98843079  210.26726606
  210.54518767  210.82376611  211.10142681  211.37999345  211.6588866
  211.94986409  212.28280305  212.61577451  212.94819212  213.28248247
  213.61588391  213.94998838  214.28319903  214.61736544  214.95190014
  215.28570485  215.62063821  215.95560208  216.29000132  216.62570361
  216.96109562  217.29779583  217.63299016  217.9691521   218.30568536
  218.6414753   218.97840827  219.31536975  219.65175575  219.98946174
  220.32685039  220.6491171   220.96373669  221.23871192  221.49128804
  221.74145824  221.99346618  222.24557382  222.49603497  222.74833998
  223.00074468  223.25158443  223.50409889  223.75583469  224.00784379
  224.26074296  224.51294873  224.76507593  225.01827221  225.2709492
  225.52319328  225.77668668  226.02850507  226.28219587  226.5359864
  226.78809579  227.04208374  227.29617142  227.54857181  227.80285691
  228.05946286  228.33744699  228.61715527  228.89607672  229.17528806
  229.45542081  229.73485381  230.01421645  230.29468401  230.57462993
  230.85414252  231.13494491  231.41540511  231.6950663   231.97168404
  232.2441832   232.51860133  232.7931157   233.06589472  233.34059934
  233.61540018  233.88855092  234.16345006  234.43752385  234.71187588
  234.98715331  235.26169473  235.53614518  235.61674157  235.51118281
  235.40499915  235.29994871  235.19436575  235.08778875  234.98252841
  234.875351    234.769951    234.66448079  234.55709585  234.451486
  234.34580596  234.23830563  234.13239387  234.02650403  233.91898011
  233.81267471  233.70574786  233.59856779  233.49232863  233.38537671
  233.27780461  233.17135575  233.06437832  232.9564147   232.84975617
  232.7427528   232.80976862  232.89009933  232.96860791  233.04896019
  233.1293236   233.20795458  233.2882478   233.3686439   233.44748935
  233.52763141  233.60723276  233.68666066  233.76711101  233.84692819
  233.92620355  234.00648234  234.08623613  234.1650787   234.24531439
  234.32528427  234.40397292  234.48424072  234.56267241  234.64296138
  234.72326128  234.80181545  234.88204406  235.01031287  235.22171645
  235.43448292  235.64759508  235.85938167  236.07216322  236.28482555
  236.49699554  236.71044314  236.92349189  237.13567341  237.34932257
  237.56275872  237.77495069  237.98880136  238.20262593  238.41482725
  238.6288794   238.84121121  239.05530296  239.26955655  239.48227355
  239.6963777   239.91083268  240.12393587  240.33805134  240.55204401
  240.76553378  240.41875203  239.91863671  239.41734305  238.9172314
  238.4166013   237.9144228   237.41360557  236.91245849  236.40939763
  235.90787496  235.40435236  234.90226795  234.40003998  233.89600769
  233.39303419  232.89010104  232.38555688  231.88169676  231.37805856
  230.87300033  230.36825608  229.86442844  229.36351745  228.86370794
  228.36336967  227.86151563  227.36093447  227.04591102  227.42618764
  227.8083198   228.18889503  228.57124144  228.95383156  229.33503696
  229.71765988  230.10070795  230.48254536  230.86544292  231.24894894
  231.63142019  232.01459055  232.39809586  232.7808345   233.16510271
  233.54924802  233.93225325  234.31697938  234.70176652  235.08503647
  235.47022051  235.85555823  236.23918413  236.62482609  237.00903077
  237.39469621  237.24119956  236.77639711  236.31229295  235.84841597
  235.38309016  234.91808541  234.45349104  233.98763974  233.52173656
  233.05614865  232.58903523  232.12324645  231.65712582  231.18912124
  230.72261508  230.2558686   229.79115605  229.34514816  228.89727432
  228.45034167  228.0033518   227.55468452  227.10659127  226.65861892
  226.20915563  225.75990338  225.31094804  224.96873613  226.33079185
  227.69421905  229.05721677  230.42258597  231.78870518  233.154006
  234.52188964  235.89061532  237.25830713  238.62870641  239.99994813
  241.3701237   242.74303982  244.11535085  245.48945925  246.86489342
  248.23989464  249.61631733  250.99427074  252.37196988  253.75070147
  255.13117534  256.51158013  257.89261522  259.27550817  260.65738849
  262.0420621   263.2710561   264.3320268   265.39571807  266.46004697
  267.52289661  268.58849259  269.65312601  270.71945595  271.78695752
  272.85369364  273.92170743  274.98794262  276.04021448  277.09321088
  278.147705    279.20171905  280.2560182   281.31193621  282.36635605
  283.42340626  284.48097117  285.53678997  286.59537591  287.65447665
  288.71180602  289.77192799  290.83256486  291.89140505  292.0449813
  292.10582618  292.16736123  292.22970268  292.29076747  292.3520599
  292.41439084  292.47567587  292.53672533  292.59892984  292.65904428
  292.72135748  292.78366735  292.84365365  292.90595631  291.43178362
  291.360313    290.56290913  290.02780159  290.07627532  289.01992612
  289.01117096  289.25289829  289.618167    290.68205021  291.54048343
  290.59790153  290.15246734  288.17433084  288.23917818  289.81222773
  290.50624666  291.93089185  293.41671184  292.23302297  292.18181424
  291.50640663  291.97117748  292.19264608  292.23573116  293.89562502
  292.70309287  290.57124045  289.22672872  289.06603487  289.23941395
  289.31475826  290.47133066  291.17783629  291.46310888  293.90096192
  293.90062662  293.90178241  293.90058204  293.90168896  294.03973163
  294.21926164  294.40116828  294.58311853  292.79508441  291.06230324
  290.75856812  290.46478773  290.6236098   290.99639544  291.00964146
  291.09451818  292.93616642  294.38085829  296.2792179   296.15266404
  296.02533387  293.68154549  296.71318915  301.68596227  306.05684252
  313.01425064  313.33199091  311.84771126  310.24477655  306.46356855
  308.42509161  313.18535136  320.17711031  327.73221273  327.00936806
  317.88994324  307.96327223  297.95897381  291.64109407  292.10998357
  293.20036262  293.22929859  293.53931938  295.41748492  297.29813275
  299.17713675  301.12664925  307.26097776  313.39526498  319.53444249
  325.6760687   324.41348838  322.13812607  319.86194664  317.58267579
  311.74801126  304.62921981  297.51047281  290.39188794  292.06034628
  299.4190404   306.7776188   314.13607917  318.58982511  319.77402193
  320.96072806  322.14483899  318.97993919  307.14702483  295.31423433
  283.48157137  273.6778292   272.09456942  270.51119437  268.9278137
  267.99796609  277.05968704  286.12295947  295.18499596  304.24629227
  296.89835121  288.22885915  279.55947458  270.89139228  266.32666141
  262.85767748  259.38872409  255.91980233  258.88231065  265.26675045
  271.65174019  278.03520704  284.90532811  292.23116337  299.55683388
  306.88270674  307.58831328  297.49007883  287.3929395   277.31839402
  271.46676334  278.72552494  285.98763116  293.24854134  300.26883996
  305.28048069  310.29282561  315.3058731   320.3221998   319.69266479
  318.89438146  318.09594307  317.29734985  313.95782798  310.1164909
  306.27277655  302.4280914   305.38707527  311.28660309  317.18694822
  323.08980398  328.51348003  333.56334681  338.61390063  343.66513985
  345.43644501  342.7809961   340.12538274  337.46782547  333.55811747
  326.5715377   319.5839263   312.59591819  306.31182139  303.92462897
  301.53706334  299.14912529  296.84714255  299.5518381   302.25908564
  304.96436894  307.66999425  306.58822947  304.99265623  303.39682473
  301.8031864   302.22804392  303.34754793  304.46717064  305.58691167
  310.97434915  319.11537729  327.26014761  335.40340001  337.48664202
  332.77696463  328.06660526  323.35556545  319.7008229   318.13430808
  316.56754321  315.00052881  314.95176213  321.02068307  327.09082709
  333.15981651  338.93506403  340.29908387  341.66322101  343.02747499
  344.39367433  340.29591811  335.76086714  331.22526146  326.68910258
  325.41194372  325.00348956  324.59521479  324.18539374  316.12278413
  303.99997866  291.87578088  279.75076784  271.91131106  268.07237157
  264.23297474  260.39312183  261.60770253  271.04533818  280.4860619
  289.92567773  299.15713994  307.74278318  316.32932886  324.91677414
  332.13042523  328.01630903  323.90170911  319.78662681  315.67106349
  315.57266429  315.59206922  315.609102    315.6259702   311.24105079
  305.99039019  300.7391359   295.48911675  291.90808116  289.04425251
  286.18008851  283.31559008  285.45276869  291.47379528  297.49522708
  303.5161695   307.62890019  309.17701726  310.72525903  312.27452872
  314.44755975  318.14170256  321.8361881   325.53101515  327.69222714
  321.42374479  315.15630197  308.88597178  302.60367547  295.68820031
  288.77204648  281.85521625  274.93999262  281.67015939  290.23988433
  298.81036548  307.38159999  309.00746086  308.25725962  307.50438793
  306.7514125   307.24923942  308.55172411  309.8542911   311.15914045
  312.2449237   313.08743808  313.92999193  314.77258498  313.47107116
  307.92914573  302.38908859  296.84619363  292.34603451  292.02118599
  291.69627554  291.37130328  290.99734647  289.87456918  288.75105402
  287.62740859  286.50363324  296.48439977  307.33910355  318.19453572
  329.04970214  329.4790664   323.61057889  320.77288765  319.72383734
  316.37412132  317.27033212  316.03615651  313.90979656  315.77078136
  314.89361062  314.12719184  313.63313591  308.07490559  301.37537959
  296.6080118   287.9928268   288.06559004  290.39107578  293.58941216
  300.37792566  302.53933526  311.3551983   319.47216357  324.29738749
  333.34603522  328.15371041  321.21238303  316.27807972  310.88810852
  303.95624189  297.21353259  290.53447871  283.807566    283.39332693
  286.96689252  290.66568629  294.2703362   300.55505164  308.42383148
  316.0298005   323.66167122  328.1085539   327.13321059  326.20130232
  325.41896247  325.93821324  330.11966723  334.55822628  340.2919883
  344.53863576  347.04197023  349.54542329  352.04914329  354.48143595
  353.01528363  351.54899999  350.0825855   348.61604066  350.46260851
  352.75403022  355.04257697  357.33122269  357.09393191  355.99648511
  354.89893178  353.80413023  353.11942592  352.69888797  352.27828498
  351.8576171   349.81987992  345.98287879  342.1484909   338.31085675
  336.15385082  337.30461994  338.45542769  339.60627366  340.4630842
  340.13602658  339.8084725   339.48085772  339.23035229  340.10398963
  340.97953868  341.85423972  342.72793857  331.79527953  319.94425362
  308.09242912  296.24095077  292.48610375  290.86225541  289.23827072
  287.61415021  287.01961037  286.96757005  286.91672328  286.86399572
  288.39447007  291.39338297  294.39244694  297.39178859  299.15418958
  298.9166714   298.67910442  298.4414887   296.35688876  288.62754294
  280.90011753  273.16971862  266.03677866  263.73210896  261.42727333
  259.12227253  256.81920844  255.3548261   253.91280947  252.4706804
  251.02843939  259.2718738   269.3970819   279.5217598   289.64639705
  297.28456144  303.86587321  310.44873583  317.03360625  323.16575202
  328.94802375  334.73072533  340.51385476  345.38529479  349.0412268
  352.69834871  356.35375803  356.8096408   349.50968183  342.2091031
  334.90834244  328.0030621   323.23163386  318.45979371  313.68754333
  308.96571198  306.81669718  304.67012449  301.68209983  300.14396817
  298.74127882  299.53422608  299.84724929  300.8859677   303.83289106
  308.31728049  314.86034183  319.54318052  320.79418693  319.39876056
  315.81623055  313.57902023  311.65148043  307.76135623  305.85656873
  303.56949291  304.50412996  316.00841442  326.45530416  337.55458261
  347.80318883  358.64117794  369.96323417  380.49967737  392.14396438
  387.14087775  382.13117012  377.12070318  372.10869692  357.25489427
  341.64876575  326.04297254  310.43752093  312.72958802  319.00020239
  323.19974238  327.93936654  334.36131508  341.61502079  350.751113
  362.10882479  367.83825223  370.63165479  373.5292516   375.93015664
  374.03348354  365.22526497  356.41725035  347.60719153  340.16623875
  335.05328529  332.7312001   330.40699686  327.83905026  330.76158862
  333.68300089  336.60608403  339.52894061  349.67291334  360.00512813
  368.63983826  380.66409541  386.10366116  390.48093714  393.54701455
  399.5848796   401.11955925  403.89691327  409.06191848  412.0735919
  411.04990344  406.92855146  400.95557088  396.18611308  393.46862547
  393.28925516  392.48448138  390.89756935  388.76797486  385.32996031
  381.46943785  375.69769371  375.17301424  377.71458719  379.58321553
  381.45166244  383.35013532  386.85279905  390.35533447  393.85756945
  397.35950259  390.36205836  381.98880073  373.61800667  365.24776463
  360.24448278  356.37707422  352.50674904  348.6398419   349.5988037
  353.62460436  357.65005933  361.66921044  360.6202239   353.97357177
  347.32759468  340.68229521  337.88861573  342.61354697  347.34018341
  352.06625196  357.70823699  366.96213996  376.2115883   385.46325023
  393.84577148  389.94261761  386.03984764  382.13557308  378.23206316
  381.83119693  385.99751202  390.16330201  394.32838769  397.04889266
  399.39698918  401.74476225  404.09221093  392.41693054  373.43142058
  354.45058067  335.47239484  324.91379404  322.09464154  319.27476354
  316.45433     316.90231675  322.5750963   328.24716396  333.91851751
  341.02190423  352.47396021  363.92460777  375.37384239  386.24675665
  392.55571533  398.86487307  405.17446366  411.48323877  393.52805812
  374.96756992  356.40706247  337.85165371  325.6694026   314.70887445
  303.74964256  292.79655366  302.90781185  321.91972787  340.93056345
  359.94031063  369.00822423  370.47087735  371.93524628  373.39948099
  371.21604307  364.20136369  357.18376975  350.16984894  338.5982877
  316.07347461  293.54871186  271.02515312  253.63614882  263.70236761
  273.76795562  283.83290864  294.15990645  316.78324998  339.40518927
  362.0257148   384.64481708  382.51038247  377.15481071  371.80039183
  366.44625093  354.63260394  340.65236184  326.67150963  312.69383745
  299.2622435   286.17640924  273.09136866  260.00473427  262.57279799
  282.36021009  302.14629764  321.93105227  341.67102353  361.3287398
  380.9865234   400.64294871  413.76247213  401.29114011  388.81736806
  376.34790135  364.83826428  366.66653775  368.49463378  370.31963995
  372.13454343  373.86240812  375.58359683  377.30448333  379.02383791
  372.11918968  362.98597698  353.85404194  344.72338815  336.68324749
  329.20721187  321.73534932  314.26453869  317.53760045  330.65965349
  343.77764256  356.89447562  368.92443582  379.22025086  389.51447848
  399.80655616  410.30020413  421.41636313  432.53079404  443.6434924
  454.23727562  460.75032962  467.26613877  473.78110893  480.29502259
  473.9596404   467.31080588  460.66254153  454.01762749  441.51236471
  427.89537339  414.28041187  400.66373467  395.23359706  393.24263967
  391.25196451  389.26157233  381.97548079  370.66084197  359.3489865
  348.0390234   334.898731    319.34396126  303.79047756  288.24188988
  280.4542675   291.21417034  301.97215952  312.72528813  325.46495741
  348.73807764  372.00707377  395.27100558  418.06954029  420.6581952
  423.24633225  425.8339504   428.4210486   435.35605743  442.85455603
  450.35165808  457.8473606   457.43039905  454.36733549  451.30520867
  448.24549583  439.57674035  427.37073427  415.16666252  402.96130232
  398.31998529  401.97221581  405.62372594  409.27451422  409.65327337
  403.70427179  397.75687595  391.81050513  386.07654717  381.16836691
  376.26482266  371.36430244  366.16524601  356.84994768  347.53598249
  338.22013361  328.90893381  324.62053482  320.70011782  316.7802421
  303.52482233  260.76555452  221.9225995   186.12368448  163.65530768
  170.14092866  176.86844145  185.87257294  188.47384525  197.51803712
  211.95168433  232.2889743   255.23722598  275.66391533  299.1922527
  304.8028254   310.57275944  322.19948765  316.80289688  339.07097537
  338.65354073  356.80299389  376.33086544  367.41179989  388.36009531
  397.23338681  386.38165926  403.67364091  410.65186159  399.87531732
  412.89793131  420.19069948  412.59890824  418.70718238  422.12140525
  415.38137143  408.63327065  412.25203891  410.85473269  410.72528976
  413.39097581  413.76829006  417.43939238  427.37899802  434.83575376
  443.9403353   449.70627598  451.36089044  453.83918478  448.21645698
  445.21218911  441.90426549  442.51393029  443.00489377  443.1801901
  431.33956526  422.61618028  409.11244419  394.22991857  401.61214154
  411.5091946   423.62563005  431.21607297  424.35859207  416.49242752
  405.90612846  401.51524605  401.41467823  400.55554864  396.43657277
  395.02270114  389.8284509   380.34448358  371.85844046  364.99763137
  354.44754798  339.03087727  323.17827293  304.24156454  291.74519389
  297.09919728  302.4530412   307.80692221  314.13560532  333.66109475
  353.18147488  372.6866157   392.19014306  397.12107371  404.95819498
  414.3590371   419.91485157  424.46432125  428.70430049  429.98730629
  433.73389723  439.41624692  444.09362967  449.2951045   455.02316114
  454.86870692  449.52690445  442.13543824  436.73262578  436.9497424
  450.01394882  462.66848405  469.3146117   479.66476623  486.89400825
  499.12228464  506.78271647  514.00281528  511.87868743  509.36863304
  502.38664161  498.88817545  492.98853916  488.4374328   488.85566868
  483.58119904  476.97878889  470.71504536  461.47046214  452.34465509
  453.60974277  456.04594531  461.68041962  470.61508852  465.28976296
  454.3374683   443.38671073  429.04689652  408.27603139  379.07484787
  352.02578336  325.84200131  300.26670739  271.63410927  242.21295472
  212.80417388  188.54543554  188.99940786  191.15002448  193.26668459
  196.65152814  230.16622919  263.66717712  296.64960175  329.04313991
  351.04266025  371.02354953  391.25659954  410.90629204  418.23395842
  422.30399191  426.2156372   431.65863006  438.14526858  445.53011834
  452.91191244  458.08635021  464.81099454  465.05871556  467.85520721
  470.77703208  474.91295479  478.65244846  480.24267311  481.83158074
  482.4751723   479.48494276  476.49639336  473.5085545   470.49906576
  467.18701543  463.87664204  460.56721369  457.25913603  436.4176141
  414.33800319  392.26786503  370.21508749  347.32080051  322.83307537
  301.12689199  278.04382401  252.71893286  226.24907804  199.78990303
  173.34148696  168.40621652  182.96097039  197.50969941  212.05240419
  232.28328091  261.47874215  290.66211071  319.83338689  347.25165091
  369.4857037   391.71046087  413.92601661  435.37227856  449.06583899
  466.59384195  482.1949262   497.78945077  498.44668443  498.78496645
  499.12330678  499.46121594  504.98947318  511.48360531  517.97532913
  524.06810919  527.37299047  532.49316087  537.19471468  540.65550454
  547.46505483  553.17236237  559.72765304  566.43649835  568.21214888
  562.27078154  559.48805252  555.43486881  552.05874272  549.69624758
  546.51637371  539.34060651  529.63870963  535.48029877  537.65729522
  549.86108505  546.04766549  535.35907083  526.99322609  502.22968426
  507.95316778  512.05559153  512.35896083  520.9163184   511.87978023
  499.04980604  483.19578091  485.43574776  503.71758888  534.03849547
  544.92003972  547.27873047  525.82222939  523.03026294  545.2736314
  541.33489896  561.63184728  537.20342022  538.51325937  546.66094971
  539.79591033  558.78586622  558.55731962  569.13947077  576.91754922
  591.65837196  599.6164996   601.03674017  607.69660136  603.80475623
  603.30601976  604.03640796  609.03179506  618.77510202  607.72884728
  578.54301658  560.66419801  536.73629626  528.50749662  544.89684543
  547.2144027   546.43939504  540.90350516  536.10769885  528.01460865
  552.01661127  582.61902295  597.54859256  585.56355435  581.82025054
  559.52139975  549.09639691  557.80795863  543.66053192  552.60185734
  542.2523781   536.33854857  505.58066923  483.03491159  506.11913117
  530.77753036  564.79417258  595.66751999  588.22022247  583.23338197
  583.73078905  569.33675164  548.45694267  545.43606722  544.03651711
  541.49718801  558.83383526  552.89274415  533.98698885  532.39057677
  520.43946797  506.05463499  516.04547592  524.54667439  536.17447947
  547.99400653  544.37532169  537.63523867  529.12652971  525.39169624
  526.40109848  510.2752502   513.63963349  517.84389674  517.35852022
  528.17569188  538.55667097  542.81549697  542.19656319  540.69287681
  531.46575528  506.50638875  494.40498039  487.70313213  487.11787246
  496.38022881  496.45223287  496.55579083  494.8269884   504.7439021
  523.58412743  532.7345019   539.04422544  536.66257594  535.00962311
  536.5980146   541.79935918  544.34710391  553.59956601  557.31414876
  563.67546383  574.49618303  566.95748712  567.79061781  558.42365971
  548.04581119  541.32143748  533.61635691  530.4349257   528.23296186
  514.70548574  499.00762475  478.83082649  460.08001293  441.59151562
  419.55158425  398.44421899  377.947782    369.58444949  372.5912302
  376.98415135  380.65349629  389.81819014  414.60739522  437.55375178
  459.8639789   479.59624875  484.48376761  489.83484916  495.87798418
  502.95871246  506.98617467  512.88904008  520.12178181  525.79152697
  537.42665874  548.1076188   557.57508513  566.05400245  562.523983
  558.12092314  553.12535653  548.32814796  544.14515941  543.49207731
  544.03564004  545.37876901  549.83898043  550.1126106   552.16454643
  555.9500484   558.51425237  557.58066607  554.48157307  552.04928304
  549.35761726  547.80479492  547.52809333  544.06898311  540.74465834
  538.10096471  535.45848348  532.81730804  530.59134492  543.36036763
  556.12198284  568.87618337  581.62362445  588.41857489  594.47845322
  600.53478556  606.58795239  598.14061639  584.97253703  571.8119913
  558.65893904  553.70746344  553.82765612  553.94793513  554.06788846
  556.43857739  561.23219486  566.02334824  570.81122888  572.90968513
  569.90934992  566.91116286  563.91391684  560.68053046  556.54806116
  552.41842281  548.29034073  544.68225972  547.71328389  550.7429246
  553.7700075   556.79513096  563.99340339  571.47300618  578.94755013
  586.4175198   591.02707891  594.92028419  598.8106522   602.69936983
  600.75335892  595.85368836  590.95642646  586.06181985  582.46598935
  580.03233511  577.59979899  575.16848384  568.4808363   555.1661704
  541.85915254  528.55979019  519.41277758  522.39797084  525.38075258
  528.36166831  531.38661533  534.74846772  538.10812728  541.46581396
  544.82149827  547.98579112  551.14452671  554.30153197  557.45638621
  560.95679713  564.51841919  568.0776989   571.63530666  570.94972231
  568.56167652  566.17465631  563.78802923  564.57077475  567.71467641
  570.85681309  573.99822688  577.36462945  581.02264884  584.67861029
  588.33316391  587.53911352  576.37941043  565.22477374  554.07395585
  544.06443394  539.85782615  535.65286865  531.44981399  527.43803981
  530.14086341  532.84226882  535.54285604  538.24192689  544.80390219
  551.83344258  558.85977767  565.88303118  571.79213753  577.33912343
  582.88348379  588.42520983  591.30397898  592.54239855  593.78023659
  595.01703109  592.43536843  585.76021965  579.13169564  572.51444452
  569.42666136  573.00289702  576.57773619  580.15231471  584.94497894
  594.33011237  603.7125479   613.09273911  620.7739199   607.04484439
  593.31906098  579.59656315  565.87720824  543.28550505  520.10317356
  496.92652524  473.7549004   488.7504505   513.23711099  537.71824753
  562.19325927  574.02812043  579.48405242  584.93710056  590.38810925
  588.92797546  581.29568514  573.66658512  565.81600657  537.56814994
  462.61920021  368.40673425  287.11010669  234.06175079  203.09528916
  200.9699389   165.06110533  149.25461266  154.80773245  150.34068801
  153.37129432  160.01759122  162.01481127  186.59417703  194.14073542
  244.89836007  251.38610298  305.42410376  393.85590046  433.93293645
  466.11180971  460.45455123  383.87194829  316.80257639  336.03118834
  276.13899687  272.8720102   317.3593694   263.19663409  272.60982555
  309.99841604  260.81299194  267.02975669  316.2088975   308.97956107
  311.35711278  342.06973248  366.24922741  339.36151665  366.5461127
  412.29657464  408.32583227  403.54384473  409.7495497   410.9953865
  404.78664151  405.98821868  404.02195364  397.18696086  403.65227807
  423.52250416  429.4120949   434.2261604   460.10175375  487.46451083
  489.37860434  502.60373421  510.36931449  538.70940525  542.88483932
  528.15215499  526.75068929  531.82874369  546.64841648  537.86664182
  532.9820989   530.14981672  540.13805272  540.89468166  526.36475759
  515.02498965  504.11025712  506.58492041  494.19929463  497.77506769
  504.65220312  514.60962425  530.1003125   527.94502451  522.71557072
  524.14836851  525.82938486  522.4375326   513.00449442  492.94024932
  477.8271558   467.12864418  460.44336176  456.84483504  448.83704434
  446.22371017  451.94242346  457.6586085   463.37163506  466.06841502
  460.02780962  453.98970171  447.95489754  443.46522203  450.28313945
  457.09743354  463.90809316  470.71629898  482.58880598  494.53943057
  506.48383328  518.42270543  536.16844568  554.95205921  573.72717635
  592.49262009  599.89183173  602.6716267   605.45025519  608.22745041
  602.16530617  589.56695592  576.97398998  564.38731192  549.02723412
  530.11426844  511.21056805  492.31599479  484.87422617  503.88631269
  522.88932011  541.8825183   558.1285912   560.61697849  563.10391981
  565.58926808  567.92830507  565.53346614  563.1393224   560.74674142
  558.35446465  535.20489156  509.58785072  483.98305299  458.39120237
  435.90230287  414.41686109  392.94142769  371.47678838  377.64048152
  400.67245793  423.69117294  446.69723934  467.84442199  487.0132982
  506.17179512  525.31992679  539.67365349  545.05657689  550.43580912
  555.81233613  557.82782824  547.33169357  536.84145334  526.35634362
  517.7684333   532.43486006  547.09353022  561.74367251  576.3855164
  579.18204656  581.20554314  583.22839472  585.24919878  589.83246016
  595.04348448  600.25121514  605.45639324  611.76403907  618.62271709
  625.47756175  632.33632817  630.9546131   622.2645493   613.57971512
  604.89877562  598.37113902  595.15803494  591.94681382  588.73720176
  584.56333947  577.60947585  570.65857621  563.71155172  557.60309683
  557.55722539  557.51143179  557.46556955  557.41919856  566.49211029
  575.70111922  584.90459094  594.10300961  577.21553994  555.67942495
  534.15452778  512.64088372  502.39293774  496.69885162  491.00763268
  485.31979942  491.95082432  507.65119948  523.34258838  539.02574102
  548.25627528  549.2628857   550.26805224  551.27283081  552.21477149
  553.01261779  553.81026251  551.88687948  556.50174782  563.88130338
  569.10693492  578.46091069  585.57058423  578.93477816  572.30252004
  565.67396142  557.51376323  552.20846083  548.24262523  544.09119491
  539.76725211  533.98721978  526.97111167  525.06113074  522.92232307
  529.24364466  539.04645481  543.06159656  550.94664652  560.33795404
  574.36008125  585.35308624  587.5692398   587.17348933  572.92206049
  561.39273548  555.22163153  546.75439812  555.49409074  560.77667993
  569.24957162  574.81868976  578.49586053  580.47910815  581.35221533
  592.49144723  587.86089869  581.30944175  578.03916707  574.42418611
  575.15244875  583.58558222  586.09659605  588.29230955  587.48037715
  585.17054252  582.86134123  580.55329254  577.21336326  572.962089
  568.712717    564.4652542   562.40218732  563.68715845  564.97116945
  566.25483782  570.18781145  581.73201207  593.26932274  603.14740379
  608.52277951  592.80284239  575.37409247  558.42301156  543.46722895
  553.4871473   566.08099447  578.22384938  589.25761859  594.45264614
  597.02444652  603.8965731   610.82896806  609.48369773  608.34284546
  605.61416668  602.88622903  595.20099353  583.87718867  570.84963202
  557.16751466  549.25949079  546.16599207  545.70415434  544.99880838
  542.81839819  542.2400603   541.6625088   541.08435397  541.59705222
  544.90691152  549.75744709  551.76710456  557.14035943  561.13612265
  565.61521038  572.72452209  570.3244019   564.59084179  562.43010517
  559.91742984  559.03719176  565.17783993  573.44261216  583.35322429
  593.55389668  606.27660546  614.58105673  621.0229264   623.42672665
  622.47935183  617.9776315   616.08323196  613.5281098   606.27397598
  591.95658956  577.16002647  563.40152512  555.03685728  568.86172507
  582.60952917  597.12201544  613.9260968   615.96453975  617.56957735
  612.22707671  609.81611586  601.44367665  594.58598202  590.70911113
  585.54855161  586.08032647  588.68913236  591.29571646  593.9005766
  594.1158635   593.14457101  592.1735822   591.20260374  593.82143277
  597.48189541  605.19952547  611.12855002  615.14884452  616.50711036
  617.86457978  619.22037087  622.26246625  630.12220442  637.97624535
  645.82543919  652.28304751  648.84324058  645.40488113  641.96834516
  638.53423024  638.60484841  635.29307863  634.01681722  634.55205471
  628.95243481  623.43252319  619.55669174  610.68890439  605.35997177
  603.06802545  600.36927073  596.50764518  596.92599148  599.36470012
  601.85430207  604.03097926  605.84674508  602.49198701  600.32090211
  594.88229561  588.88516502  579.51184068  568.78065245  560.00170624
  547.48312304  543.11545773  538.44982525  534.7093024   531.68159932
  529.79548654  529.65427936  532.5248553   531.90011385  535.71242424
  538.19917416  542.1613003   533.1367129   542.05167314  551.48783154
  541.6725086   550.43055064  552.99475353  553.96546879  573.42714993
  568.60580355  553.38883885  549.82210532  546.32172401  555.00286476
  557.23465452  538.61851841  523.65446198  523.41483984  522.99443153
  520.84016873  511.42347496  508.41591431  501.98052905  509.47932787
  532.03090567  498.82253216  491.4620424   470.96844576  457.0842064
  494.69715992  516.55199177  511.97866909  520.18370094  529.71162738
  541.78798258  581.24663793  597.06920217  556.58496854  522.36193478
  505.44596854  500.22135618  512.77877758  535.41127259  547.0367793
  538.23161976  564.02663563  546.19421799  539.12622368  553.37438053
  534.71503238  551.18479502  555.89075418  555.43387484  554.23026357
  549.77349994  536.37331248  531.40593092  566.75588344  576.81919756
  592.13344341  593.71030205  584.0389214   569.98511585  559.26690664
  544.28157213  540.58558516  541.58941157  541.72656653  544.82553895
  536.81189879  540.21599361  534.11078814  542.98663178  541.95153517
  541.97920857  530.00758187  477.91486576  453.36348613  425.2982975
  418.77686615  470.71732733  479.88623606  506.07723573  527.23882248
  530.93877009  548.63599912  550.18847136  557.30635407  535.0137784
  535.50296233  538.77807341  543.9349972   565.22645112  572.970767
  572.84708293  567.81186881  561.97432454  563.16591837  544.67840409
  546.15420667  550.47077736  542.51962241  566.87771395  573.42705684
  578.18450945  593.8149526   590.43697908  595.07900065  597.92577291
  594.84676976  578.33410644  568.31131867  546.94912782  539.01377809
  539.98867513  549.08413251  553.79396346  554.71789309  545.40434298
  549.32942211  569.05414803  579.71864051  580.93600943  555.87753483
  547.09028478  546.09109452  571.83323373  555.77597514  555.44095343
  552.48419559  552.20768684  575.07196626  571.91844508  573.32278889
  571.18615202  553.95100648  549.40240835  547.83730959  548.90542003
  569.26706744  577.75121259  559.03659391  554.28101413  552.12160668
  543.80724519  545.3178969   536.6217441   538.09846463  519.21213363
  525.81357074  534.34063543  532.90621601  548.83110313  547.62903909
  535.55611348  524.85167209  524.36459467  521.10949759  521.88689649
  530.9413977   540.5785437   546.09120704  544.91211618  551.24685922
  544.30653681  550.04598968  557.43929141  557.06420752  565.37048118
  565.51194595  567.23843777  571.97081616  574.65791003  579.46591692
  582.64186442  580.99265479  567.5657342   563.61578112  555.77641179
  547.17917929  537.60104216  526.87469715  516.36297328  506.7181681
  508.77321682  513.58793583  518.20296863  528.774864    533.05102768
  537.41126534  540.34424593  544.69985318  552.17880739  557.26385008
  564.46386191  571.07399818  567.4989659   559.5537865   553.651953
  548.40311442  545.68197598  545.66231892  545.67954634  546.57746517
  541.9187422   545.44614077  547.52601167  550.25045212  555.97600129
  554.26163269  554.37296292  554.77107454  549.675486    547.56377557
  546.21352185  542.66671001  540.86279594  542.6965606   544.69202463
  551.03700874  551.25055097  551.51294027  550.24794213  548.92843613
  550.25848921  548.65676952  544.91426511  539.23155623  532.73772989
  527.58834313  526.22371271  524.85890614  521.53442897  519.16280681
  521.69087627  523.4348697   524.96656249  526.31929995  523.97367992
  522.62038668  522.50939221  521.80498628  527.70899883  531.89022523
  536.06880178  540.24375143  540.9567848   540.30266207  539.64815734
  538.99470663  542.63265166  549.37102483  556.10403886  562.8320016
  566.93815114  566.25049579  568.01639247  569.62442387  571.91013799
  573.73445754  573.53265179  573.33157941  571.98587616  565.10775869
  558.23370027  551.36474171  544.51261788  538.00556835  531.50376651
  525.00572791  515.97055912  519.36214792  524.17647902  529.43788346
  537.05466113  539.05143419  540.13535402  541.21864919  542.30031312
  544.06915093  546.24781495  548.42474657  548.97016182  548.56708779
  547.23628256  545.64257921  545.44994598  547.15623303  549.54789485
  553.7810696   555.97473935  557.31761602  559.27616588  561.23380845
  562.6045982   560.77767829  560.65265136  560.88808529  561.92017278
  566.28557721  563.33994078  556.73396496  554.61502194  550.25505384
  548.93307233  548.33189644  547.73083923  547.12990094  549.15307853
  552.45668206  555.75867726  559.05882229  556.74184048  549.55654249
  542.37428636  535.19507568  527.44817495  521.46592329  518.04528698
  514.08704822  514.62739925  524.00583491  533.17012055  541.63655135
  548.04957242  550.03505351  552.01949346  554.00289116  554.9344334
  557.11164942  561.30552847  568.74039189  572.99582786  574.85960452
  576.31300313  577.76558526  579.21735008  578.00904791  575.75362275
  573.49906532  571.24537672  568.09811951  564.30897048  560.52139626
  556.73539872  553.46081915  550.82419946  548.18863604  545.55413017
  543.71438859  543.65380411  543.59342854  543.53292939  544.6636928
  551.5127468   558.35848164  565.2008937   571.94359539  576.10419813
  580.26270908  584.4181513   588.57241288  582.46659606  575.2197417
  567.97610374  560.73568585  560.66506075  562.81595455  564.96568245
  567.11424322  567.34535319  566.43776041  565.53048316  564.62347181
  562.48297631  559.06265962  555.64379681  552.22638958  550.69663877
  552.60512235  554.51317719  556.4201687   558.29804777  560.0742306
  561.84940807  563.62357918  565.45966669  568.00318429  570.54496911
  573.08506547  575.62444054  577.47449216  579.2836159   581.09170404
  582.89875556  577.16279428  569.64749803  562.13565379  554.62691876
  551.50365478  550.5160273   549.52871612  548.5417217   548.48204587
  549.22405716  549.96554722  550.70651555  549.91926807  546.8424687
  541.55888575  536.11344907  532.45497074  534.28069853  537.7472715
  541.63620548  546.26698446  545.00528602  543.74306531  542.48228385
  541.22196085  537.30750813  533.37113844  529.4365508   525.50374721
  525.91103303  527.05468888  528.19762042  529.33886898  530.22124558
  531.00151134  531.78122938  531.71895377  526.9177905   522.76631185
  519.66163136  517.76894699  514.72350441  513.13322481  511.54452086
  509.95645789  505.37850479  494.12908176  482.88516406  471.64675766
  460.56742952  450.22723228  439.8915137   429.55985637  418.92263821
  401.05689923  383.20319313  365.36152651  347.53190594  362.74127425
  381.59486986  400.43543477  419.26238512  433.41486436  446.11801119
  458.81228542  471.49768228  474.37537023  471.43931654  468.50511215
  465.57275812  465.53090197  468.4743807   471.41613094  474.35567986
  478.670544    485.48043214  492.28543357  499.08554569  505.5554077
  510.86051681  516.16108776  521.4585936   526.08219977  523.26724511
  520.45405665  517.6426354   514.83298232  510.22880153  505.52572099
  500.8255975   496.12792907  494.52165366  493.64059754  492.75997552
  491.87978788  491.08410458  490.32952288  489.57528872  488.82140233
  496.58247639  511.66923184  526.74596311  541.81187621  551.42033957
  552.88458736  554.34759428  555.80935972  555.59868511  550.74308464
  545.88969039  541.04056143  536.65597458  535.41096328  534.16663371
  532.92298627  531.68002135  534.98403527  538.32297047  541.6593222
  544.99206156  538.00486784  529.27979524  520.56075535  511.8477514
  511.03240332  513.29876987  512.7870074   514.58056564  518.57937945
  526.60702769  531.5538116   536.49683353  532.40032741  517.12468447
  501.85985055  486.60583138  475.31524248  472.80685994  470.30020084
  467.79557648  465.77450055  470.94805782  477.84938973  486.02989063
  494.62994553  503.76776816  512.89875201  522.0223448   531.13917359
  534.52965436  537.29215549  540.05243035  542.81047782  537.13358193
  528.87212674  520.61650626  512.36647769  507.47292503  504.56173948
  501.65248964  498.74517652  496.26988166  494.23946599  492.21034738
  490.18252654  492.90044352  501.12439141  511.38644476  522.59190219
  532.61352371  535.40968263  535.2924475   535.17508404  534.21091496
  533.18503702  534.18845068  538.44134581  539.53280955  539.47708251
  539.35695454  539.23669738  539.11631102  531.04370441  526.27727944
  521.29339707  516.84183213  513.17168759  502.03493993  490.90632841
  479.78585723  481.0603445   492.95293618  504.83639232  516.71070827
  523.72828337  523.5300792   521.31135698  523.13536399  519.01413358
  511.45376783  506.0864396   501.71126097  496.98142603  497.99305533
  499.003711    500.01245833  500.33596734  504.7880688   511.07078539
  516.10385619  521.13288108  519.70114368  518.10278116  517.55860958
  517.49976707  514.5606697   513.12730697  507.10281878  501.0827271
  493.14064314  479.32067105  460.32388544  449.1316268   443.37145952
  440.32030178  442.95558537  441.84380557  444.78124405  464.5566101
  469.62731671  477.16682175  482.32883904  480.06502418  482.23633882
  476.31435611  473.4784707   469.56139493  471.77075414  468.77647969
  467.32065366  453.6597178   444.30795885  460.73871359  458.03431988
  475.60743634  477.08682374  446.60580088  426.26676492  405.29529323
  383.39828192  402.15359483  417.88067917  427.59431697  415.55251912
  399.69334306  384.53783537  372.97509244  401.32197384  423.17046268
  439.80476622  430.35292423  419.01368103  416.68025035  418.7305773
  435.75541645  402.87793054  358.39791242  332.96462374  300.81745793
  295.2158626   331.68425717  350.37167462  388.66977952  435.68763569
  441.20141921  406.98365134  387.91461754  384.36050986  354.9255499
  389.965667    400.35536843  382.97941669  413.54903283  414.69769566
  406.03261443  419.21714532  429.45526158  422.15282645  406.17431186
  401.0537795   405.92755721  418.44786103  466.57869891  451.6324171
  440.31812319  393.69791723  399.54270815  414.07655071  409.54751453
  426.81758445  418.98826128  417.19336347  414.2507169   423.7828924
  423.32361507  417.88419412  424.46995022  434.85946101  434.31886941
  448.23955894  460.72074229  461.69512199  474.80871521  472.29877128
  464.72997626  458.04494813  430.41583797  423.8172431   424.10033122
  432.79873159  457.83717102  450.98695428  445.88829323  439.97216725
  425.46837867  433.65489788  448.31428225  461.00082976  448.02318536
  443.05611186  424.36800354  398.29191029  412.54029091  415.27954469
  442.02464418  454.83127952  439.69929549  395.68499032  371.15602303
  371.08617121  398.1696302   427.2513282   395.20892888  394.35874805
  385.96379697  387.6250642   423.58831218  411.78698852  404.67917679
  405.69226896  410.7719076   417.49968155  387.30164513  377.43389554
  379.81872594  387.35673579  396.67241809  380.9030707   348.0151445
  340.52226757  364.44549938  393.16130539  422.38090087  429.73729629
  429.6675715   421.13787682  395.46697463  370.17831943  376.75896122
  393.43626927  427.4272445   444.86103698  447.41034719  442.03005385
  430.81091859  405.42002855  377.71964026  373.80059257  376.04741013
  380.7955545   357.13077976  338.45044365  345.096213    356.48157483
  392.92280056  408.93914307  407.04179173  415.3784387   421.44253598
  425.93260129  426.27572268  419.06670901  394.33814273  354.90662802
  343.05432278  307.97838465  323.24868047  354.56998835  360.88211097
  393.04829067  398.2008903   395.19736073  409.92807054  423.93086755
  419.69064307  416.73016803  418.29043294  413.02529799  414.98767943
  382.58269552  357.81371181  344.17310053  349.29486039  388.35957116
  397.74949866  410.14630898  400.11129853  374.16061541  368.21277077
  367.63267594  374.47908661  394.80381636  399.72594407  392.98739511
  389.21840712  374.09039919  359.95593144  370.90751935  375.62170583
  397.24871642  416.98632345  419.87925672  424.58766359  421.5360106
  414.20900343  400.33988968  392.94978881  393.14908789  396.67314867
  394.1633304   387.39802561  377.51326978  355.18743664  362.3785154
  372.74631491  379.67136568  394.57881928  396.40929901  384.77135492
  382.9389519   385.89260987  382.4947593   389.17223497  386.54358704
  382.84750369  382.7127411   375.86633527  374.4745611   369.75260132
  363.46426681  372.76354238  378.03715764]
