[   5.90820264    5.92095141    5.93372348    5.9575093     5.98696698
    6.01649643    6.04610906    6.07580024    6.10557452    6.13542164
    6.1653506     6.19536153    6.22545307    6.2556208     6.28586784
    6.31620037    6.34661093    6.37710114    6.40766841    6.43832401
    6.46905535    6.49986989    6.53076033    6.53692997    6.52934195
    6.52170142    6.51399971    6.5062476     6.49843064    6.4905615
    6.48263274    6.47465156    6.46660519    6.45850466    6.45034718
    6.44187328    6.43330307    6.42467662    6.41599686    6.40725914
    6.39846187    6.38960497    6.38069733    6.37477649    6.37196393
    6.36911082    6.36622864    6.3633043     6.36034666    6.35734749
    6.35431857    6.35124578    6.34814089    6.34499572    6.34181901
    6.33859786    6.33534358    6.33205133    6.32872543    6.32535559
    6.32195052    6.31851013    6.3150329     6.31484717    6.32760172
    6.34037878    6.35317111    6.36598018    6.37880344    6.39165148
    6.4045123     6.41739282    6.43028613    6.44320431    6.45613383
    6.46908497    6.48204966    6.4936403     6.50421986    6.5148187
    6.5254232     6.53604036    6.5466702     6.55731272    6.56797423
    6.57864327    6.58932391    6.60001727    6.61072374    6.62144966
    6.63218126    6.64292563    6.65368277    6.66445681    6.67524289
    6.68603842    6.69684676    6.70766792    6.71850944    6.72935629
    6.74021598    6.75108855    6.75825409    6.7547381     6.75119709
    6.74748624    6.74373279    6.73995528    6.73616116    6.7323354
    6.72848546    6.7246113     6.72071477    6.71679768    6.71285068
    6.70887933    6.70488359    6.70086342    6.69682621    6.69275709
    6.68866344    6.68454522    6.68040425    6.67624233    6.6720502
    6.66783336    6.66359179    6.65923489    6.65477933    6.65029744
    6.66730732    6.69434661    6.72144592    6.74859057    6.77578798
    6.8030382     6.83034129    6.85770293    6.88511383    6.9125759
    6.94009106    6.96766661    6.99528855    7.02296337    7.05069152
    7.07847306    7.10631152    7.13420428    7.16214634    7.19014201
    7.21819135    7.24629443    7.27445919    7.30266992    7.33093455
    7.35925434    7.38763376    7.41290878    7.41202387    7.41112209
    7.41020343    7.40927546    7.40832334    7.40735385    7.40636737
    7.40536507    7.40435132    7.40331371    7.40225901    7.4011872
    7.40010341    7.39900006    7.39787674    7.39673619    7.39557841
    7.39441128    7.39321892    7.39200924    7.39078222    7.38953783
    7.38828117    7.38700472    7.38570805    7.38439391    7.38306227
    7.35411879    7.30077292    7.24728525    7.1936556     7.13988646
    7.08597723    7.03192058    6.97772128    6.92337915    6.86889403
    6.81427298    6.75950131    6.70458614    6.64952765    6.5943316
    6.53898484    6.48349391    6.42785862    6.37207881    6.31615997
    6.26003732    6.20335783    6.1465419     6.08958971    6.03250649
    5.97528031    5.91791711    5.86041673    5.86515913    5.87275428
    5.88035363    5.88795995    5.89557325    5.90319385    5.910827
    5.91846128    5.92610255    5.93375082    5.94155012    5.94954805
    5.95755088    5.96556142    5.97357967    5.98161186    5.98964553
    5.99768693    6.00573606    6.01379448    6.02186377    6.02993611
    6.03801619    6.04610402    6.05419961    6.06230924    6.07042036
    6.07288637    6.06614631    6.05938141    6.0525932     6.04577381
    6.03892791    6.03205547    6.02516112    6.01823704    6.01128477
    6.00430583    5.99730018    5.99026933    5.98321477    5.97612879
    5.96901597    5.96187902    5.95471578    5.94752222    5.94030169
    5.93305415    5.92577958    5.91848398    5.91115521    5.9037993
    5.89641621    5.88900863    5.88157439    5.86583461    5.84804663
    5.83020791    5.81232402    5.79438392    5.77638883    5.75833767
    5.74023553    5.72208497    5.70388388    5.68562843    5.66732177
    5.64896384    5.63055999    5.61209959    5.59358745    5.57502381
    5.55640943    5.53774733    5.51902877    5.50025846    5.48143634
    5.46256593    5.44364191    5.42466398    5.405634      5.38655191
    5.37706192    5.39988491    5.42274536    5.44564792    5.46859453
    5.49140554    5.51407367    5.53678127    5.55952838    5.58231503
    5.60514689    5.62801278    5.6509268     5.673863      5.69683318
    5.71988015    5.74294988    5.76603937    5.78920037    5.81239562
    5.83560475    5.85885376    5.88218659    5.90553032    5.92889942
    5.95230855    5.97581412    5.9993066     6.05577402    6.12981332
    6.2039562     6.27823551    6.35266051    6.42729494    6.50201246
    6.57687609    6.65188597    6.72710869    6.80241222    6.87786244
    6.95352804    7.02927275    7.10516457    7.18120718    7.25746152
    7.33379623    7.41027862    7.48698238    7.56376126    7.64068824
    7.71777482    7.79506351    7.87243636    7.94995789    8.02765575
    8.10253344    8.14254616    8.18264971    8.22286452    8.26309029
    8.30338709    8.34379162    8.38427582    8.42478646    8.46536841
    8.50607555    8.54682963    8.58757228    8.62842998    8.66935076
    8.71030497    8.75133043    8.79249119    8.83368103    8.87492098
    8.9162886     8.95770224    8.99915727    9.04068401    9.08235718
    9.12404106    9.16578367    9.20759825    9.21979459    9.20251593
    9.18518917    9.16789817    9.15047924    9.13300762    9.11548769
    9.09800691    9.08038999    9.06272461    9.04501505    9.02733491
    9.00952362    8.99166366    8.97384101    8.95588336    8.93787689
    8.91983435    8.90180245    8.88364901    8.86545079    8.84727953
    8.82897866    8.81062862    8.79225033    8.77386447    8.7553664
    8.73681894    8.70516588    8.67242817    8.63956696    8.60665639
    8.57369192    8.54059612    8.50742208    8.47421395    8.44091903
    8.40750946    8.37402134    8.34051383    8.30688776    8.27316317
    8.23941036    8.20555488    8.17159311    8.13755225    8.10349722
    8.06930904    8.03503005    8.00067166    7.96630881    7.931791
    7.89719354    7.86258661    7.82783296    7.80780908    7.8150697
    7.82246154    7.82978386    7.83711007    7.84451371    7.85184774
    7.85918566    7.86652746    7.87394684    7.88129647    7.88864998
    7.89601846    7.90344251    7.91080774    7.91818056    7.9256238
    7.93300075    7.94038159    7.94778484    7.95522901    7.96262158
    7.97001804    7.97745177    7.98489684    7.99230503    7.99974311
    8.00707424    7.9796269     7.94160894    7.90345526    7.8652796
    7.82695423    7.7886244     7.7501634     7.71166117    7.67307453
    7.63438939    7.59567269    7.55686081    7.51793663    7.4789869
    7.43989062    7.40078532    7.36155107    7.32227296    7.28291013
    7.24344927    7.20395364    7.16431369    7.12466151    7.08487542
    7.04505666    7.00514       6.96513853    6.94768774    7.01971736
    7.09192858    7.16426095    7.23664828    7.30922262    7.38186097
    7.45466755    7.52757495    7.60059658    7.67377443    7.7470105
    7.82043526    7.89391373    7.9675787     8.0413293     8.11520907
    8.18923323    8.26332719    8.33760738    8.41193388    8.48645931
    8.56110784    8.63580496    8.71066102    8.78545427    8.86037535
    8.93544078    8.98069044    9.00822059    9.03570722    9.06331402
    9.09090576    9.1185605     9.14626192    9.17396027    9.20175933
    9.22951355    9.25738968    9.28524156    9.31317389    9.34116595
    9.36914181    9.39718162    9.42526862    9.45335175    9.48153753
    9.50967656    9.53793999    9.56617782    9.59449749    9.62284744
    9.65121027    9.67966846    9.70783584    9.73445433    9.72981448
    9.72521909    9.72058077    9.71591701    9.71128441    9.70660454
    9.7018818     9.69719874    9.69241205    9.68769531    9.68288804
    9.67812455    9.67331822    9.66848636    9.66368078    9.65878061
    9.65394544    9.64901147    9.64413803    9.63920459    9.63426276
    9.62932965    9.62431949    9.61936513    9.61438937    9.60931957
    9.60431387    9.58457218    9.54868528    9.51268822    9.47663196
    9.44053308    9.40430779    9.36808554    9.33171234    9.29535393
    9.25887387    9.22235038    9.18576683    9.14907447    9.11237452
    9.07552573    9.03868887    9.00178327    8.96472973    8.92768689
    8.89052415    8.85331637    8.8160476     8.77867127    8.74128414
    8.70375117    8.66622601    8.62857461    8.59090171    8.68812869
    8.8005564     8.9132154     9.0259769     9.13899864    9.25213343
    9.36550631    9.47907374    9.5927606     9.70667119    9.82075549
    9.93499596   10.04947544   10.1640492    10.27889433   10.39384571
   10.50904343   10.62439682   10.73992391   10.85568143   10.97153692
   11.08766687   11.20388852   11.32038184   11.43701006   11.55383226
   11.67088444   11.82065622   12.03861928   12.25698778   12.47561287
   12.694694     12.91402351   13.13380745   13.35388878   13.5743357
   13.79517298   14.016281     14.23784748   14.45964561   14.68192446
   14.90447695   15.12742412   15.35046891   15.57263515   15.79521891
   16.01809998   16.24120052   16.46473728   16.68844861   16.91262111
   17.1370166    17.36177391   17.58686459   17.81219731   17.82630067
   17.76910181   17.71195857   17.65460327   17.59722638   17.53973646
   17.48210356   17.42447039   17.36658959   17.30876008   17.25083203
   17.19265781   17.13453302   17.07619965   17.01784124   16.9593697
   16.90075616   16.84213808   16.78327723   16.72446147   16.6654253
   16.60639021   16.54721349   16.48792376   16.42860533   16.36906159
   16.30955155   16.26355799   16.28040063   16.29726291   16.3140197
   16.33088645   16.34772413   16.36456052   16.38147926   16.39828515
   16.41523626   16.43206739   16.44903693   16.46594928   16.4828883
   16.49988203   16.5167904    16.53383063   16.5507433    16.56780904
   16.58479622   16.6018383    16.61894239   16.63598185   16.65304814
   16.67016949   16.68720487   16.70437298   16.72141264   16.71181971
   16.68405493   16.65627547   16.62844367   16.60048434   16.57257293
   16.54446467   16.51643874   16.48825118   16.46007584   16.43182926
   16.40348387   16.37517073   16.34676554   16.31823417   16.28974811
   16.26106763   16.23246615   16.20370475   16.17495367   16.14613119
   16.11721031   16.08831936   16.0592357    16.0302287    16.00104958
   15.97190625   15.9423979    15.90113382   15.85985953   15.8183893
   15.77696798   15.73546955   15.69376292   15.65211046   15.61027002
   15.56844379   15.52650142   15.48446904   15.44242389   15.40018576
   15.3579922    15.31559984   15.27324483   15.23074869   15.18818774
   15.14558695   15.10282046   15.06008288   15.01714251   14.97424902
   14.93127729   14.88810997   14.8449758    14.80170192   14.73247966
   14.63108637   14.52944139   14.42773152   14.32573514   14.22369003
   14.1214008    14.01897909   13.91640101   13.81359771   13.71071189
   13.6075449    13.5043221    13.4008473    13.2972594    13.19352975
   13.08914516   12.98421891   12.87914763   12.77386788   12.66851117
   12.56289458   12.45722555   12.35132363   12.2453165    12.1391429
   12.03278324   11.92633121   12.00934638   12.1205873    12.23189027
   12.34340992   12.45504617   12.56681888   12.67879535   12.79088291
   12.90308601   13.01550506   13.12796478   13.24067903   13.35344874
   13.46644218   13.57955047   13.69279522   13.80624385   13.91973886
   14.03348957   14.14727956   14.26132132   14.37545345   14.48974546
   14.60422148   14.71876268   14.83355424   14.94848915   14.97273552
   14.78088549   14.5886465    14.39623917   14.20349761   14.01049227
   13.81724489   13.62364343   13.42985978   13.23569129   13.04135386
   12.84667089   12.6517426    12.45654724   12.26102463   12.06529898
   11.86919858   11.67291676   11.47635578   11.27942442   11.08230624
   10.88485132   10.68714452   10.48916731   10.29086926   10.09235427
    9.89347908    9.69357251    9.69558216    9.77672328    9.85788126
    9.93913086   10.0204727    10.10183014   10.18329209   10.26483054
   10.34639159   10.42810426   10.50982254   10.59164724   10.67348482
   10.75541621   10.83744205   10.91947949   11.00162462   11.08384716
   11.16608895   11.24844843   11.3308675    11.41340103   11.49592065
   11.5785363    11.66124861   11.7439685    11.82679928   11.94013574
   12.23334754   12.52686389   12.82062179   13.11468387   13.40890291
   13.70340475   13.99819161   14.29315663   14.58842419   14.88395573
   15.17967282   15.47570833   15.77198395   16.06845391   16.3653056
   16.66232554   16.95963851   17.25711514   17.5549059    17.85296392
   18.15119533   18.44975915   18.74856162   19.04756222   19.346973
   19.64653797   19.94640458   20.01297748   19.90313656   19.7932111
   19.6830982    19.57297194   19.46272938   19.35231642   19.24190396
   19.13134449   19.02078364   18.90996951   18.79912325   18.68819119
   18.57707624   18.46594263   18.35469324   18.24327714   18.13185531
   18.02028881   17.90871469   17.79689594   17.68504063   17.57309824
   17.46097756   17.34883288   17.23657295   17.12415002   17.0117151
   17.21666659   17.42372265   17.63107807   17.83853746   18.04618506
   18.25392649   18.46192159   18.67007604   18.87833654   19.08686891
   19.29552977   19.50431771   19.71342053   19.92261966   20.13200931
   20.34148426   20.55122265   20.76111935   20.97111524   21.18139444
   21.39179777   21.60232379   21.81313673   22.02404624   22.23526341
   22.44647811   22.65796605   22.80084073   22.84765162   22.89448825
   22.94130207   22.98809278   23.03503487   23.08192625   23.12898813
   23.17589738   23.22294042   23.26999707   23.31700204   23.36416009
   23.41129435   23.45840449   23.50566849   23.55288022   23.60026529
   23.64749419   23.69485898   23.7422371    23.78956202   23.83704247
   23.88449813   23.93192869   23.97951557   24.02704864   24.07459464
   24.23739477   24.4217236    24.60617402   24.79067645   24.97544802
   25.16030106   25.34523427   25.53043977   25.71569493   25.9010701
   26.08673122   26.27247201   26.45833338   26.64424061   26.83042695
   27.0166908    27.20303086   27.38965319   27.57631902   27.76310383
   27.94925461   28.13529494   28.3216545    28.50791705   28.69445524
   28.88105351   29.06771054   29.19517764   29.15982103   29.12441021
   29.08909577   29.05362283   29.01831522   28.98274544   28.94729448
   28.91174319   28.87609183   28.84055865   28.80489098   28.76916931
   28.73354231   28.69775836   28.66196614   28.62625662   28.59049292
   28.5546297    28.51866722   28.4828209    28.44684135   28.41080803
   28.37486763   28.33877187   28.30266745   28.26664414   28.23056686
   28.20505714   28.18420713   28.16348236   28.14263653   28.12174807
   28.10096213   28.08003305   28.05910599   28.03827443   28.01751172
   27.99666166   27.97572441   27.95491099   27.93397709   27.9130005
   27.89212519   27.8711075    27.85009141   27.82915417   27.80805275
   27.78714034   27.76599776   27.74497779   27.72383809   27.70265582
   27.68157379   27.66035032   27.64857198   27.70840277   27.76812819
   27.8281005    27.8879008    27.94788238   28.00780186   28.06773653
   28.12783119   28.18784081   28.2479102    28.30811803   28.3682176
   28.42842208   28.48873187   28.54910216   28.60939709   28.66970682
   28.73017919   28.79056408   28.85100928   28.9115951    28.97206975
   29.03265078   29.09333862   29.15408752   29.21475882   29.27544457
   29.32166573   29.35536918   29.38911421   29.42298243   29.4567177
   29.49054128   29.5244534    29.55823206   29.59226317   29.62611379
   29.66011185   29.69399933   29.72792869   29.76199914   29.7963535
   29.83079792   29.86533264   29.89973325   29.93438985   29.96886481
   30.0034896    30.03800342   30.07256037   30.10724385   30.14179211
   30.17643126   30.21116153   30.24575608   30.29520322   30.34522764
   30.39535506   30.44534527   30.49539024   30.54557453   30.59563282
   30.64579433   30.69605941   30.74619774   30.7964761    30.84680977
   30.89724765   30.94754575   30.99789906   31.04839349   31.09875953
   31.14923002   31.19980532   31.25025145   31.30083942   31.35148316
   31.40202173   31.45283916   31.50350165   31.55430708   31.60498169
   31.64625053   31.67273873   31.69907759   31.72554197   31.7520445
   31.77842236   31.80506393   31.8315306    31.85812334   31.88456591
   31.91109692   31.93771655   31.96418562   31.99078111   32.01741498
   32.04392314   32.07069698   32.09729451   32.124019     32.1505921
   32.17725426   32.20400564   32.23060524   32.25733217   32.2840977
   32.31073649   32.33752834   32.36430792   32.40495668   32.44852976
   32.49220488   32.53598235   32.57961884   32.62339617   32.66722481
   32.71081884   32.75456415   32.79830899   32.84220831   32.88590038
   32.9296952    32.97359307   33.01734756   33.06124409   33.10519197
   33.14902186   33.19302035   33.2370181    33.28092344   33.32511586
   33.36916346   33.41331517   33.45732143   33.50147126   33.54567285
   33.59178967   33.64455694   33.69732936   33.750014     33.80299545
   33.85583602   33.90878801   33.96159834   34.01456015   34.06758032
   34.1204848    34.17356817   34.22665636   34.27965507   34.3328603
   34.38601635   34.43937973   34.49250446   34.54578253   34.59911946
   34.65233858   34.70573886   34.75914365   34.81245724   34.86598003
   34.91945253   34.97052836   35.02039221   35.06397284   35.10400346
   35.14365276   35.18359333   35.2235497    35.26324512   35.30323277
   35.34323622   35.38299164   35.42301248   35.46290992   35.50285067
   35.54293249   35.58290441   35.62286387   35.66299278   35.70303938
   35.74301738   35.78319337   35.8231039    35.86331118   35.90353427
   35.94349092   35.98374529   36.02401547   36.06401824   36.10431971
   36.14498902   36.18904653   36.23337731   36.27758338   36.32183539
   36.36623344   36.41052059   36.45479658   36.49924769   36.54361613
   36.58791589   36.63242007   36.67687002   36.72119333   36.76503429
   36.80822249   36.85171484   36.89522243   36.93845499   36.98199274
   37.02554574   37.06883721   37.11240579   37.15584356   37.19932543
   37.24295396   37.28646584   37.32996331   37.34273697   37.32600704
   37.30917806   37.29252869   37.27579492   37.2589036    37.24222096
   37.22523449   37.20852971   37.19181381   37.17479445   37.15805641
   37.14130725   37.1242696    37.10748372   37.09070131   37.07365992
   37.05681165   37.03986488   37.02287799   37.00604021   36.98908948
   36.97204045   36.95516944   36.93821466   36.92110358   36.90419934
   36.88724045   36.89786174   36.9105933    36.92303607   36.93577105
   36.94850779   36.96096996   36.97369558   36.98643751   36.99893367
   37.01163533   37.02425129   37.03683977   37.04959029   37.06224046
   37.07480475   37.08752809   37.10016821   37.11266391   37.12538042
   37.13805479   37.1505261    37.16324769   37.17567827   37.18840321
   37.20112989   37.21357989   37.22629527   37.2466245    37.28012971
   37.31385093   37.34762693   37.38119284   37.41491644   37.44862115
   37.48224783   37.51607699   37.54984294   37.58347145   37.61733256
   37.65115991   37.68479007   37.71868312   37.75257203   37.78620367
   37.82012865   37.85378097   37.88771223   37.92166913   37.95538251
   37.98931573   38.02330455   38.05707913   38.09101415   38.1249297
   38.15876555   38.10380434   38.02454141   37.94509172   37.86582936
   37.78648484   37.70689491   37.62752073   37.54809427   37.46836449
   37.38887851   37.30907555   37.22950054   37.14990277   37.07001903
   36.99030311   36.91059357   36.83062871   36.75077227   36.67095099
   36.59090465   36.51090808   36.43105678   36.35166774   36.27245327
   36.193155     36.11361649   36.03427973   35.98435188   36.04462166
   36.10518552   36.16550263   36.22610045   36.2867369    36.34715389
   36.40779553   36.46850456   36.52902171   36.58970689   36.65048849
   36.7111061    36.77183451   36.83261601   36.89327599   36.9541784
   37.01506133   37.07576357   37.13673855   37.1977232    37.25846739
   37.31951495   37.38058686   37.44138747   37.5025076    37.56339994
   37.62452379   37.60019622   37.52652999   37.45297444   37.37945489
   37.30570572   37.23200743   37.15837419   37.08454173   37.01070106
   36.93691035   36.86287786   36.78905531   36.71518017   36.64100644
   36.5670702    36.49309587   36.41944389   36.3487564    36.27777318
   36.20693913   36.13609601   36.06498704   35.99396905   35.92297021
   35.85173508   35.7805334    35.70937877   35.65514184   35.87101313
   36.08710177   36.30312235   36.51951879   36.73603409   36.95241969
   37.16921464   37.38614304   37.60290758   37.82010123   38.0374284
   38.25458659   38.47217913   38.68967577   38.90745728   39.1254489
   39.34337191   39.56152021   39.7799111    39.9982617    40.21677593
   40.4355663    40.65434571   40.87322502   41.09239879   41.31141206
   41.53086804   41.72565046   41.89380298   42.06238669   42.23107145
   42.39952177   42.56840735   42.73714037   42.90614228   43.07532988
   43.24439616   43.41366494   43.58265183   43.74942568   43.91631436
   44.08344042   44.25049038   44.41758554   44.58493727   44.75205155
   44.91958272   45.08719546   45.25453146   45.42230603   45.59016218
   45.75773759   45.9257556    46.09385522   46.26167008   46.28601028
   46.29565354   46.30540619   46.31528664   46.32496476   46.33467895
   46.34455774   46.35427076   46.36394645   46.3738052    46.3833327
   46.39320868   46.40308412   46.41259131   46.42246562   46.18882499
   46.17749766   46.05111767   45.96630884   45.9739914    45.80657134
   45.80518374   45.84349494   45.90138613   46.07000025   46.20605275
   46.05666359   45.98606703   45.67255352   45.68283113   45.93214268
   46.04213727   46.26792832   46.50341491   46.31581287   46.30769684
   46.20065194   46.27431316   46.30941357   46.31624209   46.57931754
   46.39031393   46.05243809   45.83934734   45.81387908   45.84135782
   45.85329908   46.03660346   46.14857705   46.19378971   46.58016338
   46.58011024   46.58029342   46.58010317   46.58027861   46.6021569
   46.63061049   46.65944075   46.68827792   46.40489361   46.1302663
   46.08212753   46.03556647   46.06073807   46.11982062   46.12191997
   46.13537202   46.4272536    46.65622183   46.95709155   46.93703412
   46.91685364   46.54538822   47.02587136   47.81400279   48.50674062
   49.6094155    49.65977394   49.42453147   49.17048344   48.57120235
   48.88208281   49.63653313   50.74465225   51.94205529   51.82749213
   50.3821607    48.80888937   47.22331492   46.22199846   46.29631244
   46.46912587   46.47371192   46.5228469    46.82051608   47.11857867
   47.41638074   47.72535765   48.6975832    49.6698022    50.64279627
   51.61617842   51.41607293   51.0554523    50.69470218   50.33346209
   49.40873008   48.28047767   47.1522323    46.02401263   46.28844546
   47.45471988   48.62097596   49.78721334   50.4930845    50.68076705
   50.8688473    51.05651623   50.55491342   48.67952287   46.80415196
   44.92880127   43.37501284   43.12408308   42.87313504   42.62218612
   42.4748152    43.91100119   45.34743307   46.78366906   48.21978774
   47.05521757   45.68119567   44.30719081   42.93339235   42.20993126
   41.66013436   41.1103423    40.56055525   41.03008118   42.0419467
   43.05389938   44.06561069   45.1544515    46.31551814   47.47655868
   48.63763128   48.74946238   47.14900008   45.54871134   43.95200348
   43.02458252   44.1750187    45.32598498   46.47676169   47.58940404
   48.38369556   49.1780987    49.97261318   50.76764739   50.66787281
   50.54135343   50.41480947   50.28824098   49.75896243   49.15015153
   48.54096386   47.93162233   48.40058967   49.33560181   50.2707435
   51.20628309   52.06587781   52.86622776   53.6666866    54.46725406
   54.74798701   54.32712672   53.90624037   53.48504593   52.86539897
   51.7581007    50.65063892   49.54311427   48.54715205   48.16880755
   47.7904039    47.41194122   47.04710154   47.4757669    47.90483672
   48.33359523   48.76240794   48.59095978   48.33807846   48.08515621
   47.83258156   47.89991694   48.07734637   48.25479461   48.4322616
   49.2861129    50.57637891   51.86723801   53.15785654   53.48802815
   52.74159458   51.99505293   51.24840344   50.66916578   50.42088992
   50.17257442   49.92421937   49.91649037   50.87834952   51.84040252
   52.80227252   53.71758757   53.93377014   54.14997131   54.36619099
   54.582719     53.9332684    53.21451126   52.49566621   51.77673347
   51.57431743   51.50958181   51.44487462   51.37992236   50.10208486
   48.18074967   46.25919382   44.33750875   43.09503859   42.48660768
   41.87810429   41.26952862   41.46202668   42.95779113   44.45404501
   45.9501233    47.41321146   48.77394421   50.13481999   51.49583835
   52.639125     51.98708152   51.33496138   50.68276479   50.03049196
   50.01489674   50.01797221   50.02067172   50.02334515   49.32838226
   48.49620864   47.66394092   46.83186896   46.26431307   45.81042681
   45.35648741   44.902495     45.24121499   46.19548339   47.14981602
   48.10407108   48.75589497   49.00125499   49.24663478   49.49217747
   49.83657968   50.42206186   51.00759836   51.59318898   51.935718
   50.9422305    49.94890776   48.95512739   47.95945053   46.86342158
   45.76728506   44.67104135   43.57505226   44.64171181   45.99992169
   47.35825141   48.71670053   48.97438211   48.85548323   48.73616111
   48.61682254   48.69572279   48.90215271   49.10859566   49.31540035
   49.4874854    49.62101493   49.75455071   49.88809271   49.68181667
   48.80348068   47.9254408    47.04695115   46.33372399   46.28223897
   46.23074414   46.1792395    46.11997134   45.94202314   45.76395798
   45.58587218   45.40776579   46.98961069   48.7099653    50.43043535
   52.15086329   52.21891294   51.28882035   50.8390766    50.67281333
   50.14191912   50.28395896   50.0883553    49.75134996   50.04629618
   49.90727398   49.78580479   49.7075022    48.82658206   47.76477875
   47.00920187   45.64378707   45.65531926   46.02388392   46.53078607
   47.60669296   47.94925329   49.34647342   50.63292572   51.39767218
   52.8317862    52.00885817   50.90873192   50.12669755   49.27244468
   48.17381786   47.10517045   46.04661175   44.98046793   44.91481546
   45.48118744   46.06740675   46.63870526   47.63476553   48.88188309
   50.08734794   51.29691794   52.00170135   51.84711985   51.69942234
   51.57542983   51.65772553   52.32044133   53.02390553   53.93264557
   54.60569384   55.00244561   55.39921618   55.79602906   56.18152147
   55.94915199   55.71676169   55.48435066   55.25191896   55.54458024
   55.90774611   56.27045633   56.63318223   56.59557417   56.42164058
   56.2476901    56.07417575   55.96565743   55.89900665   55.83234557
   55.76567421   55.44271463   54.83459093   54.2268814    53.61865738
   53.27679498   53.45917959   53.64157033   53.82396712   53.95976244
   53.9079273    53.85601348   53.80409004   53.7643876    53.90284979
   54.04161496   54.18024574   54.31871767   52.58600798   50.70774695
   48.82935936   46.95102662   46.35592347   46.09856085   45.84117663
   45.58377087   45.48954266   45.48129482   45.47323615   45.4648794
   45.70744324   46.1827389    46.65805851   47.13342212   47.41274386
   47.37509976   47.33744793   47.29978838   46.96940155   45.7443828
   44.5196684    43.29448274   42.16398794   41.79872241   41.43343058
   41.06811257   40.70310152   40.47101255   40.24246832   40.01390627
   39.78532647   41.09182278   42.69656012   44.30121343   45.90586029
   47.11642776   48.15949539   49.2028088    50.24644043   51.21832004
   52.13474835   53.05124479   53.96780903   54.73988025   55.31930643
   55.89892119   56.47826452   56.55051707   55.39355154   54.23648779
   53.0793952    51.98498202   51.22876161   50.47247591   49.7161252
   48.96776536   48.62716947   48.28696063   47.81339063   47.56961319
   47.34730191   47.47297558   47.52258642   47.68721219   48.15426807
   48.8649959    49.90200123   50.64418115   50.8424523    50.62129213
   50.05349939   49.69892545   49.39343098   48.77688784   48.47499936
   48.11252227   48.26065226   50.08395848   51.73967892   53.49879601
   55.12309063   56.84079615   58.63522113   60.30513484   62.15062996
   61.35769417   60.56370901   59.76960352   58.97525406   56.62108499
   54.1476803    51.67432876   49.20103136   49.56429951   50.55812492
   51.22370715   51.97488696   52.99269721   54.14233209   55.59030512
   57.39038113   58.29843419   58.74115866   59.2003968    59.58091461
   59.28031218   57.88430362   56.48832738   55.09202715   53.91271561
   53.1023671    52.7343414    52.36598001   51.9589879    52.42217901
   52.88519165   53.34846911   53.81171066   55.41942199   57.05696768
   58.42547701   60.33119334   61.19330642   61.88705791   62.37299843
   63.32993555   63.57316588   64.01334683   64.83194499   65.30926306
   65.14701937   64.4938291    63.54717548   62.79126736   62.36057459
   62.33214632   62.20459827   61.95308966   61.61557168   61.0706831
   60.45883152   59.54407172   59.46091563   59.86372779   60.15988543
   60.45601431   60.75690198   61.31203677   61.86715122   62.42221806
   62.97723706   61.86821689   60.54114499   59.21446354   57.88786957
   57.09490284   56.48195989   55.86855468   55.2556912    55.40767641
   56.04572281   56.68371443   57.32070696   57.15445379   56.10103042
   55.04771404   53.99450505   53.55173669   54.30058782   55.04970921
   55.7987406    56.69293497   58.15957975   59.62551852   61.09180812
   62.42034821   61.80174001   61.18319265   60.56440684   59.94574221
   60.51616647   61.17648291   61.83671613   62.49683773   62.9280087
   63.30015692   63.67225388   64.04429942   62.19389218   59.18489163
   56.17663124   53.16879148   51.49536603   51.04856047   50.60163993
   50.15463133   50.22563245   51.12470742   52.02366956   52.92251852
   54.04832945   55.86335801   57.67816334   59.49274474   61.21598552
   62.21588809   63.2158222    64.21582492   65.21569839   62.36999404
   59.4283549    56.48671271   53.5458786    51.61512192   49.87799527
   48.14107407   46.40512647   48.00765289   51.02083852   54.03385291
   57.0466948    58.48386225   58.71567715   58.94776399   59.17982955
   58.83377796   57.7220262    56.60981251   55.49818098   53.66421212
   50.09426982   46.52433551   42.95459202   40.19862056   41.79400873
   43.38929692   44.98448447   46.62120332   50.20676164   53.7920974
   57.37720909   60.96209521   60.62381012   59.7750092    58.926391
   58.07781685   56.20547998   53.98976093   51.77394518   49.55863343
   47.42986925   45.35590429   43.28206511   41.20797333   41.61498401
   44.75107748   47.88696103   51.02263332   54.15120792   57.266746
   60.38229474   63.4976282    65.57693254   63.60035962   61.62339997
   59.64712268   57.82296814   58.11272996   58.40246365   58.69170764
   58.97935046   59.25319856   59.52598858   59.79873071   60.07123005
   58.97691705   57.52940039   56.08208622   54.63497512   53.3606987
   52.1758269    50.99161649   49.8075728    50.32631813   52.40602338
   54.48508454   56.56396248   58.47058269   60.1023594    61.73388453
   63.36506892   65.02820004   66.78999251   68.5515111    70.3127551
   71.99175659   73.02400608   74.05669224   75.08924543   76.12163117
   75.11754076   74.0637715    73.01009261   71.95694471   69.97499412
   67.81684644   65.65902046   63.50092255   62.64030374   62.32475826
   62.00925751   61.69380161   60.53903392   58.74578451   56.95297624
   55.16046789   53.07787189   50.61260703   48.14754598   45.6832609
   44.44900594   46.15433561   47.85936199   49.56361803   51.58271954
   55.27126052   58.95914788   62.64623259   66.25955684   66.66983099
   67.08002307   67.49013291   67.90016034   68.99928517   70.18771711
   71.37592771   72.5639165    72.49783255   72.01236969   71.52705529
   71.04212349   69.66821833   67.73369674   65.79948172   63.86506249
   63.12946331   63.70830284   64.28702819   64.86563914   64.92566842
   63.98281521   63.04021649   62.09778023   61.18900914   60.41111499
   59.6339556    58.85727549   58.03328057   56.55690528   55.08074128
   53.60427873   52.12855301   51.44888758   50.82754336   50.20628492
   48.10544246   41.32855522   35.17236172   29.49861605   25.93761831
   26.96551996   28.03175888   29.45881755   29.87109143   31.30449924
   33.59207816   36.8153214    40.45237419   43.68978628   47.41877645
   48.3079923    49.22246522   51.06517746   50.20987546   53.73912806
   53.67296913   56.54946361   59.64442267   58.23084605   61.55092713
   62.95724906   61.23736615   63.97796055   65.08393399   63.37596683
   65.43991205   66.59573791   65.39252009   66.3606163    66.90173416
   65.83351078   64.76400889   65.337545     65.11608689   65.09557157
   65.51805434   65.57785462   66.15968512   67.73500646   68.9168226
   70.35980153   71.27364154   71.53588026   71.92866344   71.03752114
   70.56137677   70.03710621   70.13373157   70.21154404   70.23932663
   68.36271406   66.98015072   64.83995277   62.48123142   63.65123491
   65.21981212   67.14013772   68.34314185   67.25630437   66.00960131
   64.33178598   63.63587801   63.61993909   63.48377622   62.83096254
   62.60687899   61.78364581   60.28053828   58.93559108   57.84822612
   56.17615059   53.73277294   51.22030447   48.21903845   46.23849717
   47.08704953   47.9355766    48.78410956   49.78713824   52.88171977
   55.97549152   59.06684801   62.15794879   62.93944863   64.18154865
   65.67148171   66.55201897   67.27306132   67.94505274   68.14839546
   68.74219011   69.64278184   70.38409705   71.20847525   72.11631105
   72.09183171   71.24521307   70.07374462   69.21745655   69.25186722
   71.3224044    73.32801307   74.38135332   76.02174227   77.16749991
   79.10555111   80.31964774   81.46395628   81.12730471   80.7294879
   79.62291683   79.06844731   78.13341797   77.41211622   77.47840214
   76.64245504   75.59604355   74.6033071    73.1381394    71.69179645
   71.89229934   72.27841142   73.17141542   74.58746501   73.74345778
   72.00763606   70.27205795   67.99935055   64.70739028   60.07931458
   55.79232676   51.64247697   47.58906605   43.05110506   38.38816631
   33.72718865   29.88243773   29.95438749   30.29523725   30.63070527
   31.16716682   36.47888898   41.78843141   47.01579344   52.14982325
   55.63651225   58.80326979   62.00999211   65.1242585    66.28561536
   66.93067219   67.55062619   68.41328242   69.44134535   70.61176516
   71.78170068   72.6017938    73.6675781    73.70683924   74.1500533
   74.61313133   75.26863091   75.86130071   76.11333433   76.36515922
   76.46716161   75.99324217   75.51958901   75.04604846   74.56907664
   74.04415204   73.51949321   72.99498416   72.47068919   69.16753057
   65.66814806   62.17026689   58.67513719   55.04663723   51.16559435
   47.72539612   44.06697639   40.05325163   35.85806236   31.66456572
   27.47277427   26.69058661   28.99735965   31.3031778    33.60804118
   36.81441906   41.44158784   46.06684006   50.69017576   55.03567776
   58.55953765   62.08192428   65.60285259   69.00185605   71.17213912
   73.95014037   76.4227456    78.89431118   78.9984757    79.05208978
   79.10571311   79.1592681    80.03543783   81.06468841   82.0935573
   83.05919786   83.58298625   84.39447857   85.13962463   85.68812286
   86.76736385   87.67191114   88.71085469   89.77413502   90.05555666
   89.1139134    88.67288057   88.03049424   87.49541432   87.12098407
   86.61700803   85.47972557   83.94207854   84.86790802   85.21293871
   87.14710905   86.54272278   84.84869469   83.52279765   79.59804076
   80.50515177   81.15534212   81.20342291   82.55967269   81.12747791
   79.09406403   76.58137038   76.9363812    79.83385775   84.6393976
   86.36400614   86.73783343   83.33720718   82.89471032   86.42004664
   85.79579962   89.01264914   85.14100437   85.34859988   86.63992178
   85.55188636   88.56159154   88.52536935   90.20252728   91.43526964
   93.7715326    95.03281083   95.25790379   96.31342066   95.69660477
   95.61756037   95.7333191    96.5250346    98.06924469   96.31853129
   91.69288885   88.85928707   85.06697021   83.76279336   86.36033009
   86.72763817   86.60480773   85.72742831   84.96734423   83.68467588
   87.48873693   92.33889233   94.70506965   92.8055691    92.21229543
   88.67816575   87.02591415   88.40660363   86.1643876    87.58149218
   85.94121026   85.00393145   80.12913609   76.55587431   80.21447656
   84.12256946   89.51384393   94.40693974   93.22662263   92.43626167
   92.51509538   90.23379419   86.92456748   86.44579099   86.22397724
   85.8215207    88.56919412   87.62759464   84.63123435   84.37822009
   82.48409699   80.2042546    81.78769618   83.13504534   84.97792825
   86.85119705   86.27767415   85.20944298   83.86090349   83.26897227
   83.42895175   80.87317703   81.40639585   82.07272667   81.99579968
   83.71020585   85.35548016   86.03045859   85.9323642    85.69404597
   84.23164576   80.27585275   78.35790877   77.29573741   77.20298
   78.67096455   78.68237643   78.69878926   78.42479254   79.99651744
   82.98249192   84.43272855   85.43275233   85.05528633   84.79331096
   85.04505404   85.8694116    86.27320193   87.73961835   88.32834004
   89.33654054   91.05150896   89.85670618   89.98874849   88.50418568
   86.85940753   85.79366612   84.57249315   84.06827028   83.71928253
   81.57532205   79.08737875   75.88957173   72.91776805   69.9875387
   66.49444498   63.14915302   59.90068668   58.5751878    59.05173043
   59.74796151   60.32951349   61.78201958   65.71084382   69.34759625
   72.88352896   76.01088298   76.78550251   77.63359179   78.59136414
   79.71358395   80.35189369   81.28743481   82.43374712   83.33234118
   85.17638529   86.86920338   88.36969567   89.71351351   89.15404313
   88.45620517   87.66446121   86.90415489   86.24119589   86.13768935
   86.22383824   86.43670983   87.1436057    87.18697316   87.51218308
   88.11214471   88.51854365   88.37058019   87.87940705   87.49391506
   87.06731478   86.82120903   86.77735478   86.22912276   85.70225279
   85.28325558   84.86445053   84.44585243   84.09306105   86.11681477
   88.13939448   90.16079904   92.1811323    93.25805937   94.21848536
   95.17834935   96.13771164   94.79889911   92.71189917   90.62609324
   88.54147494   87.75671894   87.7757682    87.79483114   87.81384246
   88.18957133   88.9493085    89.70865514   90.46748308   90.80006599
   90.3245449    89.84936427   89.37433279   88.86187559   88.20692334
   87.55241977   86.89816285   86.32632055   86.80670551   87.2868712
   87.76663151   88.24608127   89.38693056   90.57236772   91.7570031
   92.94091351   93.67147939   94.28851085   94.90509262   95.52141283
   95.21299089   94.43644544   93.66028173   92.88453886   92.31463814
   91.92892993   91.54339894   91.15806146   90.09814075   87.98790842
   85.87888821   83.77108133   82.32137753   82.79449877   83.26723782
   83.73968113   84.21910292   84.75192062   85.28439077   85.81654825
   86.34838837   86.84989499   87.35052084   87.85087246   88.35088316
   88.9056609    89.47013996   90.03424778   90.59809061   90.48943281
   90.11095306   89.73263585   89.35438095   89.47843776   89.97671259
   90.47470769   90.97258823   91.50612708   92.08588408   92.66531492
   93.24452264   93.11867413   91.34998039   89.58208961   87.81480408
   86.22840176   85.56169936   84.8952585    84.22911923   83.59329587
   84.02166455   84.44980845   84.87782268   85.30559658   86.34559958
   87.45970665   88.57330572   89.68641638   90.62294663   91.50208465
   92.38080655   93.25911093   93.7153651    93.91164137   94.10782548
   94.3038442    93.89467824   92.83673845   91.7861882    90.73742457
   90.24804392   90.81483907   91.3814129    91.94794542   92.70753151
   94.19497492   95.68199074   97.16865086   98.38603597   96.21012414
   94.03473407   91.85986473   89.68549351   86.10494985   82.43079792
   78.7575467    75.08509165   77.46172618   81.34260033   85.222599
   89.10162695   90.97732604   91.84203298   92.70628287   93.57020953
   93.33879392   92.12915742   90.92002655   89.6757937    85.19881013
   73.32020211   58.38853252   45.50388536   37.09628754   32.18843412
   31.85158881   26.16042222   23.65526195   24.53537213   23.8273933
   24.30771203   25.3610791    25.67761715   29.57318409   30.76923299
   38.81377437   39.84201233   48.40645829   62.42195355   68.7737357
   73.87374341   72.97712837   60.83960376   50.20982467   53.25735429
   43.76508163   43.24729914   50.29807041   41.71385536   43.20574567
   49.13143792   41.33607354   42.32136436   50.1157329    48.96996029
   49.34677685   54.21439903   58.04659073   53.78517575   58.09364387
   65.34460344   64.71528319   63.95738924   64.94092719   65.13837902
   64.15435925   64.3447964    64.03316439   62.94989104   63.97457476
   67.12379337   68.0572306    68.82020856   72.92121374   77.25791848
   77.56128186   79.65732368   80.88808522   85.37968691   86.04144861
   83.7064755    83.48435816   84.28917554   86.6379354    85.24611791
   84.47197002   84.02308355   85.60611227   85.72602988   83.42319211
   81.62596      79.89609148   80.28829918   78.32530978   78.89203162
   79.98198413   81.56012903   84.01523766   83.67364753   82.84483496
   83.07191811   83.33834125   82.80076889   81.30573309   78.12576454
   75.73050064   74.03490082   72.97535496   72.40502691   71.13587761
   70.72169206   71.62804703   72.53400131   73.439455     73.86686582
   72.90949438   71.95251877   70.99606676   70.28450115   71.36506824
   72.44506107   73.52447788   74.60350578   76.48517134   78.37921769
   80.27227795   82.16446167   84.97697196   87.95397408   90.92962961
   93.90375202   95.07644803   95.51701585   95.95739878   96.39755456
   95.43676945   93.44006549   91.4442149    89.44936086   87.01495258
   84.01744953   81.02141492   78.02682687   76.84738603   79.86059868
   82.87237238   85.88259144   88.45742047   88.85180328   89.24595692
   89.63985807   90.01057045   89.63101406   89.25156785   88.87236932
   88.493219     84.82425892   80.76423156   76.70614459   72.65010961
   69.08585924   65.6806462    62.27701938   58.87510331   59.85198284
   63.5023051    67.15052557   70.79674137   74.14834395   77.1864061
   80.22282323   83.25759758   85.53250996   86.38564582   87.23819668
   88.09031878   88.40975275   86.74622752   85.08363648   83.42185858
   82.06076652   84.38523851   86.70848117   89.03037225   91.35094812
   91.79416828   92.11487087   92.43547124   92.7557471    93.48214508
   94.30803678   95.13340646   95.9583716    96.95806609   98.0450933
   99.13151297  100.21855419   99.99956711   98.62228481   97.24583135
   95.86999516   94.83543448   94.3261918    93.81724755   93.30855832
   92.64704573   91.54493262   90.44328926   89.34226008   88.37413523
   88.36686509   88.3596073    88.35233862   88.34498931   89.78294892
   91.24247847   92.70113044   94.15898155   91.48249798   88.06925378
   84.65778748   81.24810468   79.6239147    78.72146286   77.81946545
   76.91800463   77.96895125   80.45729302   82.94421056   85.42982275
   86.89276384   87.05230084   87.211609     87.37085567   87.52014321
   87.64659333   87.7730115    87.46817583   88.19958317   89.36916391
   90.19737069   91.67987595   92.80668327   91.75497888   90.7038368
   89.65328106   88.3599768    87.51914304   86.89060045   86.23264309
   85.54734434   84.63127095   83.51929275   83.21658117   82.877603
   83.87946496   85.43310566   86.06946275   87.31915895   88.80758088
   91.02993828   92.77221216   93.12344883   93.0607266    90.80202735
   88.97475248   87.99669841   86.65473235   88.03988029   88.87711425
   90.21997709   91.10262283   91.68541512   91.99973869   92.13811685
   93.90356613   93.16967364   92.13133769   91.61303409   91.04009821
   91.15552007   92.49208165   92.89005052   93.23804766   93.10936504
   92.74328093   92.37729719   92.01149612   91.482153     90.80837144
   90.13489136   89.46171388   89.13473981   89.33839401   89.54189604
   89.74534377   90.36867808   92.19831058   94.02685109   95.59242143
   96.44436107   93.95291894   91.19064823   88.50408295   86.13375115
   87.72180119   89.71779145   91.64230426   93.39103883   94.21439521
   94.6219981    95.71115677   96.80986732   96.59665634   96.41584345
   95.983377     95.55102802   94.33300028   92.53829816   90.47356957
   88.3051001    87.05176278   86.56147628   86.48827993   86.37649013
   86.0309184    85.93925803   85.84772228   85.75609091   85.83734811
   86.36192546   87.13068354   87.44919278   88.30079629   88.93408208
   89.64396965   90.77071962   90.39032621   89.48161817   89.13916449
   88.74093229   88.60142396   89.5746511    90.88452923   92.4552554
   94.07195302   96.08836647   97.4045333    98.42550084   98.80647751
   98.65632872   97.94285413   97.64261203   97.23765246   96.08794973
   93.8187969    91.47369969   89.29312418   87.96741367   90.15850755
   92.33738766   94.63746173   97.30072915   97.62380059   97.8781819
   97.03145261   96.64934107   95.32239888   94.23552752   93.6210849
   92.80319133   92.88747197   93.30093984   93.71405558   94.12689809
   94.16101876   94.00707927   93.85318792   93.6992982    94.11435463
   94.69449887   95.9176608    96.85734786   97.4945216    97.70979223
   97.92493664   98.13981504   98.62195467   99.86763922  101.11242082
  102.35643421  103.37989616  102.8347235   102.28978025  101.745126
  101.20085547  101.21204769  100.68716755  100.48489375  100.56972318
   99.68224323   98.8073962    98.19311831   96.78766873   95.94308982
   95.57984081   95.15211701   94.54009061   94.60639403   94.9929033
   95.38747862   95.73245871   96.02023819   95.48854487   95.1444511
   94.28249006   93.33200892   91.84643713   90.14565841   88.7542892
   86.77022747   86.07799917   85.33854625   84.74571333   84.26585473
   83.966926     83.94454617   84.3995018    84.30048695   84.90469743
   85.29882073   85.92677541   84.49647469   85.90940067   87.40493099
   85.84930714   87.23736326   87.64376203   87.79761003   90.88207863
   90.11794672   87.70622035   87.14093118   86.58615813   87.96202621
   88.31574105   85.36528232   82.9936392    82.95566165   82.88903142
   82.54760378   81.05515839   80.57849215   79.55855232   80.74703184
   84.32121606   79.05804355   77.89148454   74.64346835   72.44296471
   78.40421611   81.86797353   81.14315073   82.44356064   83.95363522
   85.86760854   92.12138396   94.62909139   88.21277277   82.78878744
   80.10778747   79.27974221   81.26995938   84.85696811   86.69948675
   85.30396301   89.39219752   86.56594979   85.44574818   87.70392886
   84.74662147   87.35690294   88.1027472    88.03033671   87.83957718
   87.13322774   85.00944116   84.22216423   89.82475414   91.41968195
   93.84682635   94.0967416    92.56393107   90.33655299   88.63783131
   86.26281585   85.67704139   85.83613715   85.85787475   86.34902878
   85.0789524    85.61846507   84.65085521   86.05758163   85.89352987
   85.89791581   84.00054085   75.74440173   71.85327029   67.40523765
   66.37166043   74.60366877   76.05684287   80.20783658   83.56172206
   84.14812423   86.95294601   87.19899628   88.32710467   84.79396953
   84.87149995   85.39057008   86.20788742   89.58235546   90.80974681
   90.79014421   89.99211655   89.06692813   89.25578302   86.32570947
   86.55960842   87.24373877   85.98356563   89.84406298   90.88206388
   91.6360693    94.1133276    93.57795487   94.31366571   94.76484871
   94.27685959   91.65977883   90.07127402   86.68559493   85.42792675
   85.58243752   87.02397037   87.77042827   87.91686125   86.44076303
   87.06284615   90.18900454   91.87921269   92.07215266   88.10065208
   86.7079668    86.54960582   90.62945994   88.08455595   88.03145859
   87.56284405   87.51902037   91.14276445   90.64296503   90.86553852
   90.5269044    87.79531791   87.07441369   86.82636226   86.99564635
   90.22274999   91.56739638   88.6013292    87.8476206    87.50537758
   86.18764009   86.42706225   85.04881491   85.28285935   82.2895776
   83.33583488   84.68728355   84.4599434    86.98386792   86.79335361
   84.87992384   83.18338422   83.10618765   82.59028953   82.71349895
   84.14854068   85.67592539   86.54962365   86.36275034   87.36673945
   86.26677248   87.17641446   88.34817382   88.28872703   89.60518268
   89.62760334   89.90123385   90.65126528   91.07714096   91.8391587
   92.34251246   92.08113034   89.95310684   89.32708147   88.08462516
   86.72205563   85.2040232    83.50401208   81.83801612   80.30941751
   80.63512078   81.39820232   82.12963573   83.80516823   84.4828945
   85.1739456    85.6387917    86.32910892   87.51444329   88.32036824
   89.46149321   90.50912921   89.94252478   88.6832987    87.74792113
   86.91603628   86.4847649    86.48164946   86.48437983   86.62669037
   85.88833254   86.44738754   86.77702486   87.20881957   88.11625796
   87.84454885   87.8621935    87.92528994   87.11769358   86.78301003
   86.56900924   86.00687745   85.72097633   86.01160845   86.32786818
   87.3334804    87.36732456   87.40891046   87.20842176   86.99929416
   87.21009336   86.9562379    86.36309092   85.46244226   84.43324015
   83.61711734   83.400838     83.18453073   82.65763661   82.28175983
   82.68243184   82.95883617   83.20159312   83.41598755   83.04423183
   82.82974931   82.81215787   82.70051705   83.63623998   84.29891971
   84.96117946   85.62286439   85.73587256   85.6322011    85.52846909
   85.42490413   86.00147956   87.06943974   88.13655055   89.20286078
   89.85364163   89.7446556    90.02453136   90.27938717   90.64164844
   90.9307836    90.89879955   90.86693172   90.65365213   89.56354398
   88.47407914   87.38542257   86.29943413   85.26813628   84.23767013
   83.20780042   81.77582267   82.31335327   83.07637332   83.91024973
   85.11742764   85.43389484   85.60568456   85.77737527   85.94880745
   86.22914935   86.57444433   86.91946474   87.00590723   86.9420243
   86.73110589   86.47852093   86.44799062   86.71841889   87.09747175
   87.76838473   88.11605796   88.32888957   88.6392988    88.94956424
   89.16681977   88.87727248   88.85745705   88.89477081   89.05834565
   89.75021563   89.28336372   88.23638711   87.90055727   87.20954889
   87.00002894   86.90474899   86.80948784   86.71424554   87.03489758
   87.55848345   88.08181442   88.60485216   88.23763529   87.09884231
   85.96053142   84.82270321   83.59490218   82.64677919   82.10464487
   81.47730631   81.56294617   83.04932806   84.50176945   85.8436083
   86.86000365   87.17468119   87.48919373   87.80354108   87.95118058
   88.29624606   88.9609311    90.13927754   90.81371869   91.10910738
   91.33945554   91.56967429   91.79976351   91.60826052   91.25079972
   90.89347645   90.53629088   90.03748423   89.43694458   88.83665452
   88.23661434   87.71762846   87.2997524    86.88204374   86.4645027
   86.17292331   86.16332132   86.15375244   86.14416397   86.32337789
   87.4088798    88.49385565   89.57830488   90.64695108   91.30636218
   91.96544175   92.62403496   93.28244104   92.31473429   91.16618528
   90.01814603   88.87061713   88.8594238    89.2003175    89.54102641
   89.88155034   89.9181788    89.77433504   89.63054129   89.48678968
   89.147544     88.60546034   88.0636071    87.52198455   87.27953539
   87.58200965   87.88441597   88.18665375   88.48427753   88.76578354
   89.0471302    89.32831737   89.61931763   90.02243801   90.42528375
   90.8278619    91.23032572   91.52353914   91.81026593   92.09682859
   92.38322696   91.47413836   90.28304417   89.09249709   87.90244279
   87.40743881   87.2509104    87.09443212   86.93800405   86.92854607
   87.04614693   87.16366519   87.28110075   87.15633044   86.6686906
   85.83129913   84.96825558   84.38842584   84.6777842    85.22719899
   85.84355349   86.57748249   86.37751677   86.17746827   85.97764787
   85.77790014   85.15750119   84.53362864   83.91003852   83.28673116
   83.35128161   83.53253885   83.71368129   83.89455699   84.03440426
   84.15806805   84.28164503   84.27177501   83.51084192   82.85287689
   82.36081819   82.06084794   81.57817781   81.32613548   81.07434288
   80.82265186   80.09709519   78.31418179   76.53214093   74.75097355
   72.99501837   71.35620755   69.71810655   68.08064921   66.39476375
   63.56323494   60.73361321   57.90589962   55.08009519   57.49061762
   60.47871115   63.46473946   66.44861      68.6916268    70.7049399
   72.71684678   74.72734669   75.18342949   74.71809634   74.25305629
   73.78830949   73.78167574   74.24818568   74.71442167   75.18030878
   75.86416866   76.9434632    78.02198324   79.09972838   80.12513241
   80.96593554   81.80601942   82.64561751   83.37840971   82.93226946
   82.48640914   82.0408289    81.59552889   80.86581541   80.12042738
   79.37550801   78.63097774   78.37640024   78.23676226   78.09719307
   77.95769273   77.83158543   77.71199229   77.59245423   77.47297129
   78.70301863   81.09410823   83.48360911   85.87139542   87.39423424
   87.62630187   87.85817284   88.08984705   88.05645738   87.28689656
   86.51768541   85.74915027   85.05424008   84.85691909   84.65970614
   84.4626013    84.26560464   84.78925556   85.31844112   85.84721724
   86.37542083   85.26802526   83.88519444   82.50331974   81.12240168
   80.99317771   81.35237261   81.27126372   81.55552355   82.18929282
   83.46158933   84.24560174   85.02901792   84.37976546   81.95873921
   79.53942607   77.12182696   75.33238921   74.93483737   74.53755867
   74.14060246   73.82028352   74.64023708   75.73402448   77.0305465
   78.39356335   79.84181063   81.28897405   82.73496606   84.17988605
   84.71724104   85.15506796   85.59254204   86.02966311   85.12993574
   83.82058333   82.51215566   81.20461425   80.42903842   79.96764661
   79.50656158   79.0457835    78.65347571   78.33167651   78.01008288
   77.68869494   78.11945575   79.42286365   81.0492895    82.82523482
   84.41355479   84.85671612   84.8381356    84.81953475   84.66672425
   84.50413355   84.6631639    85.33720235   85.5101877    85.50135556
   85.48231656   85.46325708   85.44417713   84.1647552    83.40932775
   82.61943563   81.91391013   81.33223142   79.56717587   77.8034098
   76.0409339    76.24292652   78.12777528   80.01117615   81.8931284
   83.0053391    82.97392586   82.62228208   82.91136771   82.25819671
   81.05995949   80.20929529   79.51587621   78.76624789   78.92658033
   79.08675846   79.24663414   79.29790686   80.00351739   80.99926086
   81.79694883   82.59399556   82.36708047   82.11375709   82.0275117
   82.01818579   81.55237025   81.32519757   80.37038054   79.4162603
   78.15752482   75.96720686   72.95641924   71.18256578   70.26964079
   69.78606488   70.20372918   70.02752396   70.49307658   73.62726089
   74.43091372   75.62584475   76.44396935   76.08517888   76.42930905
   75.49073805   75.0412805    74.42046583   74.77062566   74.29606514
   74.06533227   71.90021984   70.41806593   73.02216507   72.59354755
   75.37869881   75.61316592   70.78224935   67.55872939   64.23497512
   60.7645327    63.73704948   66.22962437   67.76913221   65.86063587
   63.34712585   60.94513975   59.1125685    63.60524643   67.06799855
   69.704358     68.206342     66.40919306   66.03936922   66.36432414
   69.06257931   63.85184895   56.80224116   52.77133655   47.67635412
   46.78856109   52.56841212   55.53016819   61.60000877   69.05183678
   69.92571258   64.50256184   61.48032366   60.91703555   56.25190879
   61.80539309   63.4520498    60.69814704   65.54310469   65.72515548
   64.35183265   66.44143998   68.06407205   66.90671408   64.37429018
   63.56274049   64.3351822    66.31951663   73.94774037   71.57891434
   69.7857196    62.39691489   63.32325182   65.62671064   64.90890678
   67.6460284    66.4051643    66.12069217   65.65431412   67.16506213
   67.09227157   66.23018145   67.27395345   68.92057994   68.83490195
   71.04118256   73.01931681   73.17374558   75.25211005   74.85431074
   73.65473757   72.59523201   68.21631315   67.17050634   67.21537279
   68.59397634   72.56230156   71.47661537   70.66853205   69.73088927
   67.4321937    68.72966955   71.0530254    73.06370768   71.00688965
   70.21966156   67.25779599   63.12501372   65.38322987   65.81737233
   70.05618495   72.08589986   69.68764202   62.71184475   58.82426542
   58.81319466   63.10563364   67.71477215   62.6363941    62.50164952
   61.17113944   61.43443255   67.13422324   65.26383949   64.13732724
   64.29789153   65.10296      66.16924031   61.38317408   59.81924116
   60.19721131   61.39190536   62.86834151   60.36906837   55.15668334
   53.96914238   57.7607191    62.31186764   66.94286144   68.10877154
   68.09772091   66.74585541   62.67729159   58.66930985   59.71227128
   62.35544648   67.74265301   70.50572291   70.90976135   70.05704232
   68.27892921   64.25474433   59.86452865   59.24340145   59.59949804
   60.3520282    56.60141417   53.64078041   54.69406387   56.49852212
   62.27406718   64.8124864    64.51177648   65.83304598   66.79414063
   67.50576802   67.5601491    66.41759743   62.49838379   56.24890987
   54.37044608   48.81128453   51.23146331   56.19555608   57.1959601
   62.29395602   63.11058803   62.63456067   64.96922084   67.1885146
   66.51648431   66.04728064   66.29456596   65.46009831   65.77111481
   60.63527097   56.7096516    54.54776041   55.35950464   61.55084406
   63.03904727   65.0038093    63.41336733   59.30046122   58.35779138
   58.26585254   59.35093551   62.57218809   63.35229276   62.28430472
   61.68696038   59.2893327    57.04917053   58.78488024   59.53202845
   62.95967864   66.08787854   66.54637756   67.29260976   66.80895536
   65.64770298   63.44959658   62.27834453   62.3099313    62.8684573
   62.47067791   61.39844936   59.83182113   56.29341504   57.43312421
   59.0763097    60.17385628   62.53652846   62.82663994   60.98215011
   60.6917338    61.15985704   60.62133402   61.67964259   61.26302997
   60.67724023   60.6558818    59.57079961   59.35021826   58.60183807
   57.60520422   59.07904007   59.91485176]
