[ 0.390065  0.390195  0.390325  0.390455  0.390585  0.390715  0.390845
  0.390975  0.391105  0.391235  0.391365  0.391495  0.391625  0.391755
  0.391885  0.392015  0.392145  0.392275  0.392405  0.392535  0.392665
  0.392795  0.392925  0.393055  0.393185  0.393315  0.393445  0.393575
  0.393705  0.393835  0.393965  0.394095  0.394225  0.394355  0.394485
  0.394615  0.394745  0.394875  0.395005  0.395135  0.395265  0.395395
  0.395525  0.395655  0.395785  0.395915  0.396045  0.396175  0.396305
  0.396435  0.396565  0.396695  0.396825  0.396955  0.397085  0.397215
  0.397345  0.397475  0.397605  0.397735  0.397865  0.397995  0.398125
  0.398255  0.398385  0.398515  0.398645  0.398775  0.398905  0.399035
  0.399165  0.399295  0.399425  0.399555  0.399685  0.399815  0.399945
  0.400075  0.400205  0.400335  0.400465  0.400595  0.400725  0.400855
  0.400985  0.401115  0.401245  0.401375  0.401505  0.401635  0.401765
  0.401895  0.402025  0.402155  0.402285  0.402415  0.402545  0.402675
  0.402805  0.402935  0.403065  0.403195  0.403325  0.403455  0.403585
  0.403715  0.403845  0.403975  0.404105  0.404235  0.404365  0.404495
  0.404625  0.404755  0.404885  0.405015  0.405145  0.405275  0.405405
  0.405535  0.405665  0.405795  0.405925  0.406055  0.406185  0.406315
  0.406445  0.406575  0.406705  0.406835  0.406965  0.407095  0.407225
  0.407355  0.407485  0.407615  0.407745  0.407875  0.408005  0.408135
  0.408265  0.408395  0.408525  0.408655  0.408785  0.408915  0.409045
  0.409175  0.409305  0.409435  0.409565  0.409695  0.409825  0.409955
  0.410085  0.410215  0.410345  0.410475  0.410605  0.410735  0.410865
  0.410995  0.411125  0.411255  0.411385  0.411515  0.411645  0.411775
  0.411905  0.412035  0.412165  0.412295  0.412425  0.412555  0.412685
  0.412815  0.412945  0.413075  0.413205  0.413335  0.413465  0.413595
  0.413725  0.413855  0.413985  0.414115  0.414245  0.414375  0.414505
  0.414635  0.414765  0.414895  0.415025  0.415155  0.415285  0.415415
  0.415545  0.415675  0.415805  0.415935  0.416065  0.416195  0.416325
  0.416455  0.416585  0.416715  0.416845  0.416975  0.417105  0.417235
  0.417365  0.417495  0.417625  0.417755  0.417885  0.418015  0.418145
  0.418275  0.418405  0.418535  0.418665  0.418795  0.418925  0.419055
  0.419185  0.419315  0.419445  0.419575  0.419705  0.419835  0.419965
  0.420095  0.420225  0.420355  0.420485  0.420615  0.420745  0.420875
  0.421005  0.421135  0.421265  0.421395  0.421525  0.421655  0.421785
  0.421915  0.422045  0.422175  0.422305  0.422435  0.422565  0.422695
  0.422825  0.422955  0.423085  0.423215  0.423345  0.423475  0.423605
  0.423735  0.423865  0.423995  0.424125  0.424255  0.424385  0.424515
  0.424645  0.424775  0.424905  0.425035  0.425165  0.425295  0.425425
  0.425555  0.425685  0.425815  0.425945  0.426075  0.426205  0.426335
  0.426465  0.426595  0.426725  0.426855  0.426985  0.427115  0.427245
  0.427375  0.427505  0.427635  0.427765  0.427895  0.428025  0.428155
  0.428285  0.428415  0.428545  0.428675  0.428805  0.428935  0.429065
  0.429195  0.429325  0.429455  0.429585  0.429715  0.429845  0.429975
  0.430105  0.430235  0.430365  0.430495  0.430625  0.430755  0.430885
  0.431015  0.431145  0.431275  0.431405  0.431535  0.431665  0.431795
  0.431925  0.432055  0.432185  0.432315  0.432445  0.432575  0.432705
  0.432835  0.432965  0.433095  0.433225  0.433355  0.433485  0.433615
  0.433745  0.433875  0.434005  0.434135  0.434265  0.434395  0.434525
  0.434655  0.434785  0.434915  0.435045  0.435175  0.435305  0.435435
  0.435565  0.435695  0.435825  0.435955  0.436085  0.436215  0.436345
  0.436475  0.436605  0.436735  0.436865  0.436995  0.437125  0.437255
  0.437385  0.437515  0.437645  0.437775  0.437905  0.438035  0.438165
  0.438295  0.438425  0.438555  0.438685  0.438815  0.438945  0.439075
  0.439205  0.439335  0.439465  0.439595  0.439725  0.439855  0.439985
  0.440115  0.440245  0.440375  0.440505  0.440635  0.440765  0.440895
  0.441025  0.441155  0.441285  0.441415  0.441545  0.441675  0.441805
  0.441935  0.442065  0.442195  0.442325  0.442455  0.442585  0.442715
  0.442845  0.442975  0.443105  0.443235  0.443365  0.443495  0.443625
  0.443755  0.443885  0.444015  0.444145  0.444275  0.444405  0.444535
  0.444665  0.444795  0.444925  0.445055  0.445185  0.445315  0.445445
  0.445575  0.445705  0.445835  0.445965  0.446095  0.446225  0.446355
  0.446485  0.446615  0.446745  0.446875  0.447005  0.447135  0.447265
  0.447395  0.447525  0.447655  0.447785  0.447915  0.448045  0.448175
  0.448305  0.448435  0.448565  0.448695  0.448825  0.448955  0.449085
  0.449215  0.449345  0.449475  0.449605  0.449735  0.449865  0.449995
  0.450125  0.450255  0.450385  0.450515  0.450645  0.450775  0.450905
  0.451035  0.451165  0.451295  0.451425  0.451555  0.451685  0.451815
  0.451945  0.452075  0.452205  0.452335  0.452465  0.452595  0.452725
  0.452855  0.452985  0.453115  0.453245  0.453375  0.453505  0.453635
  0.453765  0.453895  0.454025  0.454155  0.454285  0.454415  0.454545
  0.454675  0.454805  0.454935  0.455065  0.455195  0.455325  0.455455
  0.455585  0.455715  0.455845  0.455975  0.456105  0.456235  0.456365
  0.456495  0.456625  0.456755  0.456885  0.457015  0.457145  0.457275
  0.457405  0.457535  0.457665  0.457795  0.457925  0.458055  0.458185
  0.458315  0.458445  0.458575  0.458705  0.458835  0.458965  0.459095
  0.459225  0.459355  0.459485  0.459615  0.459745  0.459875  0.460005
  0.460135  0.460265  0.460395  0.460525  0.460655  0.460785  0.460915
  0.461045  0.461175  0.461305  0.461435  0.461565  0.461695  0.461825
  0.461955  0.462085  0.462215  0.462345  0.462475  0.462605  0.462735
  0.462865  0.462995  0.463125  0.463255  0.463385  0.463515  0.463645
  0.463775  0.463905  0.464035  0.464165  0.464295  0.464425  0.464555
  0.464685  0.464815  0.464945  0.465075  0.465205  0.465335  0.465465
  0.465595  0.465725  0.465855  0.465985  0.466115  0.466245  0.466375
  0.466505  0.466635  0.466765  0.466895  0.467025  0.467155  0.467285
  0.467415  0.467545  0.467675  0.467805  0.467935  0.468065  0.468195
  0.468325  0.468455  0.468585  0.468715  0.468845  0.468975  0.469105
  0.469235  0.469365  0.469495  0.469625  0.469755  0.469885  0.470015
  0.470145  0.470275  0.470405  0.470535  0.470665  0.470795  0.470925
  0.471055  0.471185  0.471315  0.471445  0.471575  0.471705  0.471835
  0.471965  0.472095  0.472225  0.472355  0.472485  0.472615  0.472745
  0.472875  0.473005  0.473135  0.473265  0.473395  0.473525  0.473655
  0.473785  0.473915  0.474045  0.474175  0.474305  0.474435  0.474565
  0.474695  0.474825  0.474955  0.475085  0.475215  0.475345  0.475475
  0.475605  0.475735  0.475865  0.475995  0.476125  0.476255  0.476385
  0.476515  0.476645  0.476775  0.476905  0.477035  0.477165  0.477295
  0.477425  0.477555  0.477685  0.477815  0.477945  0.478075  0.478205
  0.478335  0.478465  0.478595  0.478725  0.478855  0.478985  0.479115
  0.479245  0.479375  0.479505  0.479635  0.479765  0.479895  0.480025
  0.480155  0.480285  0.480415  0.480545  0.480675  0.480805  0.480935
  0.481065  0.481195  0.481325  0.481455  0.481585  0.481715  0.481845
  0.481975  0.482105  0.482235  0.482365  0.482495  0.482625  0.482755
  0.482885  0.483015  0.483145  0.483275  0.483405  0.483535  0.483665
  0.483795  0.483925  0.484055  0.484185  0.484315  0.484445  0.484575
  0.484705  0.484835  0.484965  0.485095  0.485225  0.485355  0.485485
  0.485615  0.485745  0.485875  0.486005  0.486135  0.486265  0.486395
  0.486525  0.486655  0.486785  0.486915  0.487045  0.487175  0.487305
  0.487435  0.487565  0.487695  0.487825  0.487955  0.488085  0.488215
  0.488345  0.488475  0.488605  0.488735  0.488865  0.488995  0.489125
  0.489255  0.489385  0.489515  0.489645  0.489775  0.489905  0.490035
  0.490165  0.490295  0.490425  0.490555  0.490685  0.490815  0.490945
  0.491075  0.491205  0.491335  0.491465  0.491595  0.491725  0.491855
  0.491985  0.492115  0.492245  0.492375  0.492505  0.492635  0.492765
  0.492895  0.493025  0.493155  0.493285  0.493415  0.493545  0.493675
  0.493805  0.493935  0.494065  0.494195  0.494325  0.494455  0.494585
  0.494715  0.494845  0.494975  0.495105  0.495235  0.495365  0.495495
  0.495625  0.495755  0.495885  0.496015  0.496145  0.496275  0.496405
  0.496535  0.496665  0.496795  0.496925  0.497055  0.497185  0.497315
  0.497445  0.497575  0.497705  0.497835  0.497965  0.498095  0.498225
  0.498355  0.498485  0.498615  0.498745  0.498875  0.499005  0.499135
  0.499265  0.499395  0.499525  0.499655  0.499785  0.499915  0.500045
  0.500175  0.500305  0.500435  0.500565  0.500695  0.500825  0.500955
  0.501085  0.501215  0.501345  0.501475  0.501605  0.501735  0.501865
  0.501995  0.502125  0.502255  0.502385  0.502515  0.502645  0.502775
  0.502905  0.503035  0.503165  0.503295  0.503425  0.503555  0.503685
  0.503815  0.503945  0.504075  0.504205  0.504335  0.504465  0.504595
  0.504725  0.504855  0.504985  0.505115  0.505245  0.505375  0.505505
  0.505635  0.505765  0.505895  0.506025  0.506155  0.506285  0.506415
  0.506545  0.506675  0.506805  0.506935  0.507065  0.507195  0.507325
  0.507455  0.507585  0.507715  0.507845  0.507975  0.508105  0.508235
  0.508365  0.508495  0.508625  0.508755  0.508885  0.509015  0.509145
  0.509275  0.509405  0.509535  0.509665  0.509795  0.509925  0.510055
  0.510185  0.510315  0.510445  0.510575  0.510705  0.510835  0.510965
  0.511095  0.511225  0.511355  0.511485  0.511615  0.511745  0.511875
  0.512005  0.512135  0.512265  0.512395  0.512525  0.512655  0.512785
  0.512915  0.513045  0.513175  0.513305  0.513435  0.513565  0.513695
  0.513825  0.513955  0.514085  0.514215  0.514345  0.514475  0.514605
  0.514735  0.514865  0.514995  0.515125  0.515255  0.515385  0.515515
  0.515645  0.515775  0.515905  0.516035  0.516165  0.516295  0.516425
  0.516555  0.516685  0.516815  0.516945  0.517075  0.517205  0.517335
  0.517465  0.517595  0.517725  0.517855  0.517985  0.518115  0.518245
  0.518375  0.518505  0.518635  0.518765  0.518895  0.519025  0.519155
  0.519285  0.519415  0.519545  0.519675  0.519805  0.519935  0.520065
  0.520195  0.520325  0.520455  0.520585  0.520715  0.520845  0.520975
  0.521105  0.521235  0.521365  0.521495  0.521625  0.521755  0.521885
  0.522015  0.522145  0.522275  0.522405  0.522535  0.522665  0.522795
  0.522925  0.523055  0.523185  0.523315  0.523445  0.523575  0.523705
  0.523835  0.523965  0.524095  0.524225  0.524355  0.524485  0.524615
  0.524745  0.524875  0.525005  0.525135  0.525265  0.525395  0.525525
  0.525655  0.525785  0.525915  0.526045  0.526175  0.526305  0.526435
  0.526565  0.526695  0.526825  0.526955  0.527085  0.527215  0.527345
  0.527475  0.527605  0.527735  0.527865  0.527995  0.528125  0.528255
  0.528385  0.528515  0.528645  0.528775  0.528905  0.529035  0.529165
  0.529295  0.529425  0.529555  0.529685  0.529815  0.529945  0.530075
  0.530205  0.530335  0.530465  0.530595  0.530725  0.530855  0.530985
  0.531115  0.531245  0.531375  0.531505  0.531635  0.531765  0.531895
  0.532025  0.532155  0.532285  0.532415  0.532545  0.532675  0.532805
  0.532935  0.533065  0.533195  0.533325  0.533455  0.533585  0.533715
  0.533845  0.533975  0.534105  0.534235  0.534365  0.534495  0.534625
  0.534755  0.534885  0.535015  0.535145  0.535275  0.535405  0.535535
  0.535665  0.535795  0.535925  0.536055  0.536185  0.536315  0.536445
  0.536575  0.536705  0.536835  0.536965  0.537095  0.537225  0.537355
  0.537485  0.537615  0.537745  0.537875  0.538005  0.538135  0.538265
  0.538395  0.538525  0.538655  0.538785  0.538915  0.539045  0.539175
  0.539305  0.539435  0.539565  0.539695  0.539825  0.539955  0.540085
  0.540215  0.540345  0.540475  0.540605  0.540735  0.540865  0.540995
  0.541125  0.541255  0.541385  0.541515  0.541645  0.541775  0.541905
  0.542035  0.542165  0.542295  0.542425  0.542555  0.542685  0.542815
  0.542945  0.543075  0.543205  0.543335  0.543465  0.543595  0.543725
  0.543855  0.543985  0.544115  0.544245  0.544375  0.544505  0.544635
  0.544765  0.544895  0.545025  0.545155  0.545285  0.545415  0.545545
  0.545675  0.545805  0.545935  0.546065  0.546195  0.546325  0.546455
  0.546585  0.546715  0.546845  0.546975  0.547105  0.547235  0.547365
  0.547495  0.547625  0.547755  0.547885  0.548015  0.548145  0.548275
  0.548405  0.548535  0.548665  0.548795  0.548925  0.549055  0.549185
  0.549315  0.549445  0.549575  0.549705  0.549835  0.549965  0.550095
  0.550225  0.550355  0.550485  0.550615  0.550745  0.550875  0.551005
  0.551135  0.551265  0.551395  0.551525  0.551655  0.551785  0.551915
  0.552045  0.552175  0.552305  0.552435  0.552565  0.552695  0.552825
  0.552955  0.553085  0.553215  0.553345  0.553475  0.553605  0.553735
  0.553865  0.553995  0.554125  0.554255  0.554385  0.554515  0.554645
  0.554775  0.554905  0.555035  0.555165  0.555295  0.555425  0.555555
  0.555685  0.555815  0.555945  0.556075  0.556205  0.556335  0.556465
  0.556595  0.556725  0.556855  0.556985  0.557115  0.557245  0.557375
  0.557505  0.557635  0.557765  0.557895  0.558025  0.558155  0.558285
  0.558415  0.558545  0.558675  0.558805  0.558935  0.559065  0.559195
  0.559325  0.559455  0.559585  0.559715  0.559845  0.559975  0.560105
  0.560235  0.560365  0.560495  0.560625  0.560755  0.560885  0.561015
  0.561145  0.561275  0.561405  0.561535  0.561665  0.561795  0.561925
  0.562055  0.562185  0.562315  0.562445  0.562575  0.562705  0.562835
  0.562965  0.563095  0.563225  0.563355  0.563485  0.563615  0.563745
  0.563875  0.564005  0.564135  0.564265  0.564395  0.564525  0.564655
  0.564785  0.564915  0.565045  0.565175  0.565305  0.565435  0.565565
  0.565695  0.565825  0.565955  0.566085  0.566215  0.566345  0.566475
  0.566605  0.566735  0.566865  0.566995  0.567125  0.567255  0.567385
  0.567515  0.567645  0.567775  0.567905  0.568035  0.568165  0.568295
  0.568425  0.568555  0.568685  0.568815  0.568945  0.569075  0.569205
  0.569335  0.569465  0.569595  0.569725  0.569855  0.569985  0.570115
  0.570245  0.570375  0.570505  0.570635  0.570765  0.570895  0.571025
  0.571155  0.571285  0.571415  0.571545  0.571675  0.571805  0.571935
  0.572065  0.572195  0.572325  0.572455  0.572585  0.572715  0.572845
  0.572975  0.573105  0.573235  0.573365  0.573495  0.573625  0.573755
  0.573885  0.574015  0.574145  0.574275  0.574405  0.574535  0.574665
  0.574795  0.574925  0.575055  0.575185  0.575315  0.575445  0.575575
  0.575705  0.575835  0.575965  0.576095  0.576225  0.576355  0.576485
  0.576615  0.576745  0.576875  0.577005  0.577135  0.577265  0.577395
  0.577525  0.577655  0.577785  0.577915  0.578045  0.578175  0.578305
  0.578435  0.578565  0.578695  0.578825  0.578955  0.579085  0.579215
  0.579345  0.579475  0.579605  0.579735  0.579865  0.579995  0.580125
  0.580255  0.580385  0.580515  0.580645  0.580775  0.580905  0.581035
  0.581165  0.581295  0.581425  0.581555  0.581685  0.581815  0.581945
  0.582075  0.582205  0.582335  0.582465  0.582595  0.582725  0.582855
  0.582985  0.583115  0.583245  0.583375  0.583505  0.583635  0.583765
  0.583895  0.584025  0.584155  0.584285  0.584415  0.584545  0.584675
  0.584805  0.584935  0.585065  0.585195  0.585325  0.585455  0.585585
  0.585715  0.585845  0.585975  0.586105  0.586235  0.586365  0.586495
  0.586625  0.586755  0.586885  0.587015  0.587145  0.587275  0.587405
  0.587535  0.587665  0.587795  0.587925  0.588055  0.588185  0.588315
  0.588445  0.588575  0.588705  0.588835  0.588965  0.589095  0.589225
  0.589355  0.589485  0.589615  0.589745  0.589875  0.590005  0.590135
  0.590265  0.590395  0.590525  0.590655  0.590785  0.590915  0.591045
  0.591175  0.591305  0.591435  0.591565  0.591695  0.591825  0.591955
  0.592085  0.592215  0.592345  0.592475  0.592605  0.592735  0.592865
  0.592995  0.593125  0.593255  0.593385  0.593515  0.593645  0.593775
  0.593905  0.594035  0.594165  0.594295  0.594425  0.594555  0.594685
  0.594815  0.594945  0.595075  0.595205  0.595335  0.595465  0.595595
  0.595725  0.595855  0.595985  0.596115  0.596245  0.596375  0.596505
  0.596635  0.596765  0.596895  0.597025  0.597155  0.597285  0.597415
  0.597545  0.597675  0.597805  0.597935  0.598065  0.598195  0.598325
  0.598455  0.598585  0.598715  0.598845  0.598975  0.599105  0.599235
  0.599365  0.599495  0.599625  0.599755  0.599885  0.600015  0.600145
  0.600275  0.600405  0.600535  0.600665  0.600795  0.600925  0.601055
  0.601185  0.601315  0.601445  0.601575  0.601705  0.601835  0.601965
  0.602095  0.602225  0.602355  0.602485  0.602615  0.602745  0.602875
  0.603005  0.603135  0.603265  0.603395  0.603525  0.603655  0.603785
  0.603915  0.604045  0.604175  0.604305  0.604435  0.604565  0.604695
  0.604825  0.604955  0.605085  0.605215  0.605345  0.605475  0.605605
  0.605735  0.605865  0.605995  0.606125  0.606255  0.606385  0.606515
  0.606645  0.606775  0.606905  0.607035  0.607165  0.607295  0.607425
  0.607555  0.607685  0.607815  0.607945  0.608075  0.608205  0.608335
  0.608465  0.608595  0.608725  0.608855  0.608985  0.609115  0.609245
  0.609375  0.609505  0.609635  0.609765  0.609895  0.610025  0.610155
  0.610285  0.610415  0.610545  0.610675  0.610805  0.610935  0.611065
  0.611195  0.611325  0.611455  0.611585  0.611715  0.611845  0.611975
  0.612105  0.612235  0.612365  0.612495  0.612625  0.612755  0.612885
  0.613015  0.613145  0.613275  0.613405  0.613535  0.613665  0.613795
  0.613925  0.614055  0.614185  0.614315  0.614445  0.614575  0.614705
  0.614835  0.614965  0.615095  0.615225  0.615355  0.615485  0.615615
  0.615745  0.615875  0.616005  0.616135  0.616265  0.616395  0.616525
  0.616655  0.616785  0.616915  0.617045  0.617175  0.617305  0.617435
  0.617565  0.617695  0.617825  0.617955  0.618085  0.618215  0.618345
  0.618475  0.618605  0.618735  0.618865  0.618995  0.619125  0.619255
  0.619385  0.619515  0.619645  0.619775  0.619905  0.620035  0.620165
  0.620295  0.620425  0.620555  0.620685  0.620815  0.620945  0.621075
  0.621205  0.621335  0.621465  0.621595  0.621725  0.621855  0.621985
  0.622115  0.622245  0.622375  0.622505  0.622635  0.622765  0.622895
  0.623025  0.623155  0.623285  0.623415  0.623545  0.623675  0.623805
  0.623935  0.624065  0.624195  0.624325  0.624455  0.624585  0.624715
  0.624845  0.624975  0.625105  0.625235  0.625365  0.625495  0.625625
  0.625755  0.625885  0.626015  0.626145  0.626275  0.626405  0.626535
  0.626665  0.626795  0.626925  0.627055  0.627185  0.627315  0.627445
  0.627575  0.627705  0.627835  0.627965  0.628095  0.628225  0.628355
  0.628485  0.628615  0.628745  0.628875  0.629005  0.629135  0.629265
  0.629395  0.629525  0.629655  0.629785  0.629915  0.630045  0.630175
  0.630305  0.630435  0.630565  0.630695  0.630825  0.630955  0.631085
  0.631215  0.631345  0.631475  0.631605  0.631735  0.631865  0.631995
  0.632125  0.632255  0.632385  0.632515  0.632645  0.632775  0.632905
  0.633035  0.633165  0.633295  0.633425  0.633555  0.633685  0.633815
  0.633945  0.634075  0.634205  0.634335  0.634465  0.634595  0.634725
  0.634855  0.634985  0.635115  0.635245  0.635375  0.635505  0.635635
  0.635765  0.635895  0.636025  0.636155  0.636285  0.636415  0.636545
  0.636675  0.636805  0.636935  0.637065  0.637195  0.637325  0.637455
  0.637585  0.637715  0.637845  0.637975  0.638105  0.638235  0.638365
  0.638495  0.638625  0.638755  0.638885  0.639015  0.639145  0.639275
  0.639405  0.639535  0.639665  0.639795  0.639925  0.640055  0.640185
  0.640315  0.640445  0.640575  0.640705  0.640835  0.640965  0.641095
  0.641225  0.641355  0.641485  0.641615  0.641745  0.641875  0.642005
  0.642135  0.642265  0.642395  0.642525  0.642655  0.642785  0.642915
  0.643045  0.643175  0.643305  0.643435  0.643565  0.643695  0.643825
  0.643955  0.644085  0.644215  0.644345  0.644475  0.644605  0.644735
  0.644865  0.644995  0.645125  0.645255  0.645385  0.645515  0.645645
  0.645775  0.645905  0.646035  0.646165  0.646295  0.646425  0.646555
  0.646685  0.646815  0.646945  0.647075  0.647205  0.647335  0.647465
  0.647595  0.647725  0.647855  0.647985  0.648115  0.648245  0.648375
  0.648505  0.648635  0.648765  0.648895  0.649025  0.649155  0.649285
  0.649415  0.649545  0.649675  0.649805  0.649935  0.650065  0.650195
  0.650325  0.650455  0.650585  0.650715  0.650845  0.650975  0.651105
  0.651235  0.651365  0.651495  0.651625  0.651755  0.651885  0.652015
  0.652145  0.652275  0.652405  0.652535  0.652665  0.652795  0.652925
  0.653055  0.653185  0.653315  0.653445  0.653575  0.653705  0.653835
  0.653965  0.654095  0.654225  0.654355  0.654485  0.654615  0.654745
  0.654875  0.655005  0.655135  0.655265  0.655395  0.655525  0.655655
  0.655785  0.655915  0.656045  0.656175  0.656305  0.656435  0.656565
  0.656695  0.656825  0.656955  0.657085  0.657215  0.657345  0.657475
  0.657605  0.657735  0.657865  0.657995  0.658125  0.658255  0.658385
  0.658515  0.658645  0.658775  0.658905  0.659035  0.659165  0.659295
  0.659425  0.659555  0.659685  0.659815  0.659945  0.660075  0.660205
  0.660335  0.660465  0.660595  0.660725  0.660855  0.660985  0.661115
  0.661245  0.661375  0.661505  0.661635  0.661765  0.661895  0.662025
  0.662155  0.662285  0.662415  0.662545  0.662675  0.662805  0.662935
  0.663065  0.663195  0.663325  0.663455  0.663585  0.663715  0.663845
  0.663975  0.664105  0.664235  0.664365  0.664495  0.664625  0.664755
  0.664885  0.665015  0.665145  0.665275  0.665405  0.665535  0.665665
  0.665795  0.665925  0.666055  0.666185  0.666315  0.666445  0.666575
  0.666705  0.666835  0.666965  0.667095  0.667225  0.667355  0.667485
  0.667615  0.667745  0.667875  0.668005  0.668135  0.668265  0.668395
  0.668525  0.668655  0.668785  0.668915  0.669045  0.669175  0.669305
  0.669435  0.669565  0.669695  0.669825  0.669955  0.670085  0.670215
  0.670345  0.670475  0.670605  0.670735  0.670865  0.670995  0.671125
  0.671255  0.671385  0.671515  0.671645  0.671775  0.671905  0.672035
  0.672165  0.672295  0.672425  0.672555  0.672685  0.672815  0.672945
  0.673075  0.673205  0.673335  0.673465  0.673595  0.673725  0.673855
  0.673985  0.674115  0.674245  0.674375  0.674505  0.674635  0.674765
  0.674895  0.675025  0.675155  0.675285  0.675415  0.675545  0.675675
  0.675805  0.675935  0.676065  0.676195  0.676325  0.676455  0.676585
  0.676715  0.676845  0.676975  0.677105  0.677235  0.677365  0.677495
  0.677625  0.677755  0.677885  0.678015  0.678145  0.678275  0.678405
  0.678535  0.678665  0.678795  0.678925  0.679055  0.679185  0.679315
  0.679445  0.679575  0.679705  0.679835  0.679965  0.680095  0.680225
  0.680355  0.680485  0.680615  0.680745  0.680875  0.681005  0.681135
  0.681265  0.681395  0.681525  0.681655  0.681785  0.681915  0.682045
  0.682175  0.682305  0.682435  0.682565  0.682695  0.682825  0.682955
  0.683085  0.683215  0.683345  0.683475  0.683605  0.683735  0.683865
  0.683995  0.684125  0.684255  0.684385  0.684515  0.684645  0.684775
  0.684905  0.685035  0.685165  0.685295  0.685425  0.685555  0.685685
  0.685815  0.685945  0.686075  0.686205  0.686335  0.686465  0.686595
  0.686725  0.686855  0.686985  0.687115  0.687245  0.687375  0.687505
  0.687635  0.687765  0.687895  0.688025  0.688155  0.688285  0.688415
  0.688545  0.688675  0.688805  0.688935  0.689065  0.689195  0.689325
  0.689455  0.689585  0.689715  0.689845  0.689975  0.690105  0.690235
  0.690365  0.690495  0.690625  0.690755  0.690885  0.691015  0.691145
  0.691275  0.691405  0.691535  0.691665  0.691795  0.691925  0.692055
  0.692185  0.692315  0.692445  0.692575  0.692705  0.692835  0.692965
  0.693095  0.693225  0.693355  0.693485  0.693615  0.693745  0.693875
  0.694005  0.694135  0.694265  0.694395  0.694525  0.694655  0.694785
  0.694915  0.695045  0.695175  0.695305  0.695435  0.695565  0.695695
  0.695825  0.695955  0.696085  0.696215  0.696345  0.696475  0.696605
  0.696735  0.696865  0.696995  0.697125  0.697255  0.697385  0.697515
  0.697645  0.697775  0.697905  0.698035  0.698165  0.698295  0.698425
  0.698555  0.698685  0.698815  0.698945  0.699075  0.699205  0.699335
  0.699465  0.699595  0.699725  0.699855  0.699985  0.700115  0.700245
  0.700375  0.700505  0.700635  0.700765  0.700895  0.701025  0.701155
  0.701285  0.701415  0.701545  0.701675  0.701805  0.701935  0.702065
  0.702195  0.702325  0.702455  0.702585  0.702715  0.702845  0.702975
  0.703105  0.703235  0.703365  0.703495  0.703625  0.703755  0.703885
  0.704015  0.704145  0.704275  0.704405  0.704535  0.704665  0.704795
  0.704925  0.705055  0.705185  0.705315  0.705445  0.705575  0.705705
  0.705835  0.705965  0.706095  0.706225  0.706355  0.706485  0.706615
  0.706745  0.706875  0.707005  0.707135  0.707265  0.707395  0.707525
  0.707655  0.707785  0.707915  0.708045  0.708175  0.708305  0.708435
  0.708565  0.708695  0.708825  0.708955  0.709085  0.709215  0.709345
  0.709475  0.709605  0.709735  0.709865  0.709995  0.710125  0.710255
  0.710385  0.710515  0.710645  0.710775  0.710905  0.711035  0.711165
  0.711295  0.711425  0.711555  0.711685  0.711815  0.711945  0.712075
  0.712205  0.712335  0.712465  0.712595  0.712725  0.712855  0.712985
  0.713115  0.713245  0.713375  0.713505  0.713635  0.713765  0.713895
  0.714025  0.714155  0.714285  0.714415  0.714545  0.714675  0.714805
  0.714935  0.715065  0.715195  0.715325  0.715455  0.715585  0.715715
  0.715845  0.715975  0.716105  0.716235  0.716365  0.716495  0.716625
  0.716755  0.716885  0.717015  0.717145  0.717275  0.717405  0.717535
  0.717665  0.717795  0.717925  0.718055  0.718185  0.718315  0.718445
  0.718575  0.718705  0.718835  0.718965  0.719095  0.719225  0.719355
  0.719485  0.719615  0.719745  0.719875  0.720005  0.720135  0.720265
  0.720395  0.720525  0.720655  0.720785  0.720915  0.721045  0.721175
  0.721305  0.721435  0.721565  0.721695  0.721825  0.721955  0.722085
  0.722215  0.722345  0.722475  0.722605  0.722735  0.722865  0.722995
  0.723125  0.723255  0.723385  0.723515  0.723645  0.723775  0.723905
  0.724035  0.724165  0.724295  0.724425  0.724555  0.724685  0.724815
  0.724945  0.725075  0.725205  0.725335  0.725465  0.725595  0.725725
  0.725855  0.725985  0.726115  0.726245  0.726375  0.726505  0.726635
  0.726765  0.726895  0.727025  0.727155  0.727285  0.727415  0.727545
  0.727675  0.727805  0.727935  0.728065  0.728195  0.728325  0.728455
  0.728585  0.728715  0.728845  0.728975  0.729105  0.729235  0.729365
  0.729495  0.729625  0.729755  0.729885  0.730015  0.730145  0.730275
  0.730405  0.730535  0.730665  0.730795  0.730925  0.731055  0.731185
  0.731315  0.731445  0.731575  0.731705  0.731835  0.731965  0.732095
  0.732225  0.732355  0.732485  0.732615  0.732745  0.732875  0.733005
  0.733135  0.733265  0.733395  0.733525  0.733655  0.733785  0.733915
  0.734045  0.734175  0.734305  0.734435  0.734565  0.734695  0.734825
  0.734955  0.735085  0.735215  0.735345  0.735475  0.735605  0.735735
  0.735865  0.735995  0.736125  0.736255  0.736385  0.736515  0.736645
  0.736775  0.736905  0.737035  0.737165  0.737295  0.737425  0.737555
  0.737685  0.737815  0.737945  0.738075  0.738205  0.738335  0.738465
  0.738595  0.738725  0.738855  0.738985  0.739115  0.739245  0.739375
  0.739505  0.739635  0.739765  0.739895  0.740025  0.740155  0.740285
  0.740415  0.740545  0.740675  0.740805  0.740935  0.741065  0.741195
  0.741325  0.741455  0.741585  0.741715  0.741845  0.741975  0.742105
  0.742235  0.742365  0.742495  0.742625  0.742755  0.742885  0.743015
  0.743145  0.743275  0.743405  0.743535  0.743665  0.743795  0.743925
  0.744055  0.744185  0.744315  0.744445  0.744575  0.744705  0.744835
  0.744965  0.745095  0.745225  0.745355  0.745485  0.745615  0.745745
  0.745875  0.746005  0.746135  0.746265  0.746395  0.746525  0.746655
  0.746785  0.746915  0.747045  0.747175  0.747305  0.747435  0.747565
  0.747695  0.747825  0.747955  0.748085  0.748215  0.748345  0.748475
  0.748605  0.748735  0.748865  0.748995  0.749125  0.749255  0.749385
  0.749515  0.749645  0.749775  0.749905  0.750035  0.750165  0.750295
  0.750425  0.750555  0.750685  0.750815  0.750945  0.751075  0.751205
  0.751335  0.751465  0.751595  0.751725  0.751855  0.751985  0.752115
  0.752245  0.752375  0.752505  0.752635  0.752765  0.752895  0.753025
  0.753155  0.753285  0.753415  0.753545  0.753675  0.753805  0.753935
  0.754065  0.754195  0.754325  0.754455  0.754585  0.754715  0.754845
  0.754975  0.755105  0.755235  0.755365  0.755495  0.755625  0.755755
  0.755885  0.756015  0.756145  0.756275  0.756405  0.756535  0.756665
  0.756795  0.756925  0.757055  0.757185  0.757315  0.757445  0.757575
  0.757705  0.757835  0.757965  0.758095  0.758225  0.758355  0.758485
  0.758615  0.758745  0.758875  0.759005  0.759135  0.759265  0.759395
  0.759525  0.759655  0.759785  0.759915  0.760045  0.760175  0.760305
  0.760435  0.760565  0.760695  0.760825  0.760955  0.761085  0.761215
  0.761345  0.761475  0.761605  0.761735  0.761865  0.761995  0.762125
  0.762255  0.762385  0.762515  0.762645  0.762775  0.762905  0.763035
  0.763165  0.763295  0.763425  0.763555  0.763685  0.763815  0.763945
  0.764075  0.764205  0.764335  0.764465  0.764595  0.764725  0.764855
  0.764985  0.765115  0.765245  0.765375  0.765505  0.765635  0.765765
  0.765895  0.766025  0.766155  0.766285  0.766415  0.766545  0.766675
  0.766805  0.766935  0.767065  0.767195  0.767325  0.767455  0.767585
  0.767715  0.767845  0.767975  0.768105  0.768235  0.768365  0.768495
  0.768625  0.768755  0.768885  0.769015  0.769145  0.769275  0.769405
  0.769535  0.769665  0.769795  0.769925  0.770055  0.770185  0.770315
  0.770445  0.770575  0.770705  0.770835  0.770965  0.771095  0.771225
  0.771355  0.771485  0.771615  0.771745  0.771875  0.772005  0.772135
  0.772265  0.772395  0.772525  0.772655  0.772785  0.772915  0.773045
  0.773175  0.773305  0.773435  0.773565  0.773695  0.773825  0.773955
  0.774085  0.774215  0.774345  0.774475  0.774605  0.774735  0.774865
  0.774995  0.775125  0.775255  0.775385  0.775515  0.775645  0.775775
  0.775905  0.776035  0.776165  0.776295  0.776425  0.776555  0.776685
  0.776815  0.776945  0.777075  0.777205  0.777335  0.777465  0.777595
  0.777725  0.777855  0.777985  0.778115  0.778245  0.778375  0.778505
  0.778635  0.778765  0.778895  0.779025  0.779155  0.779285  0.779415
  0.779545  0.779675  0.779805  0.779935  0.780065  0.780195  0.780325
  0.780455  0.780585  0.780715  0.780845  0.780975  0.781105  0.781235
  0.781365  0.781495  0.781625  0.781755  0.781885  0.782015  0.782145
  0.782275  0.782405  0.782535  0.782665  0.782795  0.782925  0.783055
  0.783185  0.783315  0.783445  0.783575  0.783705  0.783835  0.783965
  0.784095  0.784225  0.784355  0.784485  0.784615  0.784745  0.784875
  0.785005  0.785135  0.785265  0.785395  0.785525  0.785655  0.785785
  0.785915  0.786045  0.786175  0.786305  0.786435  0.786565  0.786695
  0.786825  0.786955  0.787085  0.787215  0.787345  0.787475  0.787605
  0.787735  0.787865  0.787995  0.788125  0.788255  0.788385  0.788515
  0.788645  0.788775  0.788905  0.789035  0.789165  0.789295  0.789425
  0.789555  0.789685  0.789815  0.789945  0.790075  0.790205  0.790335
  0.790465  0.790595  0.790725  0.790855  0.790985  0.791115  0.791245
  0.791375  0.791505  0.791635  0.791765  0.791895  0.792025  0.792155
  0.792285  0.792415  0.792545  0.792675  0.792805  0.792935  0.793065
  0.793195  0.793325  0.793455  0.793585  0.793715  0.793845  0.793975
  0.794105  0.794235  0.794365  0.794495  0.794625  0.794755  0.794885
  0.795015  0.795145  0.795275  0.795405  0.795535  0.795665  0.795795
  0.795925  0.796055  0.796185  0.796315  0.796445  0.796575  0.796705
  0.796835  0.796965  0.797095  0.797225  0.797355  0.797485  0.797615
  0.797745  0.797875  0.798005  0.798135  0.798265  0.798395  0.798525
  0.798655  0.798785  0.798915  0.799045  0.799175  0.799305  0.799435
  0.799565  0.799695  0.799825  0.799955  0.800085  0.800215  0.800345
  0.800475  0.800605  0.800735  0.800865  0.800995  0.801125  0.801255
  0.801385  0.801515  0.801645  0.801775  0.801905  0.802035  0.802165
  0.802295  0.802425  0.802555  0.802685  0.802815  0.802945  0.803075
  0.803205  0.803335  0.803465  0.803595  0.803725  0.803855  0.803985
  0.804115  0.804245  0.804375  0.804505  0.804635  0.804765  0.804895
  0.805025  0.805155  0.805285  0.805415  0.805545  0.805675  0.805805
  0.805935  0.806065  0.806195  0.806325  0.806455  0.806585  0.806715
  0.806845  0.806975  0.807105  0.807235  0.807365  0.807495  0.807625
  0.807755  0.807885  0.808015  0.808145  0.808275  0.808405  0.808535
  0.808665  0.808795  0.808925  0.809055  0.809185  0.809315  0.809445
  0.809575  0.809705  0.809835  0.809965  0.810095  0.810225  0.810355
  0.810485  0.810615  0.810745  0.810875  0.811005  0.811135  0.811265
  0.811395  0.811525  0.811655  0.811785  0.811915  0.812045  0.812175
  0.812305  0.812435  0.812565  0.812695  0.812825  0.812955  0.813085
  0.813215  0.813345  0.813475  0.813605  0.813735  0.813865  0.813995
  0.814125  0.814255  0.814385  0.814515  0.814645  0.814775  0.814905
  0.815035  0.815165  0.815295  0.815425  0.815555  0.815685  0.815815
  0.815945  0.816075  0.816205  0.816335  0.816465  0.816595  0.816725
  0.816855  0.816985  0.817115  0.817245  0.817375  0.817505  0.817635
  0.817765  0.817895  0.818025  0.818155  0.818285  0.818415  0.818545
  0.818675  0.818805  0.818935  0.819065  0.819195  0.819325  0.819455
  0.819585  0.819715  0.819845  0.819975  0.820105  0.820235  0.820365
  0.820495  0.820625  0.820755  0.820885  0.821015  0.821145  0.821275
  0.821405  0.821535  0.821665  0.821795  0.821925  0.822055  0.822185
  0.822315  0.822445  0.822575  0.822705  0.822835  0.822965  0.823095
  0.823225  0.823355  0.823485  0.823615  0.823745  0.823875  0.824005
  0.824135  0.824265  0.824395  0.824525  0.824655  0.824785  0.824915
  0.825045  0.825175  0.825305  0.825435  0.825565  0.825695  0.825825
  0.825955  0.826085  0.826215  0.826345  0.826475  0.826605  0.826735
  0.826865  0.826995  0.827125  0.827255  0.827385  0.827515  0.827645
  0.827775  0.827905  0.828035  0.828165  0.828295  0.828425  0.828555
  0.828685  0.828815  0.828945  0.829075  0.829205  0.829335  0.829465
  0.829595  0.829725  0.829855  0.829985  0.830115  0.830245  0.830375
  0.830505  0.830635  0.830765  0.830895  0.831025  0.831155  0.831285
  0.831415  0.831545  0.831675  0.831805  0.831935  0.832065  0.832195
  0.832325  0.832455  0.832585  0.832715  0.832845  0.832975  0.833105
  0.833235  0.833365  0.833495  0.833625  0.833755  0.833885  0.834015
  0.834145  0.834275  0.834405  0.834535  0.834665  0.834795  0.834925
  0.835055  0.835185  0.835315  0.835445  0.835575  0.835705  0.835835
  0.835965  0.836095  0.836225  0.836355  0.836485  0.836615  0.836745
  0.836875  0.837005  0.837135  0.837265  0.837395  0.837525  0.837655
  0.837785  0.837915  0.838045  0.838175  0.838305  0.838435  0.838565
  0.838695  0.838825  0.838955  0.839085  0.839215  0.839345  0.839475
  0.839605  0.839735  0.839865  0.839995  0.840125  0.840255  0.840385
  0.840515  0.840645  0.840775  0.840905  0.841035  0.841165  0.841295
  0.841425  0.841555  0.841685  0.841815  0.841945  0.842075  0.842205
  0.842335  0.842465  0.842595  0.842725  0.842855  0.842985  0.843115
  0.843245  0.843375  0.843505  0.843635  0.843765  0.843895  0.844025
  0.844155  0.844285  0.844415  0.844545  0.844675  0.844805  0.844935
  0.845065  0.845195  0.845325  0.845455  0.845585  0.845715  0.845845
  0.845975  0.846105  0.846235  0.846365  0.846495  0.846625  0.846755
  0.846885  0.847015  0.847145  0.847275  0.847405  0.847535  0.847665
  0.847795  0.847925  0.848055  0.848185  0.848315  0.848445  0.848575
  0.848705  0.848835  0.848965  0.849095  0.849225  0.849355  0.849485
  0.849615  0.849745  0.849875  0.850005  0.850135  0.850265  0.850395
  0.850525  0.850655  0.850785  0.850915  0.851045  0.851175  0.851305
  0.851435  0.851565  0.851695  0.851825  0.851955  0.852085  0.852215
  0.852345  0.852475  0.852605  0.852735  0.852865  0.852995  0.853125
  0.853255  0.853385  0.853515  0.853645  0.853775  0.853905  0.854035
  0.854165  0.854295  0.854425  0.854555  0.854685  0.854815  0.854945
  0.855075  0.855205  0.855335  0.855465  0.855595  0.855725  0.855855
  0.855985  0.856115  0.856245  0.856375  0.856505  0.856635  0.856765
  0.856895  0.857025  0.857155  0.857285  0.857415  0.857545  0.857675
  0.857805  0.857935  0.858065  0.858195  0.858325  0.858455  0.858585
  0.858715  0.858845  0.858975  0.859105  0.859235  0.859365  0.859495
  0.859625  0.859755  0.859885  0.860015  0.860145  0.860275  0.860405
  0.860535  0.860665  0.860795  0.860925  0.861055  0.861185  0.861315
  0.861445  0.861575  0.861705  0.861835  0.861965  0.862095  0.862225
  0.862355  0.862485  0.862615  0.862745  0.862875  0.863005  0.863135
  0.863265  0.863395  0.863525  0.863655  0.863785  0.863915  0.864045
  0.864175  0.864305  0.864435  0.864565  0.864695  0.864825  0.864955
  0.865085  0.865215  0.865345  0.865475  0.865605  0.865735  0.865865
  0.865995  0.866125  0.866255  0.866385  0.866515  0.866645  0.866775
  0.866905  0.867035  0.867165  0.867295  0.867425  0.867555  0.867685
  0.867815  0.867945  0.868075  0.868205  0.868335  0.868465  0.868595
  0.868725  0.868855  0.868985  0.869115  0.869245  0.869375  0.869505
  0.869635  0.869765  0.869895  0.870025  0.870155  0.870285  0.870415
  0.870545  0.870675  0.870805  0.870935  0.871065  0.871195  0.871325
  0.871455  0.871585  0.871715  0.871845  0.871975  0.872105  0.872235
  0.872365  0.872495  0.872625  0.872755  0.872885  0.873015  0.873145
  0.873275  0.873405  0.873535  0.873665  0.873795  0.873925  0.874055
  0.874185  0.874315  0.874445  0.874575  0.874705  0.874835  0.874965
  0.875095  0.875225  0.875355  0.875485  0.875615  0.875745  0.875875
  0.876005  0.876135  0.876265  0.876395  0.876525  0.876655  0.876785
  0.876915  0.877045  0.877175  0.877305  0.877435  0.877565  0.877695
  0.877825  0.877955  0.878085  0.878215  0.878345  0.878475  0.878605
  0.878735  0.878865  0.878995  0.879125  0.879255  0.879385  0.879515
  0.879645  0.879775  0.879905  0.880035  0.880165  0.880295  0.880425
  0.880555  0.880685  0.880815  0.880945  0.881075  0.881205  0.881335
  0.881465  0.881595  0.881725  0.881855  0.881985  0.882115  0.882245
  0.882375  0.882505  0.882635  0.882765  0.882895  0.883025  0.883155
  0.883285  0.883415  0.883545  0.883675  0.883805  0.883935  0.884065
  0.884195  0.884325  0.884455  0.884585  0.884715  0.884845  0.884975
  0.885105  0.885235  0.885365  0.885495  0.885625  0.885755  0.885885
  0.886015  0.886145  0.886275  0.886405  0.886535  0.886665  0.886795
  0.886925  0.887055  0.887185  0.887315  0.887445  0.887575  0.887705
  0.887835  0.887965  0.888095  0.888225  0.888355  0.888485  0.888615
  0.888745  0.888875  0.889005  0.889135  0.889265  0.889395  0.889525
  0.889655  0.889785  0.889915  0.890045  0.890175  0.890305  0.890435
  0.890565  0.890695  0.890825  0.890955  0.891085  0.891215  0.891345
  0.891475  0.891605  0.891735  0.891865  0.891995  0.892125  0.892255
  0.892385  0.892515  0.892645  0.892775  0.892905  0.893035  0.893165
  0.893295  0.893425  0.893555  0.893685  0.893815  0.893945  0.894075
  0.894205  0.894335  0.894465  0.894595  0.894725  0.894855  0.894985
  0.895115  0.895245  0.895375  0.895505  0.895635  0.895765  0.895895
  0.896025  0.896155  0.896285  0.896415  0.896545  0.896675  0.896805
  0.896935  0.897065  0.897195  0.897325  0.897455  0.897585  0.897715
  0.897845  0.897975  0.898105  0.898235  0.898365  0.898495  0.898625
  0.898755  0.898885  0.899015  0.899145  0.899275  0.899405  0.899535
  0.899665  0.899795  0.899925  0.900055  0.900185  0.900315  0.900445
  0.900575  0.900705  0.900835  0.900965  0.901095  0.901225  0.901355
  0.901485  0.901615  0.901745  0.901875  0.902005  0.902135  0.902265
  0.902395  0.902525  0.902655  0.902785  0.902915  0.903045  0.903175
  0.903305  0.903435  0.903565  0.903695  0.903825  0.903955  0.904085
  0.904215  0.904345  0.904475  0.904605  0.904735  0.904865  0.904995
  0.905125  0.905255  0.905385  0.905515  0.905645  0.905775  0.905905
  0.906035  0.906165  0.906295  0.906425  0.906555  0.906685  0.906815
  0.906945  0.907075  0.907205  0.907335  0.907465  0.907595  0.907725
  0.907855  0.907985  0.908115  0.908245  0.908375  0.908505  0.908635
  0.908765  0.908895  0.909025  0.909155  0.909285  0.909415  0.909545
  0.909675  0.909805  0.909935  0.910065  0.910195  0.910325  0.910455
  0.910585  0.910715  0.910845  0.910975  0.911105  0.911235  0.911365
  0.911495  0.911625  0.911755  0.911885  0.912015  0.912145  0.912275
  0.912405  0.912535  0.912665  0.912795  0.912925  0.913055  0.913185
  0.913315  0.913445  0.913575  0.913705  0.913835  0.913965  0.914095
  0.914225  0.914355  0.914485  0.914615  0.914745  0.914875  0.915005
  0.915135  0.915265  0.915395  0.915525  0.915655  0.915785  0.915915
  0.916045  0.916175  0.916305  0.916435  0.916565  0.916695  0.916825
  0.916955  0.917085  0.917215  0.917345  0.917475  0.917605  0.917735
  0.917865  0.917995  0.918125  0.918255  0.918385  0.918515  0.918645
  0.918775  0.918905  0.919035  0.919165  0.919295  0.919425  0.919555
  0.919685  0.919815  0.919945  0.920075  0.920205  0.920335  0.920465
  0.920595  0.920725  0.920855  0.920985  0.921115  0.921245  0.921375
  0.921505  0.921635  0.921765  0.921895  0.922025  0.922155  0.922285
  0.922415  0.922545  0.922675  0.922805  0.922935  0.923065  0.923195
  0.923325  0.923455  0.923585  0.923715  0.923845  0.923975]
