[    590.08041161     690.40705237     582.99669496     703.96373893
     633.08093706     859.74366331     758.26595022     679.4967187
     763.88541442    1486.5671738     1543.36021538     559.51327728
     640.02392745     862.75513729     674.78002379     566.17049587
     588.54988091     600.13120448     452.7775529      505.08638747
     449.13567698     493.79070616     368.8455094      409.64735259
     560.88692927     289.72136749     306.94408225     478.22887682
     407.22200517     503.757362       589.09746601     574.1219068
     647.89592804     582.14863544     744.34935813     600.04149861
     693.17460243     577.92299211     522.42913125     618.02492391
     476.04103953     512.33963779     526.86536797     525.00892739
     458.21668148     501.18524275     498.73777658     405.58628998
     379.3214735      376.78343971     308.03911262     371.39917448
     323.57459163     382.46760811     509.12745994     495.76876028
     548.65035137     678.16201576     449.08574944     654.10109298
     602.78568449     799.29834625     653.84572373     608.55224865
     695.20055896     530.90484758     589.17249435     732.0463474
     585.61022187     581.5428728      545.00343124     695.55111083
     562.40845926     563.00160251     519.90942697     625.94700693
     783.32559915     522.61952166     676.53013342     698.49424473
     622.39614592     514.77955661     732.77361049     719.21407803
     702.44793324     750.68846262     692.92818726     751.26590039
     667.88086125     689.49091519     602.38567188     794.98410854
     698.27794233     674.58366875     633.26474528     682.17736053
     672.64510487     652.7037069      730.91330214     646.43521893
     506.39453356     639.89227627     599.55594697     712.14994097
     739.15046535     743.37096585     692.13382236     641.521708
     725.46503262     823.39631241     750.19163144     530.41135413
     582.17039154     757.56084698     612.52446636     841.15759856
     613.16756212     577.28696546     689.98701053     533.15776273
     533.37785584     586.50543995     790.22277739     781.07609324
     691.63791475     538.92487565     799.3655787      621.00182162
     668.7724207      724.07056986     656.51756711     489.25304923
     448.89527942     425.80755627     745.22959231     805.81036837
     558.60060768     602.33802289     880.49935193     709.01439542
     630.34136514     628.16177318     670.93147295     722.07126227
     677.21198103     725.58251646     651.49329885     596.01396175
     675.55890018     636.36432454     580.62948947     654.4399509
     507.16488073     609.49638184     480.16726148     531.97413613
     522.98997951     511.23319105     551.75203864     652.27058231
     614.28519399     523.50382529     656.57734733     645.36754256
     700.85782364     639.39262089     670.76007106     562.90457131
     648.77942132     670.25962132     644.26316836     646.26230595
     707.015778       690.14672053     693.78955719     760.77488514
     673.42980803     651.93388626     639.04705042     658.71121209
     702.1887822      851.10537814     780.77857942     786.25212139
     747.33831523     668.87821138     586.12832978     613.71875898
     769.12760019     698.84074385     793.76342437     722.37795775
     647.67788333     641.60294882     685.24143264     763.21324205
     883.49456069     738.79966599    1046.95895655     742.11872985
     833.95133432     719.51065485     847.58209209    1010.79586086
     893.2267109      857.10510301     959.09073056     847.51297227
     792.8534111      881.83814634     794.77389568     897.39331287
     764.92208914     834.88722923     678.15787773     766.72334628
     779.16018321     812.30323627     711.36349392     905.92407985
     699.17471854     695.84451495     789.75058046     733.99047865
     874.85944783     711.30611977     712.32288911     634.47413569
     677.30163236     604.42242588     772.16696963     710.61129372
     629.85008872     650.23093983     735.38912227     822.15275566
     872.34176657     794.52447669     675.00409135     790.18947315
     791.27331272     810.07443155     732.14667937     808.27087796
     829.61233945     711.08511159     843.91426881     821.31465494
     643.5448703      685.04023835     598.61759377     523.2627944
     782.47761815     794.74722051     814.15709303     724.10794506
     665.32813073     733.34040431     669.96744843     749.3127676
     688.34752167     670.4935579      724.70837462     646.89926695
     796.32493588     804.5226916      790.82777779     752.34534484
     746.94926273     712.70265979     846.30108155     871.8832947
     710.56269485     807.42988426     852.11353826     756.91096117
     678.61705494     626.89929643     735.10558924     724.61213063
     721.57155798     832.40999969     832.88670771     757.48630832
     699.86203195     508.51319944     722.42537076     649.65688011
     770.09554702     828.16370995     790.83557404     773.12130346
     698.40292339     723.4420903      738.88461045     765.30964029
     726.64872213     740.04104473     747.094126       625.13881226
     777.13094151     846.36332336     767.84000858     800.83815621
     814.32865039     732.92661505     585.4682826      541.21479825
     548.19036943     560.16281045     594.07988492     614.88413677
     732.00228566     708.47337506     649.0918731      682.11530884
     720.00154116     766.65821037     924.8933065      838.61352954
     929.94793618     793.59441311     853.25329305     823.71373682
     722.12879678     453.55654192     586.5784787      684.98373763
     691.30193942     763.90439228     765.66041892     784.45524354
     761.36937682     732.21690206     765.60581052     783.55907366
     652.77226525     589.25378403     633.88391083     634.45995907
     727.96329149     760.27470592     823.39706265     793.27335827
     842.42584131     933.02954567     700.10798746     676.28363705
     812.43790411     732.38859243     767.89867875     876.0061159
     733.62126262     739.51607864     947.43832532     847.70875467
     765.90349466     822.50190318     753.49995565     866.56344126
     891.0199222      766.27689937     775.9848212      821.85896478
     695.86541684     777.89586191     896.57250818     916.29184905
     940.06582223     848.06314721     840.08129545     675.16675109
     661.39481905     796.38080071     759.26149236     702.44896426
     742.70997074     775.42463504     869.64255274     897.56768595
     820.36143192     930.65618234     842.7111462      839.39457528
     791.47962184     860.36760276     980.02281417     813.7710614
     998.50278277    1010.08232001    1030.69648726    1054.03768185
     948.13076543    1172.79107158    1043.36610841     968.91627116
    1074.97436776     968.63361559     881.20781765    1048.2603112
     997.64073537     898.87020359     879.29381216     991.93004071
    1093.24695223    1064.48968263     937.52269818     783.884571
    1061.30654309     956.32668309     886.15919385     827.63110718
     996.00187528    1033.76843843    1055.96235723     956.2265711
     915.14291838     857.73643101     929.63058163    1131.23564821
    1030.13124721    1058.77084627     984.73679477    1002.86174448
     908.79052434     911.17676964     848.89805708     893.43475436
     844.62212945     877.24531299     933.66288652     991.34622917
     969.11618356     881.35452633     889.82818597     770.27966848
     937.64464865     820.07335453     824.83223659     937.50449717
     987.68401691    1059.90698851     961.32799189     948.88413747
     964.99959315     942.91573464     879.81652399     884.98368792
    1042.61600482    1010.97312028    1004.97684183     982.90696491
     907.61260598     965.88531873    1000.49884096     996.83700523
     935.90516571     954.36324163    1007.40488496    1036.72459458
    1036.72433401    1052.45994213     947.86671362    1094.4871128
    1029.43122107    1144.44724817    1132.11622921    1047.49527772
     928.961011      1054.59989664     964.75517128     997.65236264
     972.62791578     971.52007126     972.48245033     951.81667113
     965.59964755    1050.56566975     989.878691      1065.14437002
     982.24945967     953.91623653    1042.39589293     936.72724794
    1024.94771738    1015.75090313    1133.03628087    1000.48317193
    1069.10146006    1101.68906073    1110.62949212    1117.17175617
    1084.05123322    1176.56724601    1156.95697071    1104.12196851
    1063.60590755    1170.02682622     967.93326093     949.76107366
    1121.82705553     944.28336718    1117.30830122    1034.45845713
     972.7108234     1086.47582375    1130.29886083    1135.77579127
    1065.49443756    1123.41274867    1048.06310447     988.91514507
    1065.92164679    1076.88915405    1065.40170029    1068.45346312
     988.54379128    1095.93508071    1011.9698321     1062.03605215
    1053.37686641    1031.59292526    1049.41366228     959.2803411
    1048.32203869     995.29313294    1069.56626109    1084.24128738
    1000.29700492    1101.7897299     1103.49321444    1030.72077927
     991.96012391    1084.11871659     966.05510063     990.41888451
    1012.0755547     1050.09977709     919.61521274    1021.00935753
    1084.3408767     1127.39913373    1009.66380203    1024.54983239
    1122.12177177    1197.82148189    1117.91286584    1059.64958724
     949.68784927    1036.51481176    1081.15176313    1072.14462758
    1046.06174589    1054.95933021    1080.0885932     1060.95996708
    1107.06028483    1080.65046586    1123.60772957    1160.0364635
    1083.22025564    1057.14283314    1124.98266156    1112.52287123
    1089.95733382    1054.98312688    1064.62320172    1035.56043211
     952.47126694    1032.15717386    1083.66736166    1026.60146858
     999.57736611     949.88737901     836.60923666     902.52340237
    1104.85681791    1076.83266769    1016.95276962    1051.07312273
    1104.12314291     988.15770064    1138.05821294    1157.5091877
    1199.13680463    1081.01124707    1109.65408522    1009.49916816
    1070.64633129     934.4694498      927.64763533    1013.88992302
    1106.78507597    1147.23961478    1054.33080019    1067.88040228
    1118.11659914    1137.88918855    1000.16935114    1065.5711123
    1081.43147264    1072.63358281    1128.43912873    1165.2665771
    1024.22011284     934.89444981    1085.23861629    1106.71400641
    1029.14512505    1060.92569253    1020.43173081    1087.36818857
    1072.6304957     1068.50900614    1070.44098696    1042.21940987
    1033.54869258    1007.14137633    1062.24189464    1131.78928559
    1032.93030382    1124.28008268    1047.74621058    1091.71956895
    1030.79012953     995.86462912     972.98784139    1070.28182216
    1052.41383609    1156.86048745    1116.32441639    1008.41406881
    1024.0972321     1139.20564564    1202.54445706    1130.71639989
     985.04042964    1027.66191931    1117.41451453    1154.02170359
    1211.4151819     1077.0328669     1086.11263497    1076.12094249
    1148.33772235    1041.20509654     992.94686683    1025.55427397
    1046.51264927    1043.67375105    1137.05546574    1109.42329143
     973.91426219    1073.35776683    1089.22949141    1083.72618572
    1033.43606351    1043.54705636     985.92973737     994.70560221
    1050.96064501    1072.33066541     991.22818399    1042.18889434
    1028.45865124    1037.44273711    1012.74016716     951.80928928
    1082.22360768    1108.89559425    1106.44294017    1117.35587344
    1152.39025502    1127.11514587    1205.57038952    1129.47973333
    1111.14130055    1184.08710415    1282.36218391    1111.74517633
    1096.96057612    1088.14970068    1113.49793356    1054.98922328
    1096.97648432    1217.19036849    1134.82560052    1183.91650252
    1083.24522636    1125.7728374     1080.28046073    1047.27911123
    1124.45254689    1175.74905833    1125.74831756    1112.57500935
    1032.83340567    1044.5415471     1137.55568306    1118.77170512
    1130.49295709    1168.46620654    1178.36384912    1229.63492438
    1214.55830644    1189.44439369    1231.30204078    1224.54259481
    1282.80462056    1146.84473951    1206.23855567    1207.98655926
    1244.75277574    1262.60316498    1169.55392427    1165.55948039
    1189.39334121    1377.06801643    1230.57248801    1167.12503663
    1361.66387584    1314.53633554    1268.81870355    1228.74596058
    1308.22342187    1228.6102524     1187.0875571     1307.15109392
    1295.55898055    1079.03006583    1123.62074153    1180.51234294
    1165.89394985    1112.19956999    1014.58184066    1073.23715021
    1015.67820235     895.85921464     998.69707752    1336.83783354
    1013.65379756    1086.39455098    1097.58511976    1058.97327472
    1118.6751577     1226.28464734     961.63093748     939.46115748
    1061.91627775    1151.59087095    1112.35851427    1200.16022972
    1181.33284128    1320.4597706     1177.74354413    1269.1542773
    1222.29248641    1275.05418347    1206.96543539    1254.95269492
    1218.557477      1245.8347832     1143.4072146     1178.41615975
    1214.71609849    1372.385468      1322.29753023    1296.82735522
    1073.33855472     775.31535361     782.36857659     679.43719883
     780.9118837      828.7302109      707.27833821     715.61637524
     704.65006202     703.68754126     735.80756399     823.38001276
     861.73407416     845.91946486     820.42295471     731.655554
     672.51682074     764.52411854     751.57681131     886.26616423
     790.22932959     841.05194239     852.07615658     881.82711262
     843.61264035     892.9438356      764.41328742     795.13141107
     832.42657876     932.13131831     727.28715132     750.0777635
     790.72763845     807.08381658     801.99447753     778.49693803
     736.24326377     863.42803503     842.92657888     787.03088406
     825.62037303     828.58563634     799.65130543     786.49699839
     800.14951877     792.99728339     904.17945448     898.93767907
     886.21268659     960.34068253     961.17750507     938.58765824
    1023.31089898     900.77271275     933.17076873     986.62019497
     976.30474793     898.8768304      934.25289834     943.56486663
     948.65859927     867.08098067     886.19378284     853.4762272
     728.280701       778.11588025     764.77384895     866.96254902
     893.56273372     877.25256963     903.55224547     876.48514028
     895.35744329     881.41663121     918.37917999     885.05025806
     891.34756436     843.28367549     908.25355065     853.92466537
     902.28608705     918.67888235     889.0167584      876.37411542
     926.69857084     914.41633898     863.20798459     824.67185559
     815.13483386     881.93419778     841.50028306     788.57827354
     825.05825996     824.51731392     785.73407711     781.90659039
     803.40105125     762.40428121     735.88278682     694.65653024
     813.20143579     797.19207317     790.86296261     826.88609075
     821.68868041     759.7306679      850.24694645     820.15331383
     792.8477625      719.49804428     784.07275553     837.51003056
     826.89462358     884.03877132     843.00950372     791.26435181
     873.3276558      789.42668073     826.26937254     823.91836456
     832.95342231     825.0515708      849.01120491     823.92127924
     807.63942192     826.32643385     806.20996435     714.54688117
     737.10689111     733.04372695     715.35374274     775.76171079
     750.90556675     708.5366317      733.78289793     721.01479568
     735.3529941      797.91204885     770.95862099     729.95893855
     776.12479978     803.21037388     771.01321358     793.30345898
     807.86019162     793.54004223     846.48741634     832.10922454
     850.91463792     874.84828714     844.0922851      835.56433916
     767.72961405     741.4110126      759.34426115     803.2832052
     821.71682564     790.15353152     778.47737049     798.24505559
     658.24972259     733.80450771     681.39510039     748.18809899
     813.30074574     768.01528604     728.66897822     777.74702195
     812.24922558     819.79334779     771.74669425     793.37967622
     783.01274825     804.44065416     757.08428049     793.20749948
     797.65441033     779.21864245     867.09467927     890.55163804
     857.01306714     905.1976539      893.52587152     820.71519715
     861.14863233     787.03631208     869.3163407      825.60590329
     826.39742296     836.81017357     796.27919746     840.73636562
     800.22268447     797.450275       814.10992343     792.81824228
     800.92103293     765.19908858     797.0120634      817.2819402
     765.57551548     801.09804703     765.23138281     792.70328077
     794.23688951     783.39020329     594.54980145     737.34229069
     766.13839814     722.490639       556.01863669     727.09673174
     859.19567653     858.61422869     837.18160957     857.0448956
     835.19916201     824.40081459     637.99616346     616.38686745
     766.41260672     931.22074578     875.05642666     949.17065309
     875.43591124     705.03206394     744.2340791      771.44103862
     730.20418189    4060.07776792     913.93355793    1807.94869279
    1864.46188512     962.88941186     923.49436629     725.55160853
     717.89206054     799.1838374      809.9375598      800.49570189
     859.72731025     858.43827544     857.90538591     790.67372677
     839.13347641     911.98905791     907.64555663     889.25810316
     860.27022954     891.7145873     1263.3353306      786.0745027
     755.68360217     824.59740084     816.256182       866.18602425
     912.3339729      734.02632892     800.10429473     809.86316746
     800.27894221    1211.58742601     772.3265542      800.52970649
     742.93427906     720.95476906     754.41834055     758.95913444
     761.53985304     890.92752284     723.6843761      825.32715272
     801.1430271      837.74777793     963.43650387    1091.77684704
     869.109118       874.11476753     866.49569555     789.5413138
     757.7737624      724.74261879     706.68476283     791.7369078
     741.76117028     728.72168057     820.81100332     857.04250224
     784.01886548     894.81966458    1105.36726996     820.45128506
     835.23255118     830.00314696     787.45751431     751.55422243
     778.02202133     775.71241499     803.58329967     757.91111979
     775.20291102     807.08909443     805.00526981     808.21138378
     863.4968936      788.94340207     764.50509155     895.62227173
     911.75764229     844.03628093     851.15364083     911.3716281
     890.80655349     926.03132139     882.86279461     879.48107832
     880.21669324     970.46451767    1002.91177403     916.18336547
     871.936063       884.88939348     930.77558408     896.33026008
     905.43278375     882.16313731     943.23369952     846.32077228
     894.7873782      810.54675647     592.41433954     967.7325326
     967.95986507     793.45568737     837.29089888     868.71328246
     806.44801281     843.44919566     841.015259       756.43992124
     784.76309714     859.6590838      873.94081742     815.42793926
     919.92021128     857.19114626     898.74044665     964.0874364
     892.48263998     868.8105863      941.16526415     913.13562484
     973.44766885     922.50134179     916.44124867     909.58526682
     878.45368459     877.30776625     850.24696842     886.61867851
     901.83689802     882.60280511     811.55729026     766.91553953
     908.48860261     876.42338907     890.34116684     834.95577852
     826.41493978     865.84256877     811.65763397     831.78475548
     804.35407596     844.64196066     845.11194896     842.87222732
     824.35150154     844.10571435     837.5103226      862.97300858
     803.77603677     841.79987099     874.13652112     791.69559915
     887.7128981      853.32303686     864.15474257     877.58105643
     812.2357443      779.79558072     861.50529207     877.08026054
     845.1660015      848.55758971     856.51905031     904.68871584
     879.68096806     844.0658291      888.31840482     870.90049811
     849.60174939     851.20491849     866.31256904     822.77806698
     782.5969549      834.53819379     867.04799167     768.29486192
     729.63205137     820.38111921     762.29982855     789.50011116
     832.09337477     833.49521691     855.05068713     899.8586262
     891.50899561     928.72905313     909.0866469      929.14345198
     869.68374316     825.43553141     888.40134327     954.07273097
     971.2702358      945.67167162     935.78842294     897.56937257
     847.26724263     928.589482       958.30282523     970.04390627
     950.79474962     894.54399712     839.05448306     888.12529596
     887.62574703     951.5085606      931.1309966      912.98256251
     890.85067792     847.31056927     841.41310424     844.38855674
     751.33546055     828.0550069      832.50757413     834.91627816
     821.53665776     835.35362971     881.06063839     874.49702846
     849.67525203     857.62179007     872.15214327     954.83893612
     929.38364665     911.20849452     970.4729426      970.70939908
     933.40584943    1009.71682936    1029.62813249     946.62354011
     999.55391895    1004.5876321      977.44695081     978.34728915
     969.39486312     956.68235156     968.36187913     989.39431323
     941.28269195     931.15124496     942.38883755     951.9344521
     974.21134402     911.93106193     899.21862345     912.88242463
     909.83900642     917.08386636     955.63254445     884.47264686
     827.5242411      906.27755792     881.54678201     857.52963676
     892.37503891     848.8897696      934.33988315     925.22326914
     929.06222997     966.68425027    1061.23613161    1172.7858564
    1491.47318361    1026.77729227     986.35805192    1021.89018286
    1143.99756887    1042.0874666     1058.43750169    1038.47063576
     951.26544113    1014.25883294    1004.00965654    1017.03880163
    1020.67105078     993.39507379    1031.77067985    1357.31223649
    1067.74133689     978.64993049     961.888406      1106.55361232
     952.89147787     957.684677       868.77369307     960.29016338
    1013.20004159   71845.14661499   71812.84800953     942.56871254
     969.7799967      993.73312341     890.51558477     877.545131
     870.36407186     818.04821011     917.58232197    1491.95136579
     942.5390581      932.61743245     976.05908792     969.45108285
    1036.81263853    1279.06307562     972.47486254     982.58721167
     941.37141876     978.1033478      998.35405536    2010.19365947
    1031.16803821    1008.64918546    1003.41706761    1009.46112663
    1054.30567311    1030.81264219     946.38725399     853.90538905
    1114.53588462     971.3576929      940.82874531     917.36377735
     941.20013475    1557.23182508     866.46452579     897.87904858
     905.81090238     940.64624546     913.84855662     886.82776627
     901.59291377     888.3486603      889.38355495     887.70895075
     870.10107348    1065.14778722     867.98188377     899.23826239
     951.57098157    1007.83391176    1313.52200349    1030.4995068
    1042.14798435    1005.95528922    1004.22253232    1021.30858718
    1054.4717906      997.01826802    1028.5407787     1051.53210765
     920.65168506    1013.42115493    1038.4364642      953.53397602
    1080.37629147     998.11737498     985.55764774     944.04825811
    1137.18421728     964.50220602     951.08050815     987.16207717
     975.78370881     926.96306186     901.02803309     927.29658661
     871.94345249     950.5349286      880.08259319     891.6891026
     925.42948157     917.12940133     877.60551545     875.19990142
     955.81686227     993.35676012     969.33447669     968.97462552
     997.90164915    1175.23783585    1047.85383054    1072.38361527
    1090.93612578    1078.19502146    1074.15631305    1117.34536618
    1023.93822021    1070.32015521    1093.76453657    1006.05414717
    1073.8146526     1037.30501726    1107.62559442    1095.854859
    1063.68128574    1082.77616553    1087.87332927    1058.35867545
    1039.92217298    1107.74243037    1025.84918137    1016.79242485
    1015.95966437     957.07552278     946.71129321     946.86013939
     851.44836687     903.00623091     894.88662137     890.45787365
     843.64547544     856.9782761      909.40732481     831.7346793
     891.90087646     928.12314869     934.88568776     905.16774991
     916.24121341     901.36076147     997.46893716    1030.71928638
     993.18840301     995.40579351    1069.16035615    1094.01579857
    1131.37148411    1108.87126944    1030.54091465     871.51596729
     864.28336852     938.65222379     905.98671656     949.15048081
     951.73798324     915.62906482     927.99921769     942.23023623
     888.29545911     907.77575712     887.52092689     957.4679292
     948.31561246     886.79911238     853.92818761     854.82331755
     826.80865506     863.93688722     855.2196218      820.25097442
     880.40848719     943.93924475     861.84982477     960.85808404
     931.83975466     805.80644797    1018.79021254    1036.92669558
     861.19573656     935.9029907      906.46893755     982.68199419
     998.84348141     906.70863801     960.303362       972.97124363
    1008.77009837    1005.3740905      985.35887988    1018.8064469
     988.99489438     950.55999264    1017.9525099     1034.63683935
    1032.8683316     1053.23270209    1097.08514281    1041.08742153
    1022.89298004    1015.56126997    1024.44579811    1007.23413518
     952.02650137    1033.1714592      954.26208433    1001.32727405
    1021.2811102      967.26031219     946.44682954    1015.97214836
     934.46390951     948.37293426     911.52272214     951.63407495
     948.72037922     999.16552267    1012.32631847     961.75556201
     939.8074219     1763.54595766    1210.85695003     850.28912494
     837.13303339     846.64448247     927.84515641     958.70154655
    1042.95891195    1052.33323234    1056.99897726    2365.64850393
    1728.50015183    2095.47825591    1592.88226376    1094.80498488
    1374.21478041    1284.59932662    1184.41335506    1208.00511028
    1120.14625955    1046.80601573    1111.065621      1072.6882328
    1102.92726722    1101.55147495    1060.61823068    1019.88626641
    1520.60618219    6101.48276975    7551.38431945    1256.3024589
     943.6261642     1535.4084654     6439.83710952    2858.25118826
     875.00033611     872.77576932     902.27803462     906.22356209
    1102.53316454     849.69830988    1115.9658361     1354.72876438
    1051.71241415    1836.86780344    1047.39255723     963.72581679
     855.90692491    1960.40074571    2058.51840203     991.80471044
    1071.32014353    1110.09862697    1130.679651      1117.29502919
    1645.63296354    1392.95136433    1060.12357922    1095.37669994
    1110.16772356    1123.10392942    1841.84556887    2568.88498773
    1093.81177822    1036.87515331    1069.54022031    1045.04569566
    1043.5660504     1039.05217888     967.23901612     995.03606518
    1164.60556889    1406.59075278     998.6643996      952.58380233
     934.24378957     996.88660394    1049.31749115    2831.19623813
    1005.93366091     901.84891281     951.69040612     962.79791187
     913.99256332     898.14353317     955.37002831    1025.22551662
    1014.63629045    1414.17997077    1487.76638276     976.59103569
    1549.94898485     949.13589815     920.73756549    1024.85599825
    1265.42821461    1906.09004164    1050.24486075    1120.18120355
    1117.08316576    1117.46636817    1036.40102359    1082.11623455
    1089.95620642    1094.49115956    1079.63879907    1111.39088923
    1003.7569422     1024.74301783    1060.11164717    1017.17660316
    1156.05598472    1213.20958853     981.67519661     985.33786066
     957.44538504    1259.70004419    1365.76859817     948.26062928
     949.831759       859.66990437     931.16133497     978.60870981
     932.14600787     875.77455556     907.56174605     862.84056846
     923.35806422     877.74120894     799.52129941     856.25140448
     901.56233568     884.83228888     985.02144389    1928.9101724
    1146.17792176     917.0598698      892.85143451     853.75033241
    1091.05958106    1106.26831365     991.07243848     967.92142469
     981.22397536    1003.24812708    1002.04717719     960.40306829
    1016.65683115     966.32125028     997.65395008    1041.12193602
     916.83867959     937.82700393     992.19641895     939.31986814
     998.53819611     974.99779967     909.74731107     935.71689728
     924.56067401     864.84382082     944.29072212     945.07199895
     865.59105046     863.2515592      972.86465538     969.96769746
     938.30757845     948.1011         849.65426985     863.3013821
     817.33568729     888.27072991     896.94130507     816.75761825
     933.57817693     899.70222177     877.81168986     928.71950923
     907.45476017    1645.0555561     1427.64924483     862.45917322
     858.07811042     789.19486038     844.83262233     868.49136528
     937.64277512     941.78291627     921.26577858    1040.47055082
     951.3403655      870.4953568      950.00574464    1014.95024171
     995.53877546    1038.13920296    1004.36639034     968.58385835
    1013.90761977    1049.3224081      937.59905386     962.97474734
     892.94632563     919.83233449     932.06243399     897.67941703
     883.71469188     812.20835805     870.99440677     876.87068557
     838.14778721     867.41139953     863.11718836     855.57548796
     888.36164414     898.68068485     853.31579472     935.00069336
     884.20894362     851.94993832    1306.46022259     886.26058504
     837.83125908    1178.83973679    1278.93863868     943.31937923
    1232.63737761    1951.89158821    1156.80418055     883.43825393
     898.24290308     875.14959648     854.56732207    1089.05492123
    1016.09324053     982.68571491     968.69072528     895.49429759
     811.35716777     873.1265735      887.61486059     914.74952721
     977.18790368    1257.24745439    1878.48503209     947.23209264
     812.07511868     939.75576235    1215.59071055     841.42233565
     861.14560636     870.32556748     867.97451468     877.0081402
     944.6686313      889.20752        821.08098216     811.9808443
     855.42055415     841.90085397     806.94740546     981.70306087
     823.58923299     897.7916931      807.58201958     795.5665015
     775.84586498     778.33696245    1802.95983239     951.85002114
     828.52447924     808.9857331      876.22078422     862.06088257
    1078.97115042    1947.49568808     861.17585198    1115.00833364
     778.13449059     727.29733204     814.46511941     799.92669678
     861.21031857    2297.85998964     822.7840582      871.69419803
     889.32887854     845.0216853      878.8968682      857.57663784
     826.46163748     902.51333078     896.6168103     3035.97148455
    2829.91863952    1920.61572592     854.32343204    1188.62531975
    1684.66059905     947.39954958    1741.95550945     839.6729859
     793.7408972      999.09481269     920.18069812     850.06959273
     867.31387378     802.05149863     809.44551323     842.98036747
    1830.64189598    3037.93213159    1141.41530655     876.26048849
    1006.88721044     865.48219152     874.70460453    2128.62219506
     835.68612551    1376.34200806     809.63272809     850.90601023
     959.75860466     987.88426794    2077.39738241    1296.28759968
     766.92091753    1247.29549324     727.00392075     815.05334228
     834.29145127     848.88129089     851.97519947    1606.33317572
    3599.37148867     985.63635387     952.89870754     873.73981269
     876.0738893      863.70899356     986.81212413    1913.75281275
    1246.58844041   33181.6081453   118826.66829856    1020.13729531
     967.356495       908.53174398    3404.23443695    2413.44661633
     915.39633511     847.55341223     919.36671872     813.70671146
     843.33876371     818.8514226      795.49526692     792.09981972
     788.30707473     931.14188621    2292.42690062     824.15289744
     773.46440496     832.44080497     856.10395831     864.05869293
    4869.37439577    1023.82007293     807.41454839     833.5556209
     794.2308878      780.18700964     873.66600504     939.59612287
    1777.9669031     1502.97298369     889.43668665     897.02326159
     824.67502559     818.87757071    1211.12750764    1431.26964342
     888.16277534     853.32153946     848.24891527     845.20119137
     978.83749887    2891.47662321     830.63624238     888.59251057
     948.78632671     890.24062349   60758.92695201    1165.26837846
     943.07242857     920.25509034     879.26453351     830.12450398
     875.40709076     843.92948595     898.47187762     869.05771637
     799.28232304     867.60661939    1214.78298822    1006.26441641
     809.22844513     812.26787005     851.95519541     797.57278744
    2068.14463883     875.44784511     858.69825607     796.79734238
     848.27184668     794.52885154     806.45718472     812.42306467
     771.45369503     746.61287781     745.4322772      718.48037067
     729.29611904     838.33366406     853.18131667    1203.65930513
    2654.30899429     757.01754625     769.95432249     717.91394632
     888.50946123     968.86469418     758.81047067     758.52524051
     780.68798976     738.42095672    1531.45584256     776.67303376
     794.4845902      784.21574835     845.68775212     803.82525637
     804.92226064     791.59733485     791.1141998      804.92711012
     825.2953857      816.99639353     825.63409265     798.39367623
     758.32483474     724.96043813     773.26003775     790.63982197
     784.82521786     790.09880025     789.86746444     801.71344064
     799.92061231     800.17027979     890.19846517     954.82477756
     866.56653527     810.38960428     855.81350094     958.55606137
     743.40940065     770.15726864     725.95842395    2133.00173822
    1240.81509657    1834.84823966     983.51314624     752.55023209
    1556.4195008     1963.82245189     829.28285874     972.56494298
    2431.8580238     1073.27053881    1301.48800036     801.29078509
     760.37926855     811.87931315     744.11545652     787.88046646
     776.65554409     765.289996       761.05138082     760.92478491
     738.10933703     746.9462212      788.40032132     773.61513592
     720.92160959    1271.54680374    6975.16138062     867.08260557
     791.61611745     917.64587956     952.16012521    1742.40179422
     988.29984245     788.55225299     788.83708707     766.35775401
     807.64277147     866.42137906    1066.47527178     768.47983987
     772.04463801     737.83830699     729.51747992     752.34679531
    1485.89564201    1202.20434081     825.81008813     850.06805626
     758.28376143     722.70044467     719.026258       704.08868761
    1602.25783566    3963.20113947     703.992759       722.8849361
     756.55044288     727.50577955     885.65724832     886.7816742
     880.25836007    2535.84145559    3241.22520343     760.54272041
     820.58886624     833.347412       684.29421147     799.74343642
    4883.35859575    1032.20473928     752.0792806      728.97818698
     745.53159951     850.49260044     749.94876295    2645.87782088
    1238.77861936     729.25553382     773.29914027     739.46016802
    2032.12425891     820.12256516     825.42779532     760.38649842
     780.57370356     732.24684352    1060.27900047    3781.31912404
     806.11524516     957.84273074     818.82753878    1048.47975705
    1120.77933417     778.93095056     753.15491189     774.48681871
     745.65742758     781.59080544     789.54904829     716.43808024
     803.42559444    1389.26883519     862.48877377     736.33321677
     729.17933728     741.10798287     788.74830022    1649.02314054
    1273.95305072     722.83214333     658.51320883     765.68821689
     794.04371931     746.59651396     779.33531626     821.37182727
    2008.80623075    3073.64764182     752.69508925     740.59573352
     749.57994745     735.8240038      755.16456746     750.41882954
     734.99347817    1158.41271071     732.42283415     762.30909107
     775.07533918     734.01059763     990.49914885    1169.46496832
     756.21917343     798.66062153     783.53490978     796.48339614
     785.09339869     751.52667562     750.84747202     756.2766104
     752.59855916     756.38707561     813.38925093     837.14085784
     797.42058005     790.10848364     733.8378186      756.18575409
     759.39737163     752.78005197     819.61927097     863.53635122
     786.1279408      738.83112255     763.87514009     783.70627403
    1142.71329004     724.99709769     730.46255675     726.20289588
     709.00141008     744.98625407     697.93803314     770.13630339
     715.07532929     703.20067312     701.24108021     716.77172033
     714.9529055      748.56320284     801.10001235     828.71831708
    4428.1310514     3287.67113813     753.6498089      719.40900917
     695.38680384     730.16030598     719.3161042      749.5014881
     831.76612004     845.61763355     779.83649443     754.564114
     834.1467809      815.88696495     740.4470737      743.01695463
     765.47375445     779.94654587     752.45168319     821.97054347
     825.27838295     852.90571636    1242.94356368     898.99930888
     756.32044906     768.73199503     732.69924493     783.44903433
     720.92266358     719.46777955     779.86599553     741.06829369
     795.1504624     1139.27948837     826.37975082     701.34985152
     716.4779756      737.05990904     747.58754993     749.7161495
     775.57441118     740.74775129     696.01218886     841.01724801
     778.93339307     717.42449348     699.58126431     732.326282
     730.63712912     713.67741919     726.60395661     685.1375762
     711.25029519     703.36281495     728.53772811     785.54888714
     794.35617632    4610.97810415   11739.21524751     732.56510544
     737.65769669     667.83432624     700.12569056     722.0834282
     702.99682007     712.08914449     725.05754835     677.63878197
     718.41484851     697.64298912     732.89296918     694.1732921
     706.65076338     769.3268919      788.09852041     719.40678358
     794.69112043     779.02673862     691.8611134      727.13580994
     710.87920341     681.44910278     697.28624504     672.46824079
     720.72827155     683.94221085     709.66184866     721.45079627
     729.15262115     718.9042297      721.54537788     707.56737339
     712.11187512     726.68801694     731.22097517     732.23428805
     736.66360713     722.27248982     713.08410116     704.61396025
     760.44245795     702.03632473     715.31880596     693.97467234
     730.22741395     727.16181164     737.65133429    3358.71042616
    3275.85197094    3691.07671171     855.74152411    1529.48841548
    4140.12209616    2602.47255057     852.99058374     711.84947704
     889.15510977     949.62590294    1624.74416538     943.29825637
     730.0624229      733.25936547     715.11771063     734.81749633
     768.70515601     929.36553729     728.89158191     733.81394804
     722.20919081     718.04600395     709.60771509     741.14879439
     726.36783048     761.10184451    2567.34307547    6408.71110554
    2660.55052818     750.39404007     563.4605289      588.81393047
     633.83377912    2102.56535537     513.5179815      567.85814132
     559.52354416     641.15042696     705.07303524     632.91182071
    1292.12283509    1356.13517846     695.39631625     706.15292932
     630.26960097     768.33413992     787.54996779    2709.1807388
     719.29367977     581.0392593      702.20954843     892.17593588
     549.61022508     642.82612576     671.20509203    3179.35828606
     671.56709162     794.53999788     658.52037068     659.55251129
     682.64891478     660.69835401     632.38423351     731.74482458
    2798.93853453    1791.09870924     616.74571817     698.57619695
     723.43102252     622.36234868     670.69076361     750.8690378
     728.41945823    8053.67979233     767.30181938     695.02545474
     799.57951984     755.21404556     705.39285672     692.92892388
     702.57564704     691.76517728     683.92608519     699.56535203
     791.1323343     3718.5727298      836.97647448     722.5649147
     745.83339352     670.56377887     685.46284129     682.5983097
    3287.95672124    5629.67796105     831.42470538     812.01996098
     723.6705574      769.98844563     842.95873441     819.04611617
     770.41973895     789.06057085     774.2839858      750.00655368
     723.85788384     762.60089005    1004.79654319     714.58532401
    1636.20767277    1510.10790116     712.26549396     712.26522452
     700.48283738     759.39074393     704.97745521    5098.40111077
     718.09466323     714.85260284     737.89304336     820.64231443
     734.81739577     810.90674903     780.91848026     740.452805
     741.8355484      749.33751784     694.58483463     710.77518863
     736.39718996     855.40021041     777.83421369     763.3481361
     755.76754496     777.04008737    1292.60340455    1117.05176838
     687.28180732     677.34385761     667.31797589     692.94751953
    1423.89135928    1954.95859948     664.38504428     645.48777789
     622.71754764     627.24918169     678.76744959     696.30689022
     700.49824569     703.11391703     659.19952529     678.4146684
     672.1993666      701.58047892     775.70891267     724.57923333
     688.05496556     679.85368741     675.72390941     664.30824676
     683.07395924     659.77219489     685.2773241      844.09892378
    1163.8345651      667.40854296     696.03570367     906.35490443
    1421.70418705    1586.08070205    1088.29843106     944.19125296
     882.88258339     877.86953483     817.9431897      742.85476206
     681.23131466     685.92713311     817.6515012      658.74068338
     928.21766142     823.04838582     777.49365968     844.96858879
     806.71449043     859.61610132     999.99486439     654.87223422
     841.56419017     989.59233793     660.16672134     785.95506992
     932.20855563     711.5075035      668.10967354    1227.6985527
     766.0288477      653.02090216     741.59427141     804.60939502
    1306.05009928     790.8115925      823.70798009     762.76214293
     680.63340071     687.27438787     649.84514567     717.63564736
     647.60488303     715.96554985     708.16206107     727.24716664
     707.39278663     655.86980159     679.00224174     747.27568475
     652.71368143     703.19024813     691.2067838      671.3129508
     649.0687032      714.26492312     678.96520054     651.77683142
     654.28337126     671.23292017     664.16884781     677.17968943
     671.00669837     765.31511041    1008.91637083     738.08266782
     655.01453636     737.46754108     959.71749758     731.54523311
     701.30871486     672.36131926     658.00792953     615.27553888
     744.49272736     959.59750716    1059.6222518      887.99902264
    1010.53499933     899.69276849     826.10997664     719.84139617
     705.89465342     682.9249579      659.76897583     628.19177468
     770.35378493     638.91272081     843.58178813     707.37449976
     894.99589937     827.53543674     622.161063       885.02946309
     884.86208836     611.85164299     858.8805809      879.11297863
     634.06610217     779.21537897     884.01126824     755.56196268
     726.13508885     757.47063136     839.99651204     842.87109471
     648.77748746     715.26669142     660.46078528     618.4386997
     565.68172385     689.65677759     645.25548399     595.67626957
     634.27672425     649.34906498     606.74066555     634.88236219
     651.69783451     679.71473344     700.65467033     638.61043006
     647.97339195     597.45338326     606.0684072      639.44237805
     622.4844801      639.3549686      639.38632096     636.47066903
     634.11269433     633.81085151     611.30715839     637.10563147
     609.83934519     640.97596979     788.447505       849.3508137
     657.49461842     776.03199628     613.69233309     704.64614565
     838.56073299     664.04709956     602.24640736     833.79555207
     859.78397605     602.87810799     667.07095522    5661.28067651
    1336.81729148   10665.03144105    2558.96412886     908.42884906
    8711.30968388    4976.37670005    1230.8621274      787.84225641
     829.88551405     678.1335198      884.88122134    3365.34243287
    1466.09265386     825.07654525     685.41995214     689.72710468
     811.62131569     634.83440305     833.58802111     648.18608551
     651.74803837     841.89257233     986.87540298     996.10497728
     856.09439902     726.33422348     643.63298266    1239.92613983
   14910.0499848     7596.55506199     637.59459548     801.06199578
    1286.43722503     635.13459985    3304.84260054    5649.65540333
    1110.55272072     576.716786       751.3020396      764.09907798
     860.99365252     790.47860749     610.067912      2374.49219758
    1920.36670971     642.73092206     629.37152963     638.94535391
     618.85437164    5785.83831957     624.34931199     753.75579101
     816.04630081     625.92948678     744.64794864    1138.83015829
     686.77691075     632.22797452     645.34098268   18020.61054253
     627.62007647     651.08858888     635.99237241     595.52464849
     594.08119726     620.33970838     614.43032846     618.952383
     693.66018079    8061.43490829     848.89201322     756.99089536
     683.44822049     661.86979772     628.99456692     671.63256747
     660.68284902    3391.80573839   13435.9817392     2187.24967424
     642.91448525     864.4847576      730.16755683     823.61563348
     627.79598641     858.50653053     782.09384175     962.35861738
     687.71148556     670.65705875     756.76452817    3778.24160599
    3767.61628712     775.07786678     651.46746466     701.87268987
     833.72289478     738.23295044     712.60561433     678.74389449
   21033.35107242     671.07708352     639.65947641     738.71336205
     993.73158763     602.95870828     679.08956035     726.38782378
     673.2775815      603.82298867     725.92231406     717.79431818
     612.82606304     547.48338643     706.90905022     654.78234819
     938.02408883    1554.00119773    4078.39254763     658.03013769
     642.28580246     601.13193979     632.76262602     668.02219812
    2429.03280985    6614.30074887    1376.31140186     629.75302364
     596.41165219     584.82467233     573.27079436     562.13090475
     659.12910802     937.45282008     690.2595298      567.83858033
     800.04399438     772.00564354     590.23332968     604.87423379
     563.15086208     707.53504093     580.47632781     584.4208099
     592.68372481     616.28591954    3634.41447979     664.52499037
     608.70264888     644.19402995     617.87615669     615.08540374
     612.82991183    7266.72166544     708.87263469     579.14469508
     586.22736844     609.65281455     606.55004459     582.4695729
     577.31142375     594.32381876     591.95889696     667.09706434
     571.85614266     588.79582145     595.89297681     596.89465563
     704.31528229     643.11474828     600.08111322    1085.55904375
    1038.17211104     990.3034565     1125.0285876     1487.43116974
     738.34729218     810.94139982    2108.07366963    1144.36110558
    4440.33573592     614.30239034     689.59289436     622.30525496
    1529.86819481    2853.79260232     871.62325087    1402.78938418
    3570.1287071      585.6245754      769.84576555     696.01543035
     680.99797094     564.03187137     597.97307603    1627.57970683
     852.50201622     566.38761925     598.92262566     577.65629481
     772.51405315     600.05255227     676.94128527     596.23960749
     589.91396359     564.11597014     589.44548266     605.60180891
     586.43119836     563.69954344     586.20302733     577.30302216
     587.15358979     617.77075125    1610.86100375     595.61920419
     622.63264877     859.85936607    2896.46971467    8894.15603692
     584.78662229     602.61698413     837.10682198     612.7297036
    3894.12814076     594.92735847     582.03450671     583.82477705
     597.87291615     677.7926373      562.32728969    1033.9801565
    1018.62202054     654.94902087     556.89622537     579.83829889
     657.4232428      569.21005985     563.43638945     596.11939955
     551.43953371     735.9782455      603.14580997     535.49703337
    1325.10158951    2039.25831043     588.17948376     574.46407429
     610.63459519     610.23041472     512.31903288     550.62917823
    1189.01094772     658.46926375     571.78757171    6516.58705476
    2217.6748384     1288.66675255     901.74688825     546.42819937
     603.60347228     566.15354186     588.82139112     558.77009827
     569.74559671     571.47382974     704.55743765    3622.42554486
     579.50897821     547.86540514     648.8253078      557.10051902
     554.19209258     427.3550418      349.63739189     303.575315
    4426.67530572     409.19128471     231.30594009     258.98341961
     298.23075367     270.53981926     321.2803516      306.26762378
     409.05287632     270.31249467     491.29579496     355.49962738
     417.33847019     388.5836572      369.83369336    1494.21059588
    1490.86748683     539.62997892     772.60949409     725.96341352
     261.5388061      606.32873577     573.34929869    3679.70559652
     670.76431365     411.33523761     278.86456506     660.96566329
     499.69834812     194.9518618      542.88816749     596.29101334
     288.25637102     575.39387237     622.73846882     479.83072605
     295.73875688     600.62065987     597.59062566     446.51973581
     356.58937113     573.19086449    1303.46513324     858.72875153
     379.70236213     571.03776457     534.0475454      378.99322492
     386.07656297    2624.99331783    1096.54369976     434.14151274
     475.00072073     557.47735434     491.79711444     497.40292997
     418.07116082     683.38953477     528.75999307     513.86652451
     470.36007097     486.51279951     536.25692686     518.16198812
     901.73597683     745.86287538     734.14313185     912.96453703
    1198.25943726     878.4070078      846.07257038     788.58461797
    1188.15684004     815.15837699     727.87200879     706.34318244
     666.73157516     884.01744898    1759.21146365     705.18765208
     688.17833878     625.66831066     616.14187618     537.1337674
     567.75503975     564.15306325     649.71574625     548.25063098
   17324.09894722     905.77595115    6854.80426913    9903.2503656
    4756.10058949    1722.41479059     759.95087649     711.82556659
    2699.41331311     967.00094609    1972.93949469    2381.26220139
     624.11756759     754.85914026     789.02334287     646.80618237
     932.01943598    1240.42315528    1019.77429915     608.80933343
     739.71423457     829.53959054     776.01937858     593.57918674
     609.06733544     893.73731861     752.89830127     617.03002248
    3081.24223016   32594.85438749    1173.60416569     792.05081367
     579.55242387     803.47152912    1136.48102331     610.56231863
    4123.17499454    5716.69021865     638.71728193     597.20317199
     597.11755812     571.53126617     599.45443624     669.38281818
     698.64688633    1083.62867022    1050.34582303    4033.11218296
    1159.68720438     592.46926725     557.00127191     695.72242161
    7456.09431689     713.72200892     694.60998613     658.36956155
     948.23114202     840.28042833     787.24521854     808.0308912
    1420.34332083    1034.25409116    1404.286213     21808.5089179
     662.55041425     665.29526024     577.86494904     611.61970254
     532.89149206     563.7566453      686.66496555     566.93768379
     686.86976326    2526.45291357    6870.26352703     710.97155069
     843.66905315     788.89011692     953.6416735     1028.11154299
     607.72246629     692.92542555    1023.31690801    5758.01420299
   18736.04212547     725.95417441     777.67098344     632.49371227
     558.95537537    1221.53014273     724.23758939     567.08543108
     525.33712814     935.01250511     691.6811545      542.67401949
     551.78024655     621.46004577     639.36104022   10269.57293137
     543.50137992     565.28742074     612.64475354     535.96286788
     579.48765468    3121.28747135    1149.02441197    1432.85540578
   22238.46303788    2319.17690589     585.51116894    1120.33111474
    2285.84533146    2472.89241685    7433.67346285     584.48806717
     566.32923508     604.1692032      606.54203099    5176.6444106
     748.22290733    8477.37603914    2760.35175004     601.42162875
     604.20219319     589.49514999     563.28833079    3264.41772295
    3320.42847966     799.65316492    4979.98567625     741.70099977
     977.14996893     829.95349569    1018.34101932    1031.48079553
    9957.57817398    5161.39751636     988.26470543     893.66389835
     818.45667564     754.00978048     806.74557256     866.52408252
     511.25509686     499.32823897     906.04724094     691.686407
     712.69923919     764.72330888     628.83800188     755.27992486
     948.18253314    1207.5024003    20393.56234496   10404.07422034
    1118.96674771     556.37850984    1699.90822794    1366.3909919
    5227.63678222    6667.34267378     875.56877158     907.75519614
     556.19783797     516.79242142    1193.65768806    1983.89944406
    6485.40323714    1729.90851007     902.00831893     676.38320994
     534.69881408     593.88874689     636.87732997     671.23565913
     658.65545544     722.21991457     687.74435297    1067.73743992
     950.15110662     569.29524179    8280.3537638      527.4970616
     729.11640037     634.83752826     549.16604497     521.85870689
     532.15288958     555.56594671     571.25604691     541.88282913
     615.63702309    5298.39298717   17687.82044376     564.00375664
     708.74856597    1914.47060997     608.64153666     600.74575112
     633.66783045     573.096119       563.11895542    1535.22022577
    2264.20650407    8858.1329241      557.41160196     550.38320272
     540.54075537     492.38305536     618.19025732     824.21390768
     695.69386382     761.07974899     693.29742293     794.51710665
   32727.93010392     865.67064416     759.92770595     758.20699929
     859.86657258     664.30766491     822.51038353     650.32297264
     685.12009996     667.39507604     560.76016811     569.15338121
     547.90166921     684.58160622     625.31571448     813.8798643
    7539.82239184     625.38395442     654.2527942      532.1861712
     961.04434861    1489.55073852     536.84282132     797.00641881
    5030.81937679   10337.3533712     1035.92742711    1886.1014977
    1110.23492863    1021.49507831     519.23867393     608.1493806
     707.2000902      571.74611275     535.89315548     561.29630188
     669.68465426     633.44137153     566.8006856      497.83189969
     584.68526453     555.70557629     547.06312452     762.5174089
    1100.45439053    3083.34393043    1090.97811612     501.91572208
     561.37824715     542.31206572     503.13979382     566.32883581
    1501.06285386    9015.08321204     604.01959121     508.40640347
     629.8228132      582.54477172     506.53328483     475.54570091
     502.11983044     495.1437931      705.90171882     494.46093721
     650.41876227     789.40982515     479.94339418     506.14349122
     553.6496877      576.7717281     1059.79332972     883.52990398
     477.60234656     491.94834253     475.41222757     486.88800597
     474.24042739    2588.37543486     592.46178583     520.00118521
     520.45942135     548.09376613     530.16305043     621.6663267
    4181.89410251     650.06922679     596.65786842     590.79073569
     622.12401586     535.70187266     583.81433642     561.59612802
     524.75375411     540.9205311      518.1234847      491.3861979
     488.4515524      539.67246572     507.72301902     524.36776106
     621.282437       493.06534733     588.55428171     675.36576065
     527.24691773     549.56233587     617.99184316     634.57499254
     539.73297748     592.06805064     704.7249392      655.82043562
    1271.70851085     816.29191422     528.67520593     500.49550709
     497.82680056     689.14057174    1759.88128114     749.23541511
     498.2515759      507.13936757     494.54888421     523.82011719
     463.98446862     475.06986268     490.35322208     484.55646328
     531.27912254     513.88553716     468.96774645     502.75873378
     499.30160033     471.29072598     498.84447705     463.12566455
     487.92912585     490.83310202     486.43976718     482.36122732
     471.96098433     468.00841994     472.34037595     468.7972444
     493.73943346     452.14320188     455.14541638     498.99627127
     468.19244145     480.2574995     1172.37557234     463.75848784
     478.13597033     469.00466444     563.12661247     912.16532462
     510.7935931      428.83269232     442.47704339     476.17020921
     453.17926714     509.88957719     514.74508167     482.00663294
     522.07305543     609.08714657     521.07604105     478.57107936
     460.44937329     541.56321625     461.58427636     543.34090329
     477.52825096     481.24654584     457.39012921     443.58376021
     486.57824927     615.02050438     495.08193805     456.55636602
     404.50935227     427.69871921     488.05684742     445.33794886
     479.12865227     455.76312884     462.42402646     465.1442184
     462.02642608     456.40771508     514.07405837     754.23642434
     523.77424073     500.58851698     510.90052655     713.43410215
     790.03557964     480.546781       500.82375923     458.76761855
     484.77360085     605.53037238     585.21860177     432.85916094
     469.18472218     471.52064114     474.76125486     452.8410454
     456.30306997     470.87541696     474.5592747      461.50072328
     515.30186166     461.70158331     472.72772533     471.77909964
     469.38633625     516.28025401     611.48280939    5785.17947964
     988.20478017    5833.06992636    5988.32262259    1193.74571116
     513.47426418    3415.97470986    1335.75465252   18409.44231255
    1026.01109582     772.83900845     459.00493221     421.27750643
     439.13240088    8442.67488236    4717.74789644   10207.11929991
     989.14789168     706.30382161     987.13257465     710.48694031
     645.60180699     446.36847069     500.92758587     499.81979295
    7115.01088972     459.49630248     457.72678425     453.17735208
     444.60861271     783.27848499     973.62165839     522.07784837
     431.43297674     508.55782157     429.13047547     425.31043566
     376.5734336      386.89401163     414.73841346     448.01470164
     439.69189678     448.38690367     449.83242732     437.52603964
     517.60637837     921.78392993     505.90287842     454.87522997
    1366.57545606    3980.6211767    58247.43649908     553.1928161
     461.3618626      470.76652855    1627.87770351     568.52672416
   13779.29770236    4035.18028925     475.11754074     529.98114976
     437.65449857     465.60270093     910.40129242    1243.15314288
     753.21884199    3374.55704909    2748.25181752     749.00786289
     479.97549617     460.48439084     431.9106098      429.0005456
     456.58415548     402.38763465     471.11178632     516.1537752
     449.1293552     1154.75288373    1084.92673626   11064.86961547
     459.76364178     423.72812007     447.23125457     524.19339984
     413.52728104     583.41423821     823.74091352     438.13470232
     424.23304388     484.8938351      428.98598759     537.05192593
   30505.14575953    2967.61764214     423.11349569     421.91755198
     414.8433838      426.98269525     435.21008608     481.60159912
     427.77495246     447.3581303      430.21778502     411.54992912
    5051.58635049    8713.67659728     449.63528499     431.0191905
     469.54188665     450.20881056     511.88126861     706.01091469
     526.85945141     766.23183382     957.41732009    2211.75055044
   43314.67744441     480.08488996     595.66598666    1070.2411473
     388.55065577     363.02971958     380.6669462      368.34970794
     381.26650614     383.90978345     401.39248506     377.8725472
     799.53623464     578.90331255     394.65537521     406.74769532
     503.45068273   15384.29933359     465.62047938     450.38191261
     437.42990428     413.07214756     388.45788689     525.16363069
     539.07313314     485.54964476     499.06643132   35952.43632679
     451.40545077     390.09853493     391.65756599     381.43356498
     401.54504749     398.99079416    1290.82126263     372.91647977
     379.59872377     372.49288042     381.78122951     377.49899234
     384.63852485     362.86218265     413.48079266     425.69144812
     378.95285979     353.28216616     395.82733153     384.75927666
    2868.34670322    5231.31976358     505.81806665     562.88221157
     447.34083562     410.67186333     711.8403646      531.85211349
     656.31977146   11088.47967678    6802.23049144     401.31253052
     431.86747736     416.28375278     399.49629894     418.51000287
     405.66728055     365.81507847     386.71845804     375.0167274
     392.32264315     688.40689806     531.88348348     453.77471715
     407.21401595     484.39958574     425.25662099     490.21319465
     489.94709526     636.29516321     593.56098691     697.04486317
     786.8769897      405.6475427      402.24011821    3029.45991466
     261.94308096     379.10739664     519.18735799     326.85808615
     405.90494878     450.31864826     360.87376868    5220.35870765
     953.64715008     416.46020137     416.51850819     437.81314908
     347.04873931     339.8532207      383.65153083     369.18261808
     386.46256093     317.66474909     393.76665695     371.76286019
     340.13823705     386.95094399     369.19998587     369.79724811
     360.20110172     358.01945107     738.35289451     399.60885828
     469.57139179     511.85532155     452.5914553      361.40664402
     364.32087366     347.74062579     368.21118787     374.37790154
     352.50521366     768.46484272    1329.87309465     400.49567217
     433.5723808      405.67170002     379.34153187     382.85598088
    1842.82951604    1040.65675961     447.12676308     402.82402154
     497.22400613     404.60435588     459.88669552     407.0389958
     399.27330797     539.5039684      479.49078826     501.45894653
     841.63432685     648.71936607    1107.09224316     580.20487922
    1238.1500524     1857.88874187     831.10739198    2756.64025992
    1718.10498382    2270.62526643    1120.79707202    2568.49837097
    2064.75254339    3148.95495178     580.81156883    3351.37978216
    1669.56587285     404.43097464    3592.43419823    1443.41430775
     337.9995366     2257.62181719    1156.09444601     935.46888916
     414.995635       462.16622116    2784.73821022    1524.33079128
    2706.029441      5948.50911838    6412.73622374     761.52862019
    3863.61180427    8017.69957755     932.60925231     686.18009231
    5123.1378183     9667.09813335     326.28012731     374.47739848
    6666.95583704    7890.20641037     567.47885444     686.74583587
    6915.54034872    5189.39548433     439.53827734     454.89686952
    4135.89292085    3013.53349653    1105.53680792     473.92043536
    1898.60371107    3841.55890447     386.72594715     431.01287034
    1317.00306631     776.49453385    2035.14589516     394.18652994
     412.76234134    1270.37570385    1020.94486545     869.9681946
     593.67387066     991.77141593     695.36954098    1038.17956472
    1272.37555152     499.65998295     407.50635872     699.49591555
     820.72167671     928.8274371      751.37346378     480.80609247
     490.466326       530.15354611     424.82020515     453.48803373
     455.61272156     453.05096382     457.62878959     426.31961665
     425.21702953     460.02165294     438.00552124     521.99048945
     744.14219209     420.2281367      404.23939435     409.2280012
     400.04341553     430.18175666     449.15261092     416.7350612
     591.20381707     476.94635494     662.01935129     575.11897555
     483.1916577      490.69807175     448.01664684     454.87308655
     452.71724182     409.07809378     681.13357141     438.51850679
     396.94537438     396.39240183     418.50693456     422.77189472
    4546.07064294    2709.30556815    5717.24235613   17688.37252504
    1032.83568923     450.3931951     3647.15569892   18575.14983686
    7885.76688204    1197.71450025     782.23817342     384.0795015
     431.01717939     635.91065042   10639.79428859    1257.33044234
   27315.18998418     396.86570015     384.40558542     358.19800549
     396.39730395     472.03206471     406.67995157     486.57286941
     406.49223165    1960.45985053   10542.48664774     380.26290024
     383.48720778     377.5732332      390.84407215     422.58713249
     393.02372415     414.78420422     451.63770781     378.38382662
     353.60521808     377.68845291     367.48111443     506.81659343
    1419.48385146     721.65015732     389.65316092     406.86854036
     374.88079319     397.00582999     399.01393773     441.6119827
     456.05449328     724.80952709     905.35855599     444.97805241
    9860.39719228   30897.78906586   28373.96757576     609.00492224
    1293.07181491    1580.75783212    2345.79372225    1311.31944702
   15455.50874292    9291.47524132     407.82947631     412.73305655
     366.44029504     398.5086045      368.46775375     962.36156162
     588.19425809     449.48348314    3043.7641392     5111.60125418
     430.4427735      391.43147538     438.33523578     472.75442736
     456.24016179     416.38408716     446.87928465     532.90723551
    1122.88631148     864.04171659     433.18089301     527.73101819
   15045.91952702    1681.27128718     385.91158097     409.14646245
     357.54013817     358.65234482     373.12218023     340.86088748
     379.73988117     343.15865015     355.76888637     383.8516411
     358.9533854      446.79735113   46519.16751002    5361.21354681
     641.68791858     537.8881152      683.42986739     362.65119764
     329.58359861     390.51883314     832.89339546     643.9293846
     363.7791327      346.30945118     346.8268391      700.18663651
   24917.60652394     710.43316145     382.44416322     321.52063276
     969.07996108     618.2653797      453.51357141     339.84716914
     390.18010895     355.80895327     474.3122199      403.98730587
   47788.70435079    4612.39647043     527.21569009     435.3081467
     575.00408492     467.89419759     754.75170412    1061.92862969
     634.10855051     436.45404763     397.36701788     529.9711781
     619.88274507     639.64868287     483.41013771     462.58199373
     487.44179589     401.13153038    1575.99866266   15309.10293604
     437.68393169     347.31483262     443.92688159     412.28522427
     418.46630171     757.85829191     773.78929013     372.85958106
     433.15005426    5242.89104329   28550.55143529    2235.46074738
     445.1903515      344.10049814     450.22161105     368.15673167
     378.81025472     333.49110229     520.08353885     418.70232808
    1201.83082317     411.04161952     398.75900727     408.89020502
     327.86676822     454.28739631     567.16893752     417.34994351
    1139.28713324     647.55556385     355.70417904    1233.00563413
     388.86980643    8491.33278871    2543.76633305     304.03879429
     919.3770309      673.82512576     352.1641308      308.8810085
     356.60951899     333.35173651     417.74931253   16927.51750949
    4842.71398785     295.5488406      331.57909434     322.56666841
     324.85651115     293.67368652     317.57898841     291.88606485
     306.98860277     282.50015258     307.30185287     271.47126582
     315.0458519      295.46919645     615.67899933     572.5962515
     259.27297921     302.26138304     294.35678558     363.20228969
     801.57428244     370.10035869     444.75707692     376.66025216
     284.79885811     292.5333136      290.28378947    2144.74877158
    4077.54423615     284.28673808     289.64168638     270.98879638
     506.83366193     297.35407062     362.62120618     320.54030159
    9396.38773443    1245.23043549     308.29886031     388.36529886
     351.2542712      402.2495175      490.8559695      355.35854683
     376.60146523     294.37567656     273.56203664     273.75340871
     843.51309859     496.61593066     268.74926056     989.1986458
     507.06270786     424.47201285     327.22559153     313.13167331
     346.36530444     393.31520876     332.39918022     330.14389098
     284.50695863     398.08605937     390.8976758      539.21180138
    1069.34892036     630.59726904     288.22047903     283.00050578
     397.67454012    2505.45811705    1286.42040063     310.86498086
     308.69209468     405.71511602     327.76569876     315.42487336
     294.439423      3852.92463427    2805.45489112     284.69293119
     249.43198516     267.27399393     285.51522335     299.0521516
     293.071476       303.74285415     352.71249041     392.84643094
     391.11211746     397.31975029     409.95505039     477.65217842
     714.37813679    1027.4570248      558.87350914     464.01860712
     411.25773458     296.33546554     304.55859554     306.89435251
     291.7170233      432.94736857     325.33484917     467.15407771
     327.5278992      321.23478585     348.1269675      298.61800346
     328.76846629     343.83368743     358.39725965     351.11916424
     391.29413905     343.22958094     401.78922202    1892.65306544
     997.5814363      679.09265351     402.15184578     624.61776727
     388.62810013    1021.81317369    2253.39517819     840.38217832
     359.01830831     380.84183727     370.88842166     398.31471969
     340.95567842     402.56632565     338.1671051      345.83748294
     285.4865044      322.15140041     258.10124147     292.3420551
     257.3499703      232.08629744     318.088351       314.85256129
     245.53297482     261.68035102     244.27881933     273.25097307
     312.27015543     260.39589818     297.55634321     248.20030267
     259.77191492     264.96845761     286.4150952      305.54116153
     277.4588744      311.90339708     322.05843736     298.87777914
     324.85875493     284.15718045     296.86174        316.39234911
     338.33804167     291.67014209     268.43804404     341.22046769
     394.00025766    1658.32421901     338.5352093      323.79213411
     396.23178959     637.0914542     1411.72081203    2996.13826753
    1345.78420273     532.2462772      403.42372268     452.2318315
     331.49785527     343.39991169     404.39265037     363.96442493
     356.20239725     353.75592055     340.4296496      370.73260667]
